0 0 0 0 0 0 0 0 0
0 0 0 0 0 0 0 0 0
0 0 0 0 0 0 0 0 0
0 0 0 0 0 0 0 0 0
0 0 0 0 0 0 0 0 0
0 0 0 0 0 0 0 0 0
0 0 0 0 0 0 0 0 0
0 0 0 0 0 0 0 0 0
0 0 0 0 0 0 0 0 0
0 0 0 0 0 0 0 0 0
0 0 0 0 0 0 0 0 0
0 0 0 0 0 0 0 0 0
0 0 0 0 0 0 0 0 0
0 0 0 0 0 0 0 0 0
0 0 0 0 0 0 0 0 0
0 0 0 0 0 0 0 0 0
0 0 0 0 0 0 0 0 0
0 0 0 0 0 0 0 0 0
0 0 0 0 0 0 0 0 0
0 0 0 0 0 0 0 0 0
0 0 0 0 0 0 0 0 0
0 0 0 0 0 0 0 0 0
0 0 0 0 0 0 0 0 0
0 0 0 0 0 0 0 0 0
0 0 0 0 0 0 0 0 0
0 0 0 0 0 0 0 0 0
0 0 0 0 0 0 0 0 0
0 0 0 0 0 0 0 0 0
0 0 0 0 0 0 0 0 0
0 0 0 0 0 0 0 0 0
0 0 0 0 0 0 0 0 0
0 0 0 0 0 0 0 0 0
0 0 0 0 0 0 0 0 0
0 0 0 0 0 0 0 0 0
0 0 0 0 0 0 0 0 0
0 0 0 0 0 0 0 0 0
0 0 21674 0 0 21648 0 0 21567
0 0 24115 0 0 24115 0 0 24115
0 0 24115 0 0 24115 0 0 24115
0 0 24115 0 0 24115 0 0 24115
0 0 24115 0 0 24115 0 0 24115
0 0 22911 0 0 22912 0 0 22919
0 0 15139 0 0 15150 0 0 15168
0 0 8095 0 0 8100 0 0 8112
0 0 3534 0 0 3535 0 0 3537
0 0 834 0 0 837 0 0 844
0 0 1 0 0 1 0 0 1
0 0 0 0 0 0 0 0 0
0 0 45859 0 0 45859 0 0 45859
0 0 45859 0 0 45859 0 0 45859
0 0 45191 0 0 45194 0 0 45203
0 0 29857 0 0 29871 0 0 29906
0 0 13625 0 0 13637 0 0 13655
0 0 1991 0 0 1999 0 0 2011
0 0 0 0 0 0 0 0 0
0 0 0 0 0 0 0 0 0
0 0 0 0 0 0 0 0 0
0 0 0 0 0 0 0 0 0
0 0 0 0 0 0 0 0 0
0 0 0 0 0 0 0 0 0
0 0 0 0 0 0 0 0 0
0 0 0 0 0 0 0 0 0
0 0 0 0 0 0 0 0 0
0 0 0 0 0 0 0 0 0
0 0 0 0 0 0 0 0 0
0 0 0 0 0 0 0 0 0
0 0 0 0 0 0 0 0 0
0 0 0 0 0 0 0 0 0
0 0 0 0 0 0 0 0 0
0 0 0 0 0 0 0 0 0
0 0 0 0 0 0 0 0 0
0 0 0 0 0 0 0 0 0
0 0 0 0 0 0 0 0 0
0 0 0 0 0 0 0 0 0
0 0 0 0 0 0 0 0 0
0 0 0 0 0 0 0 0 0
0 0 0 0 0 0 0 0 0
0 0 0 0 0 0 0 0 0
0 0 0 0 0 0 0 0 0
0 0 0 0 0 0 0 0 0
0 0 0 0 0 0 0 0 0
0 0 0 0 0 0 0 0 0
0 0 0 0 0 0 0 0 0
0 0 0 0 0 0 0 0 0
0 0 0 0 0 0 0 0 0
0 0 0 0 0 0 0 0 0
0 0 0 0 0 0 0 0 0
0 0 5 0 0 4 0 0 3
0 0 3415 0 0 3387 0 0 3269
0 0 6234 0 0 6233 0 0 6232
0 0 6235 0 0 6235 0 0 6235
0 0 6235 0 0 6235 0 0 6235
0 0 6235 0 0 6235 0 0 6235
0 0 6235 0 0 6235 0 0 6235
0 0 6235 0 0 6235 0 0 6235
0 0 6235 0 0 6235 0 0 6235
0 0 0 0 0 0 0 0 0
0 0 2006 0 0 1934 0 0 1778
0 0 29544 0 0 29430 0 0 29118
0 0 48448 0 0 48369 0 0 48157
0 0 54653 0 0 54652 0 0 54648
0 0 54678 0 0 54678 0 0 54678
0 0 54678 0 0 54678 0 0 54678
0 0 54678 0 0 54678 0 0 54678
0 0 54678 0 0 54678 0 0 54678
0 0 54678 0 0 54678 0 0 54678
0 0 54678 0 0 54678 0 0 54678
0 0 50750 0 0 50757 0 0 50775
0 0 48021 0 0 47896 0 0 47455
0 0 92048 0 0 91957 0 0 91714
0 0 95581 0 0 95581 0 0 95581
0 0 95581 0 0 95581 0 0 95581
0 0 95581 0 0 95581 0 0 95581
0 0 94002 0 0 94010 0 0 94020
0 0 81837 0 0 81846 0 0 81879
0 0 66922 0 0 66934 0 0 66968
0 0 52321 0 0 52336 0 0 52376
0 0 37676 0 0 37690 0 0 37719
0 0 23170 0 0 23185 0 0 23233
0 0 1652 0 0 1654 0 0 1670
0 0 43377 0 0 43377 0 0 43377
0 0 43377 0 0 43377 0 0 43377
0 0 42949 0 0 42950 0 0 42957
0 0 31620 0 0 31629 0 0 31652
0 0 16311 0 0 16317 0 0 16345
0 0 2824 0 0 2825 0 0 2840
0 0 2 0 0 2 0 0 2
0 0 0 0 0 0 0 0 0
0 0 0 0 0 0 0 0 0
0 0 0 0 0 0 0 0 0
0 0 0 0 0 0 0 0 0
0 0 0 0 0 0 0 0 0
0 0 0 0 0 0 0 0 0
0 0 0 0 0 0 0 0 0
0 0 0 0 0 0 0 0 0
0 0 0 0 0 0 0 0 0
0 0 0 0 0 0 0 0 0
0 0 0 0 0 0 0 0 0
0 0 0 0 0 0 0 0 0
0 0 0 0 0 0 0 0 0
0 0 0 0 0 0 0 0 0
0 0 0 0 0 0 0 0 0
0 0 0 0 0 0 0 0 0
0 0 0 0 0 0 0 0 0
0 0 0 0 0 0 0 0 0
0 0 0 0 0 0 0 0 0
0 0 0 0 0 0 0 0 0
0 0 0 0 0 0 0 0 0
0 0 0 0 0 0 0 0 0
0 0 0 0 0 0 0 0 0
0 0 1248 0 0 1206 0 0 1102
0 0 8847 0 0 8779 0 0 8606
0 0 14599 0 0 14562 0 0 14460
0 0 17117 0 0 17107 0 0 17072
0 0 17419 0 0 17419 0 0 17419
0 0 17419 0 0 17419 0 0 17419
0 0 0 0 0 0 0 0 0
0 0 0 0 0 0 0 0 0
0 0 0 0 0 0 0 0 0
0 0 9 0 0 8 0 0 6
0 0 8036 0 0 7923 0 0 7598
0 0 25530 0 0 25416 0 0 25069
0 0 38604 0 0 38540 0 0 38366
0 0 40736 0 0 40736 0 0 40736
0 0 40737 0 0 40737 0 0 40737
0 0 40737 0 0 40737 0 0 40737
0 0 40737 0 0 40737 0 0 40737
0 0 40737 0 0 40737 0 0 40737
0 0 0 0 0 0 0 0 0
0 0 950 0 0 927 0 0 841
0 0 18530 0 0 18442 0 0 18160
0 0 37167 0 0 37078 0 0 36768
0 0 47761 0 0 47757 0 0 47739
0 0 47840 0 0 47840 0 0 47840
0 0 47840 0 0 47840 0 0 47840
0 0 47840 0 0 47840 0 0 47840
0 0 47840 0 0 47840 0 0 47840
0 0 47840 0 0 47840 0 0 47840
0 0 47840 0 0 47840 0 0 47840
0 0 45883 0 0 45884 0 0 45891
0 0 20350 0 0 20292 0 0 20108
0 0 39458 0 0 39406 0 0 39263
0 0 41250 0 0 41250 0 0 41250
0 0 41250 0 0 41250 0 0 41250
0 0 41250 0 0 41250 0 0 41250
0 0 40624 0 0 40625 0 0 40629
0 0 35528 0 0 35533 0 0 35547
0 0 29080 0 0 29084 0 0 29101
0 0 22916 0 0 22925 0 0 22940
0 0 16805 0 0 16808 0 0 16820
0 0 10661 0 0 10666 0 0 10686
0 0 837 0 0 842 0 0 850
0 0 17023 0 0 17023 0 0 17023
0 0 17023 0 0 17023 0 0 17023
0 0 16875 0 0 16876 0 0 16878
0 0 12750 0 0 12752 0 0 12762
0 0 6748 0 0 6750 0 0 6759
0 0 1190 0 0 1194 0 0 1200
0 0 1 0 0 1 0 0 1
0 0 0 0 0 0 0 0 0
0 0 0 0 0 0 0 0 0
0 0 0 0 0 0 0 0 0
0 0 0 0 0 0 0 0 0
0 0 0 0 0 0 0 0 0
0 0 0 0 0 0 0 0 0
0 0 0 0 0 0 0 0 0
0 0 0 0 0 0 0 0 0
0 0 0 0 0 0 0 0 0
0 0 0 0 0 0 0 0 0
0 0 0 0 0 0 0 0 0
0 0 0 0 0 0 0 0 0
0 0 0 0 0 0 0 0 0
0 0 0 0 0 0 0 0 0
0 0 0 0 0 0 0 0 0
0 0 0 0 0 0 0 0 0
0 0 0 0 0 0 0 0 0
0 0 0 0 0 0 0 0 0
0 0 0 0 0 0 0 0 0
0 0 0 0 0 0 0 0 0
0 0 0 0 0 0 0 0 0
0 0 0 0 0 0 0 0 0
0 0 0 0 0 0 0 0 0
0 0 996 0 0 976 0 0 875
0 0 8874 0 0 8800 0 0 8525
0 0 18350 0 0 18260 0 0 18031
0 0 27437 0 0 27355 0 0 27105
0 0 35866 0 0 35781 0 0 35550
0 0 41129 0 0 41090 0 0 41003
0 0 0 0 0 0 0 0 0
0 0 0 0 0 0 0 0 0
0 0 0 0 0 0 0 0 0
0 0 4 0 0 4 0 0 4
0 0 4472 0 0 4412 0 0 4232
0 0 14566 0 0 14486 0 0 14296
0 0 23531 0 0 23489 0 0 23360
0 0 25468 0 0 25468 0 0 25467
0 0 25468 0 0 25468 0 0 25468
0 0 25468 0 0 25468 0 0 25468
0 0 25468 0 0 25468 0 0 25468
0 0 25468 0 0 25468 0 0 25468
0 0 0 0 0 0 0 0 0
0 0 541 0 0 530 0 0 476
0 0 10388 0 0 10340 0 0 10204
0 0 21100 0 0 21042 0 0 20885
0 0 26935 0 0 26932 0 0 26921
0 0 26975 0 0 26975 0 0 26975
0 0 26975 0 0 26975 0 0 26975
0 0 26975 0 0 26975 0 0 26975
0 0 26975 0 0 26975 0 0 26975
0 0 26975 0 0 26975 0 0 26975
0 0 26975 0 0 26975 0 0 26975
0 0 25918 0 0 25918 0 0 25925
0 0 10865 0 0 10830 0 0 10734
0 0 21020 0 0 20999 0 0 20933
0 0 22100 0 0 22100 0 0 22100
0 0 22100 0 0 22100 0 0 22100
0 0 22100 0 0 22100 0 0 22100
0 0 21760 0 0 21760 0 0 21764
0 0 19197 0 0 19201 0 0 19210
0 0 15854 0 0 15855 0 0 15858
0 0 12419 0 0 12420 0 0 12436
0 0 9086 0 0 9088 0 0 9097
0 0 5868 0 0 5873 0 0 5882
0 0 523 0 0 523 0 0 530
0 0 8589 0 0 8589 0 0 8589
0 0 8589 0 0 8589 0 0 8589
0 0 8509 0 0 8509 0 0 8511
0 0 6385 0 0 6388 0 0 6397
0 0 3483 0 0 3484 0 0 3489
0 0 620 0 0 622 0 0 628
0 0 0 0 0 0 0 0 0
0 0 0 0 0 0 0 0 0
0 0 0 0 0 0 0 0 0
0 0 0 0 0 0 0 0 0
0 0 0 0 0 0 0 0 0
0 0 0 0 0 0 0 0 0
0 0 0 0 0 0 0 0 0
0 0 0 0 0 0 0 0 0
0 0 0 0 0 0 0 0 0
0 0 0 0 0 0 0 0 0
0 0 0 0 0 0 0 0 0
0 0 0 0 0 0 0 0 0
0 0 0 0 0 0 0 0 0
0 0 0 0 0 0 0 0 0
0 0 0 0 0 0 0 0 0
0 0 0 0 0 0 0 0 0
0 0 0 0 0 0 0 0 0
0 0 0 0 0 0 0 0 0
0 0 0 0 0 0 0 0 0
0 0 0 0 0 0 0 0 0
0 0 0 0 0 0 0 0 0
0 0 0 0 0 0 0 0 0
0 0 0 0 0 0 0 0 0
0 0 0 0 0 0 0 0 0
0 0 1079 0 0 1049 0 0 961
0 0 9829 0 0 9741 0 0 9482
0 0 20274 0 0 20168 0 0 19920
0 0 30379 0 0 30264 0 0 29984
0 0 40495 0 0 40398 0 0 40100
0 0 49096 0 0 49018 0 0 48816
0 0 0 0 0 0 0 0 0
0 0 0 0 0 0 0 0 0
0 0 0 0 0 0 0 0 0
0 0 4 0 0 4 0 0 2
0 0 4840 0 0 4776 0 0 4578
0 0 16119 0 0 16047 0 0 15811
0 0 25816 0 0 25769 0 0 25619
0 0 27881 0 0 27881 0 0 27880
0 0 27881 0 0 27881 0 0 27881
0 0 27881 0 0 27881 0 0 27881
0 0 27881 0 0 27881 0 0 27881
0 0 27881 0 0 27881 0 0 27881
0 0 0 0 0 0 0 0 0
0 0 552 0 0 530 0 0 481
0 0 11226 0 0 11173 0 0 10985
0 0 22662 0 0 22616 0 0 22453
0 0 29098 0 0 29094 0 0 29081
0 0 29149 0 0 29149 0 0 29149
0 0 29149 0 0 29149 0 0 29149
0 0 29149 0 0 29149 0 0 29149
0 0 29149 0 0 29149 0 0 29149
0 0 29149 0 0 29149 0 0 29149
0 0 29149 0 0 29149 0 0 29149
0 0 28006 0 0 28010 0 0 28020
0 0 10971 0 0 10926 0 0 10826
0 0 22248 0 0 22218 0 0 22153
0 0 23393 0 0 23393 0 0 23393
0 0 23393 0 0 23393 0 0 23393
0 0 23393 0 0 23393 0 0 23393
0 0 23040 0 0 23042 0 0 23045
0 0 20335 0 0 20335 0 0 20345
0 0 17022 0 0 17023 0 0 17032
0 0 13537 0 0 13542 0 0 13551
0 0 10009 0 0 10012 0 0 10024
0 0 6358 0 0 6359 0 0 6372
0 0 578 0 0 580 0 0 585
0 0 9044 0 0 9044 0 0 9044
0 0 9044 0 0 9044 0 0 9044
0 0 8963 0 0 8964 0 0 8965
0 0 6515 0 0 6517 0 0 6521
0 0 3525 0 0 3527 0 0 3532
0 0 578 0 0 579 0 0 585
0 0 0 0 0 0 0 0 0
0 0 0 0 0 0 0 0 0
0 0 0 0 0 0 0 0 0
0 0 0 0 0 0 0 0 0
0 0 0 0 0 0 0 0 0
0 0 0 0 0 0 0 0 0
0 0 0 0 0 0 0 0 0
0 0 0 0 0 0 0 0 0
0 0 0 0 0 0 0 0 0
0 0 0 0 0 0 0 0 0
0 0 0 0 0 0 0 0 0
0 0 0 0 0 0 0 0 0
0 0 0 0 0 0 0 0 0
0 0 0 0 0 0 0 0 0
0 0 0 0 0 0 0 0 0
0 0 0 0 0 0 0 0 0
0 0 0 0 0 0 0 0 0
0 0 0 0 0 0 0 0 0
0 0 0 0 0 0 0 0 0
0 0 0 0 0 0 0 0 0
0 0 0 0 0 0 0 0 0
0 0 0 0 0 0 0 0 0
0 0 0 0 0 0 0 0 0
0 0 0 0 0 0 0 0 0
0 0 864 0 0 833 0 0 758
0 0 8265 0 0 8190 0 0 7978
0 0 17364 0 0 17293 0 0 17056
0 0 26406 0 0 26320 0 0 26086
0 0 35294 0 0 35205 0 0 34938
0 0 42740 0 0 42687 0 0 42505
0 0 0 0 0 0 0 0 0
0 0 0 0 0 0 0 0 0
0 0 0 0 0 0 0 0 0
0 0 2 0 0 2 0 0 2
0 0 4223 0 0 4163 0 0 3999
0 0 13841 0 0 13784 0 0 13602
0 0 22260 0 0 22221 0 0 22099
0 0 23973 0 0 23973 0 0 23973
0 0 23976 0 0 23976 0 0 23976
0 0 23976 0 0 23976 0 0 23976
0 0 23976 0 0 23976 0 0 23976
0 0 23976 0 0 23976 0 0 23976
0 0 0 0 0 0 0 0 0
0 0 492 0 0 476 0 0 436
0 0 9374 0 0 9321 0 0 9184
0 0 19340 0 0 19300 0 0 19127
0 0 24767 0 0 24764 0 0 24756
0 0 24802 0 0 24802 0 0 24802
0 0 24802 0 0 24802 0 0 24802
0 0 24802 0 0 24802 0 0 24802
0 0 24802 0 0 24802 0 0 24802
0 0 24802 0 0 24802 0 0 24802
0 0 24802 0 0 24802 0 0 24802
0 0 23823 0 0 23824 0 0 23827
0 0 9066 0 0 9035 0 0 8963
0 0 18110 0 0 18087 0 0 18010
0 0 18995 0 0 18995 0 0 18995
0 0 18995 0 0 18995 0 0 18995
0 0 18995 0 0 18995 0 0 18995
0 0 18714 0 0 18715 0 0 18717
0 0 16385 0 0 16385 0 0 16394
0 0 13633 0 0 13634 0 0 13641
0 0 10853 0 0 10854 0 0 10860
0 0 7993 0 0 7999 0 0 8004
0 0 5177 0 0 5179 0 0 5186
0 0 424 0 0 424 0 0 430
0 0 7694 0 0 7694 0 0 7694
0 0 7694 0 0 7694 0 0 7694
0 0 7626 0 0 7626 0 0 7626
0 0 5568 0 0 5569 0 0 5573
0 0 2924 0 0 2925 0 0 2927
0 0 551 0 0 553 0 0 553
0 0 0 0 0 0 0 0 0
0 0 0 0 0 0 0 0 0
0 0 0 0 0 0 0 0 0
0 0 0 0 0 0 0 0 0
0 0 0 0 0 0 0 0 0
0 0 0 0 0 0 0 0 0
0 0 0 0 0 0 0 0 0
0 0 0 0 0 0 0 0 0
0 0 0 0 0 0 0 0 0
0 0 0 0 0 0 0 0 0
0 0 0 0 0 0 0 0 0
0 0 0 0 0 0 0 0 0
0 0 0 0 0 0 0 0 0
0 0 0 0 0 0 0 0 0
0 0 0 0 0 0 0 0 0
0 0 0 0 0 0 0 0 0
0 0 0 0 0 0 0 0 0
0 0 0 0 0 0 0 0 0
0 0 0 0 0 0 0 0 0
0 0 0 0 0 0 0 0 0
0 0 0 0 0 0 0 0 0
0 0 0 0 0 0 0 0 0
0 0 0 0 0 0 0 0 0
0 0 0 0 0 0 0 0 0
0 0 394 0 0 374 0 0 335
0 0 3619 0 0 3587 0 0 3489
0 0 7581 0 0 7534 0 0 7430
0 0 11473 0 0 11436 0 0 11305
0 0 15349 0 0 15305 0 0 15181
0 0 18530 0 0 18514 0 0 18446
0 0 0 0 0 0 0 0 0
0 0 0 0 0 0 0 0 0
0 0 0 0 0 0 0 0 0
0 0 1 0 0 1 0 0 1
0 0 1837 0 0 1820 0 0 1761
0 0 5840 0 0 5801 0 0 5709
0 0 9404 0 0 9383 0 0 9324
0 0 10104 0 0 10104 0 0 10103
0 0 10104 0 0 10104 0 0 10104
0 0 10104 0 0 10104 0 0 10104
0 0 10104 0 0 10104 0 0 10104
0 0 10104 0 0 10104 0 0 10104
0 0 0 0 0 0 0 0 0
0 0 226 0 0 216 0 0 204
0 0 3710 0 0 3689 0 0 3630
0 0 7819 0 0 7801 0 0 7737
0 0 10066 0 0 10066 0 0 10063
0 0 10093 0 0 10093 0 0 10093
0 0 10093 0 0 10093 0 0 10093
0 0 10093 0 0 10093 0 0 10093
0 0 10093 0 0 10093 0 0 10093
0 0 10093 0 0 10093 0 0 10093
0 0 10093 0 0 10093 0 0 10093
0 0 9627 0 0 9628 0 0 9632
0 0 4097 0 0 4088 0 0 4040
0 0 7973 0 0 7961 0 0 7927
0 0 8329 0 0 8329 0 0 8329
0 0 8329 0 0 8329 0 0 8329
0 0 8329 0 0 8329 0 0 8329
0 0 8199 0 0 8199 0 0 8201
0 0 7216 0 0 7217 0 0 7218
0 0 5964 0 0 5965 0 0 5967
0 0 4662 0 0 4665 0 0 4665
0 0 3406 0 0 3408 0 0 3414
0 0 2191 0 0 2193 0 0 2197
0 0 170 0 0 170 0 0 171
0 0 3476 0 0 3476 0 0 3476
0 0 3476 0 0 3476 0 0 3476
0 0 3447 0 0 3448 0 0 3448
0 0 2509 0 0 2510 0 0 2511
0 0 1277 0 0 1277 0 0 1279
0 0 205 0 0 207 0 0 207
0 0 0 0 0 0 0 0 0
0 0 0 0 0 0 0 0 0
0 0 0 0 0 0 0 0 0
0 0 0 0 0 0 0 0 0
0 0 0 0 0 0 0 0 0
0 0 0 0 0 0 0 0 0
0 0 0 0 0 0 0 0 0
0 0 0 0 0 0 0 0 0
0 0 0 0 0 0 0 0 0
0 0 0 0 0 0 0 0 0
0 0 0 0 0 0 0 0 0
0 0 0 0 0 0 0 0 0
0 0 0 0 0 0 0 0 0
0 0 0 0 0 0 0 0 0
0 0 0 0 0 0 0 0 0
0 0 0 0 0 0 0 0 0
0 0 0 0 0 0 0 0 0
0 0 0 0 0 0 0 0 0
0 0 0 0 0 0 0 0 0
0 0 0 0 0 0 0 0 0
0 0 0 0 0 0 0 0 0
0 0 0 0 0 0 0 0 0
0 0 0 0 0 0 0 0 0
0 0 0 0 0 0 0 0 0
0 0 226 0 0 222 0 0 203
0 0 1907 0 0 1894 0 0 1842
0 0 4109 0 0 4084 0 0 4032
0 0 6286 0 0 6271 0 0 6221
0 0 8327 0 0 8303 0 0 8243
0 0 10040 0 0 10023 0 0 9982
0 0 0 0 0 0 0 0 0
0 0 0 0 0 0 0 0 0
0 0 0 0 0 0 0 0 0
0 0 2 0 0 2 0 0 2
0 0 986 0 0 968 0 0 932
0 0 3117 0 0 3106 0 0 3063
0 0 5089 0 0 5081 0 0 5057
0 0 5509 0 0 5509 0 0 5509
0 0 5509 0 0 5509 0 0 5509
0 0 5509 0 0 5509 0 0 5509
0 0 5509 0 0 5509 0 0 5509
0 0 5509 0 0 5509 0 0 5509
0 0 0 0 0 0 0 0 0
0 0 103 0 0 99 0 0 88
0 0 2047 0 0 2036 0 0 2014
0 0 4189 0 0 4179 0 0 4149
0 0 5413 0 0 5413 0 0 5412
0 0 5431 0 0 5431 0 0 5431
0 0 5431 0 0 5431 0 0 5431
0 0 5431 0 0 5431 0 0 5431
0 0 5431 0 0 5431 0 0 5431
0 0 5431 0 0 5431 0 0 5431
0 0 5431 0 0 5431 0 0 5431
0 0 5219 0 0 5219 0 0 5220
0 0 2058 0 0 2054 0 0 2044
0 0 4139 0 0 4133 0 0 4123
0 0 4334 0 0 4334 0 0 4334
0 0 4334 0 0 4334 0 0 4334
0 0 4334 0 0 4334 0 0 4334
0 0 4265 0 0 4265 0 0 4267
0 0 3733 0 0 3734 0 0 3736
0 0 3075 0 0 3075 0 0 3077
0 0 2463 0 0 2464 0 0 2464
0 0 1821 0 0 1822 0 0 1824
0 0 1167 0 0 1170 0 0 1174
0 0 105 0 0 105 0 0 107
0 0 1886 0 0 1886 0 0 1886
0 0 1886 0 0 1886 0 0 1886
0 0 1869 0 0 1870 0 0 1870
0 0 1377 0 0 1377 0 0 1378
0 0 726 0 0 727 0 0 729
0 0 136 0 0 136 0 0 137
0 0 0 0 0 0 0 0 0
0 0 0 0 0 0 0 0 0
0 0 0 0 0 0 0 0 0
0 0 0 0 0 0 0 0 0
0 0 0 0 0 0 0 0 0
0 0 0 0 0 0 0 0 0
0 0 0 0 0 0 0 0 0
0 0 0 0 0 0 0 0 0
0 0 0 0 0 0 0 0 0
0 0 0 0 0 0 0 0 0
0 0 0 0 0 0 0 0 0
0 0 0 0 0 0 0 0 0
0 0 0 0 0 0 0 0 0
0 0 0 0 0 0 0 0 0
0 0 0 0 0 0 0 0 0
0 0 0 0 0 0 0 0 0
0 0 0 0 0 0 0 0 0
0 0 0 0 0 0 0 0 0
0 0 0 0 0 0 0 0 0
0 0 0 0 0 0 0 0 0
0 0 0 0 0 0 0 0 0
0 0 0 0 0 0 0 0 0
0 0 0 0 0 0 0 0 0
0 0 0 0 0 0 0 0 0
0 0 252 0 0 245 0 0 217
0 0 2161 0 0 2142 0 0 2072
0 0 4436 0 0 4415 0 0 4353
0 0 6567 0 0 6536 0 0 6472
0 0 8512 0 0 8492 0 0 8440
0 0 9734 0 0 9729 0 0 9713
0 0 0 0 0 0 0 0 0
0 0 0 0 0 0 0 0 0
0 0 0 0 0 0 0 0 0
0 0 2 0 0 2 0 0 2
0 0 1012 0 0 1005 0 0 967
0 0 3330 0 0 3311 0 0 3267
0 0 5384 0 0 5373 0 0 5356
0 0 5832 0 0 5831 0 0 5831
0 0 5834 0 0 5834 0 0 5834
0 0 5834 0 0 5834 0 0 5834
0 0 5834 0 0 5834 0 0 5834
0 0 5834 0 0 5834 0 0 5834
0 0 0 0 0 0 0 0 0
0 0 112 0 0 105 0 0 97
0 0 2287 0 0 2276 0 0 2251
0 0 4577 0 0 4561 0 0 4512
0 0 5883 0 0 5883 0 0 5882
0 0 5893 0 0 5893 0 0 5893
0 0 5893 0 0 5893 0 0 5893
0 0 5893 0 0 5893 0 0 5893
0 0 5893 0 0 5893 0 0 5893
0 0 5893 0 0 5893 0 0 5893
0 0 5893 0 0 5893 0 0 5893
0 0 5634 0 0 5634 0 0 5637
0 0 2335 0 0 2331 0 0 2315
0 0 4639 0 0 4632 0 0 4618
0 0 4882 0 0 4882 0 0 4882
0 0 4882 0 0 4882 0 0 4882
0 0 4882 0 0 4882 0 0 4882
0 0 4812 0 0 4812 0 0 4812
0 0 4264 0 0 4264 0 0 4266
0 0 3503 0 0 3504 0 0 3504
0 0 2781 0 0 2782 0 0 2783
0 0 2074 0 0 2075 0 0 2077
0 0 1369 0 0 1369 0 0 1372
0 0 122 0 0 122 0 0 124
0 0 2098 0 0 2098 0 0 2098
0 0 2098 0 0 2098 0 0 2098
0 0 2074 0 0 2074 0 0 2074
0 0 1522 0 0 1524 0 0 1524
0 0 795 0 0 795 0 0 795
0 0 137 0 0 137 0 0 138
0 0 0 0 0 0 0 0 0
0 0 0 0 0 0 0 0 0
0 0 0 0 0 0 0 0 0
0 0 0 0 0 0 0 0 0
0 0 0 0 0 0 0 0 0
0 0 0 0 0 0 0 0 0
0 0 0 0 0 0 0 0 0
0 0 0 0 0 0 0 0 0
0 0 0 0 0 0 0 0 0
0 0 0 0 0 0 0 0 0
0 0 0 0 0 0 0 0 0
0 0 0 0 0 0 0 0 0
0 0 0 0 0 0 0 0 0
0 0 0 0 0 0 0 0 0
0 0 0 0 0 0 0 0 0
0 0 0 0 0 0 0 0 0
0 0 0 0 0 0 0 0 0
0 0 0 0 0 0 0 0 0
