0 0 0 0 0 0 0 0 0 0 0 0 0 0 0 0 0 0 0 0 0 0 0 0
0 0 0 0 0 0 0 0 0 0 0 0 0 0 0 0 0 0 0 0 0 0 0 0
0 0 0 0 0 0 0 0 0 0 0 0 0 0 0 0 0 0 0 0 0 0 0 0
0 0 0 0 0 0 0 0 0 0 0 0 0 0 0 0 0 0 0 0 0 0 0 0
0 0 0 0 0 0 0 0 0 0 0 0 0 0 0 0 0 0 0 0 0 0 0 0
0 0 0 0 0 0 0 0 0 0 0 0 0 0 0 0 0 0 0 0 0 0 0 0
0 0 0 0 0 0 0 0 0 0 0 0 0 0 0 0 0 0 0 0 0 0 0 0
0 0 0 0 0 0 0 0 0 0 0 0 0 0 0 0 0 0 0 0 0 0 0 0
0 0 0 0 0 0 0 0 0 0 0 0 0 0 0 0 0 0 0 0 0 0 0 0
0 0 0 0 0 0 0 0 0 0 0 0 0 0 0 0 0 0 0 0 0 0 0 0
0 0 0 0 0 0 0 0 0 0 0 0 0 0 0 0 0 0 0 0 0 0 0 0
0 0 0 0 0 0 0 0 0 0 0 0 0 0 0 0 0 0 0 0 0 0 0 0
0 0 0 0 0 0 0 0 0 0 0 0 0 0 0 0 0 0 0 0 0 0 0 0
0 0 0 0 0 0 0 0 0 0 0 0 0 0 0 0 0 0 0 0 0 0 0 0
0 0 0 0 0 0 0 0 0 0 0 0 0 0 0 0 0 0 0 0 0 0 0 0
0 0 0 0 0 0 0 0 0 0 0 0 0 0 0 0 0 0 0 0 0 0 0 0
0 0 0 0 0 0 0 0 0 0 0 0 0 0 0 0 0 0 0 0 0 0 0 0
0 0 0 0 0 0 0 0 0 0 0 0 0 0 0 0 0 0 0 0 0 0 0 0
0 0 0 0 0 0 0 0 0 0 0 0 0 0 0 0 0 0 0 0 0 0 0 0
0 0 0 0 0 0 0 0 0 0 0 0 0 0 0 0 0 0 0 0 0 0 0 0
0 0 0 0 0 0 0 0 0 0 0 0 0 0 0 0 0 0 0 0 0 0 0 0
0 0 0 0 0 0 0 0 0 0 0 0 0 0 0 0 0 0 0 0 0 0 0 0
0 0 0 0 0 0 0 0 0 0 0 0 0 0 0 0 0 0 0 0 0 0 0 0
0 0 0 0 0 0 0 0 0 0 0 0 0 0 0 0 0 0 0 0 0 0 0 0
0 0 0 0 0 0 0 0 0 0 0 0 0 0 0 0 0 0 0 0 0 0 0 0
0 0 0 0 0 0 0 0 0 0 0 0 0 0 0 0 0 0 0 0 0 0 0 0
0 0 0 0 0 0 0 0 0 0 0 0 0 0 0 0 0 0 0 0 0 0 0 0
0 0 0 0 0 0 0 0 0 0 0 0 0 0 0 0 0 0 0 0 0 0 0 0
0 0 0 0 0 0 0 0 0 0 0 0 0 0 0 0 0 0 0 0 0 0 0 0
0 0 0 0 0 0 0 0 0 0 0 0 0 0 0 0 0 0 0 0 0 0 0 0
0 0 0 0 0 0 0 0 0 0 0 0 0 0 0 0 0 0 0 0 0 0 0 0
0 0 0 0 0 0 0 0 0 0 0 0 0 0 0 0 0 0 0 0 0 0 0 0
0 0 0 0 0 0 0 0 0 0 0 0 0 0 0 0 0 0 0 0 0 0 0 0
0 0 0 0 0 0 0 0 0 0 0 0 0 0 0 0 0 0 0 0 0 0 0 0
0 0 0 0 0 0 0 0 0 0 0 0 0 0 0 0 0 0 0 0 0 0 0 0
0 0 0 0 0 0 0 165 0 0 0 0 0 0 0 165 0 0 0 0 0 0 0 165
0 0 0 0 5435 5500 5375 5379 0 0 0 0 5432 5492 5368 5371 0 0 0 0 5410 5465 5353 5354
0 0 0 0 6047 6128 5991 5949 0 0 0 0 6047 6128 5991 5949 0 0 0 0 6047 6128 5991 5949
0 0 0 0 6047 6128 5991 5949 0 0 0 0 6047 6128 5991 5949 0 0 0 0 6047 6128 5991 5949
0 0 0 0 6047 6128 5991 5949 0 0 0 0 6047 6128 5991 5949 0 0 0 0 6047 6128 5991 5949
0 0 0 0 6047 6128 5991 5937 0 0 0 0 6047 6128 5991 5937 0 0 0 0 6047 6128 5991 5937
0 0 0 0 5776 5815 5675 5592 0 0 0 0 5776 5816 5675 5592 0 0 0 0 5776 5817 5679 5594
0 0 0 0 3807 3834 3770 3673 0 0 0 0 3808 3839 3774 3674 0 0 0 0 3812 3842 3781 3678
0 0 0 0 2058 2078 1997 1927 0 0 0 0 2058 2079 1997 1931 0 0 0 0 2061 2079 2002 1935
0 0 0 0 902 921 864 828 0 0 0 0 902 922 864 828 0 0 0 0 903 922 865 828
0 0 0 0 223 237 189 179 0 0 0 0 224 238 190 179 0 0 0 0 226 240 191 181
0 0 0 0 0 1 0 0 0 0 0 0 0 1 0 0 0 0 0 0 0 1 0 0
0 0 0 0 0 0 0 333 0 0 0 0 0 0 0 333 0 0 0 0 0 0 0 333
0 0 0 0 11709 11596 11164 11390 0 0 0 0 11709 11596 11164 11390 0 0 0 0 11709 11596 11164 11390
0 0 0 0 11709 11596 11164 11386 0 0 0 0 11709 11596 11164 11386 0 0 0 0 11709 11596 11164 11386
0 0 0 0 11550 11416 11004 11117 0 0 0 0 11551 11417 11004 11118 0 0 0 0 11554 11420 11006 11119
0 0 0 0 7577 7618 7286 7254 0 0 0 0 7583 7621 7291 7254 0 0 0 0 7591 7631 7299 7264
0 0 0 0 3494 3488 3319 3235 0 0 0 0 3497 3492 3321 3238 0 0 0 0 3499 3495 3328 3243
0 0 0 0 517 515 475 470 0 0 0 0 517 515 481 472 0 0 0 0 520 517 483 477
0 0 0 0 0 0 0 0 0 0 0 0 0 0 0 0 0 0 0 0 0 0 0 0
0 0 0 0 0 0 0 0 0 0 0 0 0 0 0 0 0 0 0 0 0 0 0 0
0 0 0 0 0 0 0 0 0 0 0 0 0 0 0 0 0 0 0 0 0 0 0 0
0 0 0 0 0 0 0 0 0 0 0 0 0 0 0 0 0 0 0 0 0 0 0 0
0 0 0 0 0 0 0 0 0 0 0 0 0 0 0 0 0 0 0 0 0 0 0 0
0 0 0 0 0 0 0 0 0 0 0 0 0 0 0 0 0 0 0 0 0 0 0 0
0 0 0 0 0 0 0 0 0 0 0 0 0 0 0 0 0 0 0 0 0 0 0 0
0 0 0 0 0 0 0 0 0 0 0 0 0 0 0 0 0 0 0 0 0 0 0 0
0 0 0 0 0 0 0 0 0 0 0 0 0 0 0 0 0 0 0 0 0 0 0 0
0 0 0 0 0 0 0 0 0 0 0 0 0 0 0 0 0 0 0 0 0 0 0 0
0 0 0 0 0 0 0 0 0 0 0 0 0 0 0 0 0 0 0 0 0 0 0 0
0 0 0 0 0 0 0 0 0 0 0 0 0 0 0 0 0 0 0 0 0 0 0 0
0 0 0 0 0 0 0 0 0 0 0 0 0 0 0 0 0 0 0 0 0 0 0 0
0 0 0 0 0 0 0 0 0 0 0 0 0 0 0 0 0 0 0 0 0 0 0 0
0 0 0 0 0 0 0 0 0 0 0 0 0 0 0 0 0 0 0 0 0 0 0 0
0 0 0 0 0 0 0 0 0 0 0 0 0 0 0 0 0 0 0 0 0 0 0 0
0 0 0 0 0 0 0 0 0 0 0 0 0 0 0 0 0 0 0 0 0 0 0 0
0 0 0 0 0 0 0 0 0 0 0 0 0 0 0 0 0 0 0 0 0 0 0 0
0 0 0 0 0 0 0 0 0 0 0 0 0 0 0 0 0 0 0 0 0 0 0 0
0 0 0 0 0 0 0 0 0 0 0 0 0 0 0 0 0 0 0 0 0 0 0 0
0 0 0 0 0 0 0 0 0 0 0 0 0 0 0 0 0 0 0 0 0 0 0 0
0 0 0 0 0 0 0 0 0 0 0 0 0 0 0 0 0 0 0 0 0 0 0 0
0 0 0 0 0 0 0 0 0 0 0 0 0 0 0 0 0 0 0 0 0 0 0 0
0 0 0 0 0 0 0 0 0 0 0 0 0 0 0 0 0 0 0 0 0 0 0 0
0 0 0 0 0 0 0 0 0 0 0 0 0 0 0 0 0 0 0 0 0 0 0 0
0 0 0 0 0 0 0 0 0 0 0 0 0 0 0 0 0 0 0 0 0 0 0 0
0 0 0 0 0 0 0 0 0 0 0 0 0 0 0 0 0 0 0 0 0 0 0 0
0 0 0 0 0 0 0 0 0 0 0 0 0 0 0 0 0 0 0 0 0 0 0 0
0 0 0 0 0 0 0 0 0 0 0 0 0 0 0 0 0 0 0 0 0 0 0 0
0 0 0 0 0 0 0 0 0 0 0 0 0 0 0 0 0 0 0 0 0 0 0 0
0 0 0 0 0 0 0 0 0 0 0 0 0 0 0 0 0 0 0 0 0 0 0 0
0 0 0 0 0 0 0 0 0 0 0 0 0 0 0 0 0 0 0 0 0 0 0 0
0 0 0 0 0 0 0 0 0 0 0 0 0 0 0 0 0 0 0 0 0 0 0 0
0 0 0 0 1 2 0 24 0 0 0 0 1 2 0 22 0 0 0 0 1 2 0 21
0 0 0 0 880 902 796 859 0 0 0 0 875 896 789 850 0 0 0 0 845 863 765 819
0 0 0 0 1646 1577 1493 1518 0 0 0 0 1646 1577 1492 1518 0 0 0 0 1646 1577 1492 1517
0 0 0 0 1646 1578 1493 1518 0 0 0 0 1646 1578 1493 1518 0 0 0 0 1646 1578 1493 1518
0 0 0 0 1646 1578 1493 1518 0 0 0 0 1646 1578 1493 1518 0 0 0 0 1646 1578 1493 1518
0 0 0 0 1646 1578 1493 1518 0 0 0 0 1646 1578 1493 1518 0 0 0 0 1646 1578 1493 1518
0 0 0 0 1646 1578 1493 1518 0 0 0 0 1646 1578 1493 1518 0 0 0 0 1646 1578 1493 1518
0 0 0 0 1646 1578 1493 1518 0 0 0 0 1646 1578 1493 1518 0 0 0 0 1646 1578 1493 1518
0 0 0 0 1646 1578 1493 1474 0 0 0 0 1646 1578 1493 1474 0 0 0 0 1646 1578 1493 1474
0 0 0 0 0 0 0 8 0 0 0 0 0 0 0 7 0 0 0 0 0 0 0 7
0 0 0 0 491 518 518 660 0 0 0 0 473 501 502 640 0 0 0 0 438 461 461 597
0 0 0 0 7410 7336 7345 7589 0 0 0 0 7384 7303 7317 7562 0 0 0 0 7313 7229 7225 7489
0 0 0 0 12273 12146 12006 12080 0 0 0 0 12246 12130 11981 12069 0 0 0 0 12195 12080 11912 12028
0 0 0 0 13798 13734 13509 13612 0 0 0 0 13798 13734 13509 13611 0 0 0 0 13797 13733 13509 13609
0 0 0 0 13806 13743 13515 13614 0 0 0 0 13806 13743 13515 13614 0 0 0 0 13806 13743 13515 13614
0 0 0 0 13806 13743 13515 13614 0 0 0 0 13806 13743 13515 13614 0 0 0 0 13806 13743 13515 13614
0 0 0 0 13806 13743 13515 13614 0 0 0 0 13806 13743 13515 13614 0 0 0 0 13806 13743 13515 13614
0 0 0 0 13806 13743 13515 13614 0 0 0 0 13806 13743 13515 13614 0 0 0 0 13806 13743 13515 13614
0 0 0 0 13806 13743 13515 13614 0 0 0 0 13806 13743 13515 13614 0 0 0 0 13806 13743 13515 13614
0 0 0 0 13806 13743 13515 13591 0 0 0 0 13806 13743 13515 13591 0 0 0 0 13806 13743 13515 13591
0 0 0 0 12842 12735 12525 12564 0 0 0 0 12847 12736 12526 12563 0 0 0 0 12853 12740 12530 12562
0 0 0 0 12099 12125 11938 12119 0 0 0 0 12067 12097 11908 12085 0 0 0 0 11959 11997 11777 11988
0 0 0 0 23132 23225 22824 22882 0 0 0 0 23107 23199 22803 22863 0 0 0 0 23049 23127 22748 22805
0 0 0 0 24043 24136 23689 23713 0 0 0 0 24043 24136 23689 23713 0 0 0 0 24043 24136 23689 23713
0 0 0 0 24043 24136 23689 23713 0 0 0 0 24043 24136 23689 23713 0 0 0 0 24043 24136 23689 23713
0 0 0 0 24043 24136 23689 23706 0 0 0 0 24043 24136 23689 23706 0 0 0 0 24043 24136 23689 23706
0 0 0 0 23637 23728 23319 23255 0 0 0 0 23639 23730 23321 23257 0 0 0 0 23641 23733 23323 23260
0 0 0 0 20557 20611 20362 20216 0 0 0 0 20560 20613 20363 20219 0 0 0 0 20567 20620 20372 20229
0 0 0 0 16875 16914 16593 16449 0 0 0 0 16880 16916 16596 16451 0 0 0 0 16885 16923 16612 16457
0 0 0 0 13161 13224 12953 12909 0 0 0 0 13164 13228 12959 12911 0 0 0 0 13175 13242 12966 12919
0 0 0 0 9463 9527 9311 9292 0 0 0 0 9465 9532 9315 9295 0 0 0 0 9474 9539 9319 9304
0 0 0 0 5820 5867 5724 5624 0 0 0 0 5825 5869 5731 5625 0 0 0 0 5834 5876 5750 5638
0 0 0 0 430 435 405 602 0 0 0 0 430 436 405 603 0 0 0 0 435 440 409 606
0 0 0 0 10786 10994 10929 10668 0 0 0 0 10786 10994 10929 10668 0 0 0 0 10786 10994 10929 10668
0 0 0 0 10786 10994 10929 10665 0 0 0 0 10786 10994 10929 10665 0 0 0 0 10786 10994 10929 10665
0 0 0 0 10695 10860 10828 10513 0 0 0 0 10695 10861 10828 10513 0 0 0 0 10697 10861 10829 10517
0 0 0 0 7977 8020 7886 7645 0 0 0 0 7981 8022 7889 7645 0 0 0 0 7984 8029 7896 7651
0 0 0 0 4135 4078 4066 3963 0 0 0 0 4136 4080 4066 3966 0 0 0 0 4142 4090 4068 3976
0 0 0 0 699 713 690 713 0 0 0 0 699 713 690 714 0 0 0 0 705 713 696 717
0 0 0 0 0 0 2 0 0 0 0 0 0 0 2 0 0 0 0 0 0 0 2 0
0 0 0 0 0 0 0 0 0 0 0 0 0 0 0 0 0 0 0 0 0 0 0 0
0 0 0 0 0 0 0 0 0 0 0 0 0 0 0 0 0 0 0 0 0 0 0 0
0 0 0 0 0 0 0 0 0 0 0 0 0 0 0 0 0 0 0 0 0 0 0 0
0 0 0 0 0 0 0 0 0 0 0 0 0 0 0 0 0 0 0 0 0 0 0 0
0 0 0 0 0 0 0 0 0 0 0 0 0 0 0 0 0 0 0 0 0 0 0 0
0 0 0 0 0 0 0 0 0 0 0 0 0 0 0 0 0 0 0 0 0 0 0 0
0 0 0 0 0 0 0 0 0 0 0 0 0 0 0 0 0 0 0 0 0 0 0 0
0 0 0 0 0 0 0 0 0 0 0 0 0 0 0 0 0 0 0 0 0 0 0 0
0 0 0 0 0 0 0 0 0 0 0 0 0 0 0 0 0 0 0 0 0 0 0 0
0 0 0 0 0 0 0 0 0 0 0 0 0 0 0 0 0 0 0 0 0 0 0 0
0 0 0 0 0 0 0 0 0 0 0 0 0 0 0 0 0 0 0 0 0 0 0 0
0 0 0 0 0 0 0 0 0 0 0 0 0 0 0 0 0 0 0 0 0 0 0 0
0 0 0 0 0 0 0 0 0 0 0 0 0 0 0 0 0 0 0 0 0 0 0 0
0 0 0 0 0 0 0 0 0 0 0 0 0 0 0 0 0 0 0 0 0 0 0 0
0 0 0 0 0 0 0 0 0 0 0 0 0 0 0 0 0 0 0 0 0 0 0 0
0 0 0 0 0 0 0 0 0 0 0 0 0 0 0 0 0 0 0 0 0 0 0 0
0 0 0 0 0 0 0 0 0 0 0 0 0 0 0 0 0 0 0 0 0 0 0 0
0 0 0 0 0 0 0 0 0 0 0 0 0 0 0 0 0 0 0 0 0 0 0 0
0 0 0 0 0 0 0 0 0 0 0 0 0 0 0 0 0 0 0 0 0 0 0 0
0 0 0 0 0 0 0 0 0 0 0 0 0 0 0 0 0 0 0 0 0 0 0 0
0 0 0 0 0 0 0 0 0 0 0 0 0 0 0 0 0 0 0 0 0 0 0 0
0 0 0 0 0 0 0 0 0 0 0 0 0 0 0 0 0 0 0 0 0 0 0 0
0 0 0 0 0 0 0 9 0 0 0 0 0 0 0 9 0 0 0 0 0 0 0 9
0 0 0 0 284 308 336 384 0 0 0 0 273 301 321 375 0 0 0 0 258 280 287 338
0 0 0 0 2238 2161 2251 2234 0 0 0 0 2225 2143 2236 2212 0 0 0 0 2175 2106 2200 2165
0 0 0 0 3655 3678 3663 3617 0 0 0 0 3647 3666 3656 3607 0 0 0 0 3628 3635 3624 3586
0 0 0 0 4288 4353 4259 4220 0 0 0 0 4286 4348 4258 4218 0 0 0 0 4279 4339 4251 4207
0 0 0 0 4373 4424 4338 4284 0 0 0 0 4373 4424 4338 4284 0 0 0 0 4373 4424 4338 4284
0 0 0 0 4373 4424 4338 4157 0 0 0 0 4373 4424 4338 4157 0 0 0 0 4373 4424 4338 4157
0 0 0 0 0 0 0 0 0 0 0 0 0 0 0 0 0 0 0 0 0 0 0 0
0 0 0 0 0 0 0 0 0 0 0 0 0 0 0 0 0 0 0 0 0 0 0 0
0 0 0 0 0 0 0 0 0 0 0 0 0 0 0 0 0 0 0 0 0 0 0 0
0 0 0 0 3 2 1 48 0 0 0 0 2 2 1 47 0 0 0 0 2 1 1 45
0 0 0 0 2049 2024 2014 2073 0 0 0 0 2013 1999 1993 2043 0 0 0 0 1943 1909 1910 1962
0 0 0 0 6472 6386 6339 6419 0 0 0 0 6443 6364 6309 6386 0 0 0 0 6361 6268 6226 6300
0 0 0 0 9779 9709 9482 9649 0 0 0 0 9769 9691 9472 9623 0 0 0 0 9727 9642 9438 9574
0 0 0 0 10342 10253 9993 10148 0 0 0 0 10342 10253 9993 10148 0 0 0 0 10342 10253 9993 10148
0 0 0 0 10343 10253 9993 10148 0 0 0 0 10343 10253 9993 10148 0 0 0 0 10343 10253 9993 10148
0 0 0 0 10343 10253 9993 10148 0 0 0 0 10343 10253 9993 10148 0 0 0 0 10343 10253 9993 10148
0 0 0 0 10343 10253 9993 10148 0 0 0 0 10343 10253 9993 10148 0 0 0 0 10343 10253 9993 10148
0 0 0 0 10343 10253 9993 9878 0 0 0 0 10343 10253 9993 9878 0 0 0 0 10343 10253 9993 9878
0 0 0 0 0 0 0 8 0 0 0 0 0 0 0 7 0 0 0 0 0 0 0 7
0 0 0 0 229 227 250 330 0 0 0 0 222 222 245 323 0 0 0 0 204 203 217 300
0 0 0 0 4697 4557 4639 4731 0 0 0 0 4678 4540 4619 4700 0 0 0 0 4610 4465 4539 4641
0 0 0 0 9324 9287 9295 9325 0 0 0 0 9304 9263 9270 9306 0 0 0 0 9230 9191 9179 9235
0 0 0 0 12010 11976 11933 11844 0 0 0 0 12008 11976 11931 11844 0 0 0 0 12003 11973 11923 11842
0 0 0 0 12033 11994 11952 11861 0 0 0 0 12033 11994 11952 11861 0 0 0 0 12033 11994 11952 11861
0 0 0 0 12033 11994 11952 11861 0 0 0 0 12033 11994 11952 11861 0 0 0 0 12033 11994 11952 11861
0 0 0 0 12033 11994 11952 11861 0 0 0 0 12033 11994 11952 11861 0 0 0 0 12033 11994 11952 11861
0 0 0 0 12033 11994 11952 11861 0 0 0 0 12033 11994 11952 11861 0 0 0 0 12033 11994 11952 11861
0 0 0 0 12033 11994 11952 11861 0 0 0 0 12033 11994 11952 11861 0 0 0 0 12033 11994 11952 11861
0 0 0 0 12033 11994 11952 11849 0 0 0 0 12033 11994 11952 11849 0 0 0 0 12033 11994 11952 11849
0 0 0 0 11533 11535 11453 11219 0 0 0 0 11533 11535 11453 11220 0 0 0 0 11536 11537 11453 11221
0 0 0 0 5091 5077 5209 5050 0 0 0 0 5078 5063 5193 5035 0 0 0 0 5034 5009 5143 4998
0 0 0 0 9940 9917 9943 9664 0 0 0 0 9920 9906 9931 9655 0 0 0 0 9876 9875 9898 9622
0 0 0 0 10385 10383 10391 10091 0 0 0 0 10385 10383 10391 10091 0 0 0 0 10385 10383 10391 10091
0 0 0 0 10385 10383 10391 10091 0 0 0 0 10385 10383 10391 10091 0 0 0 0 10385 10383 10391 10091
0 0 0 0 10385 10383 10391 10086 0 0 0 0 10385 10383 10391 10086 0 0 0 0 10385 10383 10391 10086
0 0 0 0 10224 10225 10232 9925 0 0 0 0 10225 10225 10232 9925 0 0 0 0 10225 10226 10234 9926
0 0 0 0 8975 8977 8891 8647 0 0 0 0 8976 8980 8892 8647 0 0 0 0 8979 8985 8897 8648
0 0 0 0 7361 7382 7248 7065 0 0 0 0 7364 7383 7248 7065 0 0 0 0 7367 7388 7251 7072
0 0 0 0 5789 5833 5705 5560 0 0 0 0 5791 5835 5709 5561 0 0 0 0 5794 5839 5712 5565
0 0 0 0 4217 4262 4192 4109 0 0 0 0 4218 4263 4193 4109 0 0 0 0 4220 4267 4196 4112
0 0 0 0 2646 2704 2629 2641 0 0 0 0 2648 2705 2630 2642 0 0 0 0 2650 2711 2638 2646
0 0 0 0 207 217 217 264 0 0 0 0 208 218 218 266 0 0 0 0 211 220 220 267
0 0 0 0 4189 4200 4396 4238 0 0 0 0 4189 4200 4396 4238 0 0 0 0 4189 4200 4396 4238
0 0 0 0 4189 4200 4396 4237 0 0 0 0 4189 4200 4396 4237 0 0 0 0 4189 4200 4396 4237
0 0 0 0 4148 4163 4357 4194 0 0 0 0 4148 4163 4358 4194 0 0 0 0 4149 4164 4358 4194
0 0 0 0 3147 3156 3296 3123 0 0 0 0 3147 3157 3297 3123 0 0 0 0 3150 3159 3299 3126
0 0 0 0 1645 1734 1759 1589 0 0 0 0 1646 1734 1760 1589 0 0 0 0 1648 1735 1764 1592
0 0 0 0 297 298 330 258 0 0 0 0 298 298 331 260 0 0 0 0 298 299 332 263
0 0 0 0 1 0 0 0 0 0 0 0 1 0 0 0 0 0 0 0 1 0 0 0
0 0 0 0 0 0 0 0 0 0 0 0 0 0 0 0 0 0 0 0 0 0 0 0
0 0 0 0 0 0 0 0 0 0 0 0 0 0 0 0 0 0 0 0 0 0 0 0
0 0 0 0 0 0 0 0 0 0 0 0 0 0 0 0 0 0 0 0 0 0 0 0
0 0 0 0 0 0 0 0 0 0 0 0 0 0 0 0 0 0 0 0 0 0 0 0
0 0 0 0 0 0 0 0 0 0 0 0 0 0 0 0 0 0 0 0 0 0 0 0
0 0 0 0 0 0 0 0 0 0 0 0 0 0 0 0 0 0 0 0 0 0 0 0
0 0 0 0 0 0 0 0 0 0 0 0 0 0 0 0 0 0 0 0 0 0 0 0
0 0 0 0 0 0 0 0 0 0 0 0 0 0 0 0 0 0 0 0 0 0 0 0
0 0 0 0 0 0 0 0 0 0 0 0 0 0 0 0 0 0 0 0 0 0 0 0
0 0 0 0 0 0 0 0 0 0 0 0 0 0 0 0 0 0 0 0 0 0 0 0
0 0 0 0 0 0 0 0 0 0 0 0 0 0 0 0 0 0 0 0 0 0 0 0
0 0 0 0 0 0 0 0 0 0 0 0 0 0 0 0 0 0 0 0 0 0 0 0
0 0 0 0 0 0 0 0 0 0 0 0 0 0 0 0 0 0 0 0 0 0 0 0
0 0 0 0 0 0 0 0 0 0 0 0 0 0 0 0 0 0 0 0 0 0 0 0
0 0 0 0 0 0 0 0 0 0 0 0 0 0 0 0 0 0 0 0 0 0 0 0
0 0 0 0 0 0 0 0 0 0 0 0 0 0 0 0 0 0 0 0 0 0 0 0
0 0 0 0 0 0 0 0 0 0 0 0 0 0 0 0 0 0 0 0 0 0 0 0
0 0 0 0 0 0 0 0 0 0 0 0 0 0 0 0 0 0 0 0 0 0 0 0
0 0 0 0 0 0 0 0 0 0 0 0 0 0 0 0 0 0 0 0 0 0 0 0
0 0 0 0 0 0 0 0 0 0 0 0 0 0 0 0 0 0 0 0 0 0 0 0
0 0 0 0 0 0 0 0 0 0 0 0 0 0 0 0 0 0 0 0 0 0 0 0
0 0 0 0 0 0 0 0 0 0 0 0 0 0 0 0 0 0 0 0 0 0 0 0
0 0 0 0 0 0 0 5 0 0 0 0 0 0 0 5 0 0 0 0 0 0 0 5
0 0 0 0 235 266 244 292 0 0 0 0 229 260 243 285 0 0 0 0 198 240 218 257
0 0 0 0 2182 2292 2201 2254 0 0 0 0 2165 2281 2181 2228 0 0 0 0 2116 2210 2098 2159
0 0 0 0 4601 4667 4518 4622 0 0 0 0 4578 4645 4503 4592 0 0 0 0 4534 4572 4447 4535
0 0 0 0 6932 7000 6688 6874 0 0 0 0 6911 6981 6668 6850 0 0 0 0 6844 6920 6611 6785
0 0 0 0 9084 9143 8746 8928 0 0 0 0 9069 9115 8727 8907 0 0 0 0 9007 9052 8677 8852
0 0 0 0 10487 10413 10058 9920 0 0 0 0 10478 10403 10046 9912 0 0 0 0 10456 10376 10030 9890
0 0 0 0 0 0 0 0 0 0 0 0 0 0 0 0 0 0 0 0 0 0 0 0
0 0 0 0 0 0 0 0 0 0 0 0 0 0 0 0 0 0 0 0 0 0 0 0
0 0 0 0 0 0 0 0 0 0 0 0 0 0 0 0 0 0 0 0 0 0 0 0
0 0 0 0 0 3 1 28 0 0 0 0 0 3 1 28 0 0 0 0 0 3 1 27
0 0 0 0 1116 1118 1104 1182 0 0 0 0 1098 1106 1087 1169 0 0 0 0 1053 1075 1031 1121
0 0 0 0 3730 3594 3590 3710 0 0 0 0 3711 3571 3568 3694 0 0 0 0 3662 3522 3523 3647
0 0 0 0 6065 5837 5784 5858 0 0 0 0 6056 5825 5770 5851 0 0 0 0 6023 5796 5744 5811
0 0 0 0 6552 6337 6263 6316 0 0 0 0 6552 6337 6263 6316 0 0 0 0 6552 6336 6263 6316
0 0 0 0 6552 6337 6263 6316 0 0 0 0 6552 6337 6263 6316 0 0 0 0 6552 6337 6263 6316
0 0 0 0 6552 6337 6263 6316 0 0 0 0 6552 6337 6263 6316 0 0 0 0 6552 6337 6263 6316
0 0 0 0 6552 6337 6263 6316 0 0 0 0 6552 6337 6263 6316 0 0 0 0 6552 6337 6263 6316
0 0 0 0 6552 6337 6263 6169 0 0 0 0 6552 6337 6263 6169 0 0 0 0 6552 6337 6263 6169
0 0 0 0 0 0 0 3 0 0 0 0 0 0 0 3 0 0 0 0 0 0 0 2
0 0 0 0 137 131 135 175 0 0 0 0 135 128 134 169 0 0 0 0 119 117 117 158
0 0 0 0 2680 2548 2606 2593 0 0 0 0 2663 2536 2597 2584 0 0 0 0 2629 2500 2569 2548
0 0 0 0 5406 5169 5233 5308 0 0 0 0 5395 5157 5218 5288 0 0 0 0 5354 5119 5177 5251
0 0 0 0 6893 6637 6709 6696 0 0 0 0 6893 6637 6708 6694 0 0 0 0 6890 6636 6702 6693
0 0 0 0 6901 6651 6719 6704 0 0 0 0 6901 6651 6719 6704 0 0 0 0 6901 6651 6719 6704
0 0 0 0 6901 6651 6719 6704 0 0 0 0 6901 6651 6719 6704 0 0 0 0 6901 6651 6719 6704
0 0 0 0 6901 6651 6719 6704 0 0 0 0 6901 6651 6719 6704 0 0 0 0 6901 6651 6719 6704
0 0 0 0 6901 6651 6719 6704 0 0 0 0 6901 6651 6719 6704 0 0 0 0 6901 6651 6719 6704
0 0 0 0 6901 6651 6719 6704 0 0 0 0 6901 6651 6719 6704 0 0 0 0 6901 6651 6719 6704
0 0 0 0 6901 6651 6719 6699 0 0 0 0 6901 6651 6719 6699 0 0 0 0 6901 6651 6719 6700
0 0 0 0 6641 6377 6445 6398 0 0 0 0 6641 6377 6445 6398 0 0 0 0 6645 6378 6445 6399
0 0 0 0 2658 2786 2761 2701 0 0 0 0 2649 2778 2752 2692 0 0 0 0 2629 2761 2719 2666
0 0 0 0 5209 5341 5262 5209 0 0 0 0 5204 5334 5259 5203 0 0 0 0 5182 5317 5248 5187
0 0 0 0 5478 5608 5534 5480 0 0 0 0 5478 5608 5534 5480 0 0 0 0 5478 5608 5534 5480
0 0 0 0 5478 5608 5534 5480 0 0 0 0 5478 5608 5534 5480 0 0 0 0 5478 5608 5534 5480
0 0 0 0 5478 5608 5534 5479 0 0 0 0 5478 5608 5534 5479 0 0 0 0 5478 5608 5534 5479
0 0 0 0 5404 5533 5434 5381 0 0 0 0 5404 5533 5434 5381 0 0 0 0 5405 5534 5436 5381
0 0 0 0 4772 4866 4821 4726 0 0 0 0 4774 4866 4822 4727 0 0 0 0 4777 4868 4824 4729
0 0 0 0 3931 4018 3975 3923 0 0 0 0 3931 4018 3976 3923 0 0 0 0 3931 4018 3979 3923
0 0 0 0 3103 3119 3086 3097 0 0 0 0 3104 3119 3086 3097 0 0 0 0 3107 3121 3092 3102
0 0 0 0 2270 2280 2269 2254 0 0 0 0 2270 2280 2269 2256 0 0 0 0 2272 2282 2273 2257
0 0 0 0 1487 1469 1468 1425 0 0 0 0 1487 1472 1469 1426 0 0 0 0 1491 1475 1471 1426
0 0 0 0 131 129 121 168 0 0 0 0 131 129 121 168 0 0 0 0 132 133 122 169
0 0 0 0 2118 2259 2087 2125 0 0 0 0 2118 2259 2087 2125 0 0 0 0 2118 2259 2087 2125
0 0 0 0 2118 2259 2087 2125 0 0 0 0 2118 2259 2087 2125 0 0 0 0 2118 2259 2087 2125
0 0 0 0 2101 2234 2070 2096 0 0 0 0 2101 2234 2070 2096 0 0 0 0 2102 2235 2070 2096
0 0 0 0 1565 1693 1554 1565 0 0 0 0 1566 1694 1554 1566 0 0 0 0 1567 1694 1555 1573
0 0 0 0 812 941 807 915 0 0 0 0 812 941 807 916 0 0 0 0 815 942 808 916
0 0 0 0 144 162 142 169 0 0 0 0 144 162 144 169 0 0 0 0 146 162 146 171
0 0 0 0 0 0 0 0 0 0 0 0 0 0 0 0 0 0 0 0 0 0 0 0
0 0 0 0 0 0 0 0 0 0 0 0 0 0 0 0 0 0 0 0 0 0 0 0
0 0 0 0 0 0 0 0 0 0 0 0 0 0 0 0 0 0 0 0 0 0 0 0
0 0 0 0 0 0 0 0 0 0 0 0 0 0 0 0 0 0 0 0 0 0 0 0
0 0 0 0 0 0 0 0 0 0 0 0 0 0 0 0 0 0 0 0 0 0 0 0
0 0 0 0 0 0 0 0 0 0 0 0 0 0 0 0 0 0 0 0 0 0 0 0
0 0 0 0 0 0 0 0 0 0 0 0 0 0 0 0 0 0 0 0 0 0 0 0
0 0 0 0 0 0 0 0 0 0 0 0 0 0 0 0 0 0 0 0 0 0 0 0
0 0 0 0 0 0 0 0 0 0 0 0 0 0 0 0 0 0 0 0 0 0 0 0
0 0 0 0 0 0 0 0 0 0 0 0 0 0 0 0 0 0 0 0 0 0 0 0
0 0 0 0 0 0 0 0 0 0 0 0 0 0 0 0 0 0 0 0 0 0 0 0
0 0 0 0 0 0 0 0 0 0 0 0 0 0 0 0 0 0 0 0 0 0 0 0
0 0 0 0 0 0 0 0 0 0 0 0 0 0 0 0 0 0 0 0 0 0 0 0
0 0 0 0 0 0 0 0 0 0 0 0 0 0 0 0 0 0 0 0 0 0 0 0
0 0 0 0 0 0 0 0 0 0 0 0 0 0 0 0 0 0 0 0 0 0 0 0
0 0 0 0 0 0 0 0 0 0 0 0 0 0 0 0 0 0 0 0 0 0 0 0
0 0 0 0 0 0 0 0 0 0 0 0 0 0 0 0 0 0 0 0 0 0 0 0
0 0 0 0 0 0 0 0 0 0 0 0 0 0 0 0 0 0 0 0 0 0 0 0
0 0 0 0 0 0 0 0 0 0 0 0 0 0 0 0 0 0 0 0 0 0 0 0
0 0 0 0 0 0 0 0 0 0 0 0 0 0 0 0 0 0 0 0 0 0 0 0
0 0 0 0 0 0 0 0 0 0 0 0 0 0 0 0 0 0 0 0 0 0 0 0
0 0 0 0 0 0 0 0 0 0 0 0 0 0 0 0 0 0 0 0 0 0 0 0
0 0 0 0 0 0 0 0 0 0 0 0 0 0 0 0 0 0 0 0 0 0 0 0
0 0 0 0 0 0 0 3 0 0 0 0 0 0 0 3 0 0 0 0 0 0 0 3
0 0 0 0 249 274 283 312 0 0 0 0 241 267 276 303 0 0 0 0 227 244 251 275
0 0 0 0 2462 2509 2431 2473 0 0 0 0 2439 2486 2412 2451 0 0 0 0 2373 2415 2353 2390
0 0 0 0 5031 5136 5093 5062 0 0 0 0 5003 5113 5062 5038 0 0 0 0 4939 5065 4988 4976
0 0 0 0 7602 7629 7638 7568 0 0 0 0 7576 7607 7606 7533 0 0 0 0 7501 7528 7541 7469
0 0 0 0 10210 10165 10137 10033 0 0 0 0 10175 10144 10117 10012 0 0 0 0 10107 10069 10029 9946
0 0 0 0 12437 12366 12194 11855 0 0 0 0 12419 12350 12172 11833 0 0 0 0 12365 12297 12130 11782
0 0 0 0 0 0 0 0 0 0 0 0 0 0 0 0 0 0 0 0 0 0 0 0
0 0 0 0 0 0 0 0 0 0 0 0 0 0 0 0 0 0 0 0 0 0 0 0
0 0 0 0 0 0 0 0 0 0 0 0 0 0 0 0 0 0 0 0 0 0 0 0
0 0 0 0 3 1 0 17 0 0 0 0 3 1 0 17 0 0 0 0 1 1 0 17
0 0 0 0 1262 1222 1210 1180 0 0 0 0 1250 1206 1193 1161 0 0 0 0 1201 1160 1134 1117
0 0 0 0 4078 4063 3969 4047 0 0 0 0 4059 4047 3950 4029 0 0 0 0 3993 3989 3894 3972
0 0 0 0 6538 6511 6386 6392 0 0 0 0 6529 6500 6373 6378 0 0 0 0 6487 6468 6337 6339
0 0 0 0 7042 7022 6929 6888 0 0 0 0 7042 7022 6929 6888 0 0 0 0 7042 7022 6928 6888
0 0 0 0 7042 7022 6929 6888 0 0 0 0 7042 7022 6929 6888 0 0 0 0 7042 7022 6929 6888
0 0 0 0 7042 7022 6929 6888 0 0 0 0 7042 7022 6929 6888 0 0 0 0 7042 7022 6929 6888
0 0 0 0 7042 7022 6929 6888 0 0 0 0 7042 7022 6929 6888 0 0 0 0 7042 7022 6929 6888
0 0 0 0 7042 7022 6929 6788 0 0 0 0 7042 7022 6929 6788 0 0 0 0 7042 7022 6929 6788
0 0 0 0 0 0 0 3 0 0 0 0 0 0 0 3 0 0 0 0 0 0 0 3
0 0 0 0 123 147 129 181 0 0 0 0 118 141 125 174 0 0 0 0 108 130 110 161
0 0 0 0 2819 2781 2825 2828 0 0 0 0 2806 2769 2809 2816 0 0 0 0 2759 2715 2763 2775
0 0 0 0 5687 5699 5680 5619 0 0 0 0 5680 5686 5665 5608 0 0 0 0 5636 5644 5625 5571
0 0 0 0 7260 7347 7294 7197 0 0 0 0 7260 7346 7291 7197 0 0 0 0 7255 7343 7289 7194
0 0 0 0 7270 7355 7314 7210 0 0 0 0 7270 7355 7314 7210 0 0 0 0 7270 7355 7314 7210
0 0 0 0 7270 7355 7314 7210 0 0 0 0 7270 7355 7314 7210 0 0 0 0 7270 7355 7314 7210
0 0 0 0 7270 7355 7314 7210 0 0 0 0 7270 7355 7314 7210 0 0 0 0 7270 7355 7314 7210
0 0 0 0 7270 7355 7314 7210 0 0 0 0 7270 7355 7314 7210 0 0 0 0 7270 7355 7314 7210
0 0 0 0 7270 7355 7314 7210 0 0 0 0 7270 7355 7314 7210 0 0 0 0 7270 7355 7314 7210
0 0 0 0 7270 7355 7314 7203 0 0 0 0 7270 7355 7314 7203 0 0 0 0 7270 7355 7314 7203
0 0 0 0 6995 7055 7042 6869 0 0 0 0 6995 7057 7042 6871 0 0 0 0 6997 7058 7044 6876
0 0 0 0 2658 2730 2746 2865 0 0 0 0 2646 2716 2737 2855 0 0 0 0 2616 2700 2709 2829
0 0 0 0 5399 5635 5609 5610 0 0 0 0 5393 5626 5601 5603 0 0 0 0 5376 5606 5587 5589
0 0 0 0 5695 5896 5907 5895 0 0 0 0 5695 5896 5907 5895 0 0 0 0 5695 5896 5907 5895
0 0 0 0 5695 5896 5907 5895 0 0 0 0 5695 5896 5907 5895 0 0 0 0 5695 5896 5907 5895
0 0 0 0 5695 5896 5907 5895 0 0 0 0 5695 5896 5907 5895 0 0 0 0 5695 5896 5907 5895
0 0 0 0 5606 5815 5811 5799 0 0 0 0 5606 5815 5813 5799 0 0 0 0 5606 5816 5814 5800
0 0 0 0 4922 5152 5140 5113 0 0 0 0 4922 5152 5140 5113 0 0 0 0 4925 5155 5142 5115
0 0 0 0 4120 4345 4314 4234 0 0 0 0 4121 4345 4314 4234 0 0 0 0 4123 4346 4316 4238
0 0 0 0 3317 3445 3437 3329 0 0 0 0 3317 3448 3438 3330 0 0 0 0 3319 3452 3439 3332
0 0 0 0 2460 2552 2525 2465 0 0 0 0 2460 2552 2527 2466 0 0 0 0 2462 2557 2530 2468
0 0 0 0 1551 1617 1640 1533 0 0 0 0 1551 1618 1640 1533 0 0 0 0 1553 1624 1643 1535
0 0 0 0 137 133 148 188 0 0 0 0 137 134 149 188 0 0 0 0 139 134 151 189
0 0 0 0 2255 2320 2267 2202 0 0 0 0 2255 2320 2267 2202 0 0 0 0 2255 2320 2267 2202
0 0 0 0 2255 2320 2267 2202 0 0 0 0 2255 2320 2267 2202 0 0 0 0 2255 2320 2267 2202
0 0 0 0 2231 2299 2243 2178 0 0 0 0 2231 2300 2243 2178 0 0 0 0 2231 2300 2243 2179
0 0 0 0 1560 1688 1637 1625 0 0 0 0 1560 1688 1639 1625 0 0 0 0 1561 1690 1640 1625
0 0 0 0 822 902 907 885 0 0 0 0 823 903 907 885 0 0 0 0 825 905 908 885
0 0 0 0 126 161 158 128 0 0 0 0 127 161 158 128 0 0 0 0 128 163 160 129
0 0 0 0 0 0 0 0 0 0 0 0 0 0 0 0 0 0 0 0 0 0 0 0
0 0 0 0 0 0 0 0 0 0 0 0 0 0 0 0 0 0 0 0 0 0 0 0
0 0 0 0 0 0 0 0 0 0 0 0 0 0 0 0 0 0 0 0 0 0 0 0
0 0 0 0 0 0 0 0 0 0 0 0 0 0 0 0 0 0 0 0 0 0 0 0
0 0 0 0 0 0 0 0 0 0 0 0 0 0 0 0 0 0 0 0 0 0 0 0
0 0 0 0 0 0 0 0 0 0 0 0 0 0 0 0 0 0 0 0 0 0 0 0
0 0 0 0 0 0 0 0 0 0 0 0 0 0 0 0 0 0 0 0 0 0 0 0
0 0 0 0 0 0 0 0 0 0 0 0 0 0 0 0 0 0 0 0 0 0 0 0
0 0 0 0 0 0 0 0 0 0 0 0 0 0 0 0 0 0 0 0 0 0 0 0
0 0 0 0 0 0 0 0 0 0 0 0 0 0 0 0 0 0 0 0 0 0 0 0
0 0 0 0 0 0 0 0 0 0 0 0 0 0 0 0 0 0 0 0 0 0 0 0
0 0 0 0 0 0 0 0 0 0 0 0 0 0 0 0 0 0 0 0 0 0 0 0
0 0 0 0 0 0 0 0 0 0 0 0 0 0 0 0 0 0 0 0 0 0 0 0
0 0 0 0 0 0 0 0 0 0 0 0 0 0 0 0 0 0 0 0 0 0 0 0
0 0 0 0 0 0 0 0 0 0 0 0 0 0 0 0 0 0 0 0 0 0 0 0
0 0 0 0 0 0 0 0 0 0 0 0 0 0 0 0 0 0 0 0 0 0 0 0
0 0 0 0 0 0 0 0 0 0 0 0 0 0 0 0 0 0 0 0 0 0 0 0
0 0 0 0 0 0 0 0 0 0 0 0 0 0 0 0 0 0 0 0 0 0 0 0
0 0 0 0 0 0 0 0 0 0 0 0 0 0 0 0 0 0 0 0 0 0 0 0
0 0 0 0 0 0 0 0 0 0 0 0 0 0 0 0 0 0 0 0 0 0 0 0
0 0 0 0 0 0 0 0 0 0 0 0 0 0 0 0 0 0 0 0 0 0 0 0
0 0 0 0 0 0 0 0 0 0 0 0 0 0 0 0 0 0 0 0 0 0 0 0
0 0 0 0 0 0 0 0 0 0 0 0 0 0 0 0 0 0 0 0 0 0 0 0
0 0 0 0 0 0 0 3 0 0 0 0 0 0 0 3 0 0 0 0 0 0 0 3
0 0 0 0 190 230 210 257 0 0 0 0 183 222 204 247 0 0 0 0 168 206 180 226
0 0 0 0 2045 2044 2072 2134 0 0 0 0 2020 2020 2054 2125 0 0 0 0 1971 1966 2000 2070
0 0 0 0 4324 4349 4335 4398 0 0 0 0 4307 4330 4320 4379 0 0 0 0 4247 4270 4264 4317
0 0 0 0 6656 6604 6588 6594 0 0 0 0 6632 6582 6569 6570 0 0 0 0 6566 6522 6517 6515
0 0 0 0 8942 8794 8735 8855 0 0 0 0 8918 8773 8720 8829 0 0 0 0 8856 8699 8657 8761
0 0 0 0 10829 10681 10573 10491 0 0 0 0 10816 10664 10560 10481 0 0 0 0 10765 10627 10521 10427
0 0 0 0 0 0 0 0 0 0 0 0 0 0 0 0 0 0 0 0 0 0 0 0
0 0 0 0 0 0 0 0 0 0 0 0 0 0 0 0 0 0 0 0 0 0 0 0
0 0 0 0 0 0 0 0 0 0 0 0 0 0 0 0 0 0 0 0 0 0 0 0
0 0 0 0 0 0 1 9 0 0 0 0 0 0 1 8 0 0 0 0 0 0 1 8
0 0 0 0 1132 1031 1061 1029 0 0 0 0 1118 1019 1047 1009 0 0 0 0 1067 983 1011 968
0 0 0 0 3625 3457 3403 3379 0 0 0 0 3609 3445 3387 3367 0 0 0 0 3555 3399 3346 3326
0 0 0 0 5749 5596 5439 5477 0 0 0 0 5737 5586 5434 5465 0 0 0 0 5712 5560 5398 5430
0 0 0 0 6188 5993 5883 5909 0 0 0 0 6188 5993 5883 5909 0 0 0 0 6188 5993 5883 5909
0 0 0 0 6188 5995 5883 5910 0 0 0 0 6188 5995 5883 5910 0 0 0 0 6188 5995 5883 5910
0 0 0 0 6188 5995 5883 5910 0 0 0 0 6188 5995 5883 5910 0 0 0 0 6188 5995 5883 5910
0 0 0 0 6188 5995 5883 5910 0 0 0 0 6188 5995 5883 5910 0 0 0 0 6188 5995 5883 5910
0 0 0 0 6188 5995 5883 5848 0 0 0 0 6188 5995 5883 5848 0 0 0 0 6188 5995 5883 5848
0 0 0 0 0 0 0 1 0 0 0 0 0 0 0 1 0 0 0 0 0 0 0 1
0 0 0 0 122 110 120 155 0 0 0 0 120 104 117 150 0 0 0 0 112 94 108 137
0 0 0 0 2285 2391 2323 2398 0 0 0 0 2274 2376 2312 2382 0 0 0 0 2241 2341 2273 2352
0 0 0 0 4703 4883 4869 4902 0 0 0 0 4692 4873 4860 4892 0 0 0 0 4658 4823 4812 4850
0 0 0 0 6096 6211 6228 6232 0 0 0 0 6096 6211 6225 6232 0 0 0 0 6096 6209 6223 6229
0 0 0 0 6105 6218 6240 6239 0 0 0 0 6105 6218 6240 6239 0 0 0 0 6105 6218 6240 6239
0 0 0 0 6105 6218 6240 6239 0 0 0 0 6105 6218 6240 6239 0 0 0 0 6105 6218 6240 6239
0 0 0 0 6105 6218 6240 6239 0 0 0 0 6105 6218 6240 6239 0 0 0 0 6105 6218 6240 6239
0 0 0 0 6105 6218 6240 6239 0 0 0 0 6105 6218 6240 6239 0 0 0 0 6105 6218 6240 6239
0 0 0 0 6105 6218 6240 6239 0 0 0 0 6105 6218 6240 6239 0 0 0 0 6105 6218 6240 6239
0 0 0 0 6105 6218 6240 6236 0 0 0 0 6105 6218 6240 6236 0 0 0 0 6105 6218 6240 6236
0 0 0 0 5881 5978 5999 5929 0 0 0 0 5881 5978 5999 5930 0 0 0 0 5882 5978 6000 5931
0 0 0 0 2230 2318 2328 2214 0 0 0 0 2221 2310 2321 2207 0 0 0 0 2203 2299 2300 2185
0 0 0 0 4500 4604 4557 4452 0 0 0 0 4498 4596 4553 4443 0 0 0 0 4481 4576 4529 4427
0 0 0 0 4722 4823 4760 4690 0 0 0 0 4722 4823 4760 4690 0 0 0 0 4722 4823 4760 4690
0 0 0 0 4722 4823 4760 4690 0 0 0 0 4722 4823 4760 4690 0 0 0 0 4722 4823 4760 4690
0 0 0 0 4722 4823 4760 4690 0 0 0 0 4722 4823 4760 4690 0 0 0 0 4722 4823 4760 4690
0 0 0 0 4652 4770 4670 4619 0 0 0 0 4652 4770 4671 4619 0 0 0 0 4652 4771 4672 4619
0 0 0 0 4070 4152 4075 4082 0 0 0 0 4070 4152 4075 4082 0 0 0 0 4071 4154 4079 4084
0 0 0 0 3398 3445 3376 3409 0 0 0 0 3398 3445 3377 3409 0 0 0 0 3399 3448 3379 3410
0 0 0 0 2731 2738 2659 2719 0 0 0 0 2731 2738 2659 2720 0 0 0 0 2731 2739 2661 2723
0 0 0 0 2012 2004 1956 2012 0 0 0 0 2015 2006 1957 2012 0 0 0 0 2016 2006 1959 2014
0 0 0 0 1295 1302 1256 1310 0 0 0 0 1296 1302 1257 1310 0 0 0 0 1297 1305 1259 1311
0 0 0 0 107 96 98 139 0 0 0 0 107 96 98 139 0 0 0 0 108 98 101 139
0 0 0 0 1931 1976 1905 1882 0 0 0 0 1931 1976 1905 1882 0 0 0 0 1931 1976 1905 1882
0 0 0 0 1931 1976 1905 1882 0 0 0 0 1931 1976 1905 1882 0 0 0 0 1931 1976 1905 1882
0 0 0 0 1913 1965 1886 1857 0 0 0 0 1913 1965 1886 1857 0 0 0 0 1913 1965 1886 1857
0 0 0 0 1394 1466 1394 1306 0 0 0 0 1394 1466 1394 1307 0 0 0 0 1394 1468 1394 1309
0 0 0 0 725 753 737 705 0 0 0 0 726 753 737 705 0 0 0 0 726 754 737 706
0 0 0 0 117 164 122 148 0 0 0 0 118 165 122 148 0 0 0 0 118 165 122 148
0 0 0 0 0 0 0 0 0 0 0 0 0 0 0 0 0 0 0 0 0 0 0 0
0 0 0 0 0 0 0 0 0 0 0 0 0 0 0 0 0 0 0 0 0 0 0 0
0 0 0 0 0 0 0 0 0 0 0 0 0 0 0 0 0 0 0 0 0 0 0 0
0 0 0 0 0 0 0 0 0 0 0 0 0 0 0 0 0 0 0 0 0 0 0 0
0 0 0 0 0 0 0 0 0 0 0 0 0 0 0 0 0 0 0 0 0 0 0 0
0 0 0 0 0 0 0 0 0 0 0 0 0 0 0 0 0 0 0 0 0 0 0 0
0 0 0 0 0 0 0 0 0 0 0 0 0 0 0 0 0 0 0 0 0 0 0 0
0 0 0 0 0 0 0 0 0 0 0 0 0 0 0 0 0 0 0 0 0 0 0 0
0 0 0 0 0 0 0 0 0 0 0 0 0 0 0 0 0 0 0 0 0 0 0 0
0 0 0 0 0 0 0 0 0 0 0 0 0 0 0 0 0 0 0 0 0 0 0 0
0 0 0 0 0 0 0 0 0 0 0 0 0 0 0 0 0 0 0 0 0 0 0 0
0 0 0 0 0 0 0 0 0 0 0 0 0 0 0 0 0 0 0 0 0 0 0 0
0 0 0 0 0 0 0 0 0 0 0 0 0 0 0 0 0 0 0 0 0 0 0 0
0 0 0 0 0 0 0 0 0 0 0 0 0 0 0 0 0 0 0 0 0 0 0 0
0 0 0 0 0 0 0 0 0 0 0 0 0 0 0 0 0 0 0 0 0 0 0 0
0 0 0 0 0 0 0 0 0 0 0 0 0 0 0 0 0 0 0 0 0 0 0 0
0 0 0 0 0 0 0 0 0 0 0 0 0 0 0 0 0 0 0 0 0 0 0 0
0 0 0 0 0 0 0 0 0 0 0 0 0 0 0 0 0 0 0 0 0 0 0 0
0 0 0 0 0 0 0 0 0 0 0 0 0 0 0 0 0 0 0 0 0 0 0 0
0 0 0 0 0 0 0 0 0 0 0 0 0 0 0 0 0 0 0 0 0 0 0 0
0 0 0 0 0 0 0 0 0 0 0 0 0 0 0 0 0 0 0 0 0 0 0 0
0 0 0 0 0 0 0 0 0 0 0 0 0 0 0 0 0 0 0 0 0 0 0 0
0 0 0 0 0 0 0 0 0 0 0 0 0 0 0 0 0 0 0 0 0 0 0 0
0 0 0 0 0 0 0 3 0 0 0 0 0 0 0 3 0 0 0 0 0 0 0 3
0 0 0 0 89 107 97 111 0 0 0 0 85 103 89 106 0 0 0 0 80 93 77 94
0 0 0 0 863 944 882 941 0 0 0 0 853 939 874 933 0 0 0 0 825 915 855 906
0 0 0 0 1807 1961 1893 1936 0 0 0 0 1793 1949 1884 1924 0 0 0 0 1769 1926 1856 1895
0 0 0 0 2829 2938 2890 2824 0 0 0 0 2820 2932 2877 2814 0 0 0 0 2786 2895 2847 2783
0 0 0 0 3784 3905 3849 3823 0 0 0 0 3772 3894 3838 3814 0 0 0 0 3745 3862 3802 3786
0 0 0 0 4577 4689 4621 4583 0 0 0 0 4572 4686 4619 4577 0 0 0 0 4554 4677 4598 4557
0 0 0 0 0 0 0 0 0 0 0 0 0 0 0 0 0 0 0 0 0 0 0 0
0 0 0 0 0 0 0 0 0 0 0 0 0 0 0 0 0 0 0 0 0 0 0 0
0 0 0 0 0 0 0 0 0 0 0 0 0 0 0 0 0 0 0 0 0 0 0 0
0 0 0 0 0 0 0 8 0 0 0 0 0 0 0 8 0 0 0 0 0 0 0 7
0 0 0 0 452 438 467 493 0 0 0 0 447 432 464 490 0 0 0 0 431 416 452 476
0 0 0 0 1465 1398 1484 1504 0 0 0 0 1454 1390 1472 1496 0 0 0 0 1428 1372 1454 1465
0 0 0 0 2358 2286 2394 2367 0 0 0 0 2354 2284 2388 2358 0 0 0 0 2336 2270 2370 2350
0 0 0 0 2525 2450 2590 2539 0 0 0 0 2525 2450 2590 2539 0 0 0 0 2525 2450 2590 2538
0 0 0 0 2525 2450 2590 2539 0 0 0 0 2525 2450 2590 2539 0 0 0 0 2525 2450 2590 2539
0 0 0 0 2525 2450 2590 2539 0 0 0 0 2525 2450 2590 2539 0 0 0 0 2525 2450 2590 2539
0 0 0 0 2525 2450 2590 2539 0 0 0 0 2525 2450 2590 2539 0 0 0 0 2525 2450 2590 2539
0 0 0 0 2525 2450 2590 2507 0 0 0 0 2525 2450 2590 2507 0 0 0 0 2525 2450 2590 2507
0 0 0 0 0 0 0 0 0 0 0 0 0 0 0 0 0 0 0 0 0 0 0 0
0 0 0 0 59 53 62 61 0 0 0 0 57 48 60 60 0 0 0 0 54 45 55 59
0 0 0 0 913 948 913 943 0 0 0 0 912 943 907 934 0 0 0 0 896 928 894 919
0 0 0 0 1891 1952 1971 2010 0 0 0 0 1891 1948 1962 2005 0 0 0 0 1876 1925 1950 1990
0 0 0 0 2424 2520 2554 2568 0 0 0 0 2424 2520 2554 2568 0 0 0 0 2423 2520 2554 2567
0 0 0 0 2429 2524 2563 2577 0 0 0 0 2429 2524 2563 2577 0 0 0 0 2429 2524 2563 2577
0 0 0 0 2429 2524 2563 2577 0 0 0 0 2429 2524 2563 2577 0 0 0 0 2429 2524 2563 2577
0 0 0 0 2429 2524 2563 2577 0 0 0 0 2429 2524 2563 2577 0 0 0 0 2429 2524 2563 2577
0 0 0 0 2429 2524 2563 2577 0 0 0 0 2429 2524 2563 2577 0 0 0 0 2429 2524 2563 2577
0 0 0 0 2429 2524 2563 2577 0 0 0 0 2429 2524 2563 2577 0 0 0 0 2429 2524 2563 2577
0 0 0 0 2429 2524 2563 2576 0 0 0 0 2429 2524 2563 2576 0 0 0 0 2429 2524 2563 2576
0 0 0 0 2332 2405 2430 2447 0 0 0 0 2332 2406 2430 2447 0 0 0 0 2333 2409 2430 2446
0 0 0 0 1006 1062 985 1054 0 0 0 0 1002 1059 984 1053 0 0 0 0 993 1045 968 1045
0 0 0 0 1999 2046 1942 1986 0 0 0 0 1997 2042 1940 1982 0 0 0 0 1984 2037 1932 1974
0 0 0 0 2094 2132 2030 2073 0 0 0 0 2094 2132 2030 2073 0 0 0 0 2094 2132 2030 2073
0 0 0 0 2094 2132 2030 2073 0 0 0 0 2094 2132 2030 2073 0 0 0 0 2094 2132 2030 2073
0 0 0 0 2094 2132 2030 2072 0 0 0 0 2094 2132 2030 2072 0 0 0 0 2094 2132 2030 2072
0 0 0 0 2062 2092 2001 2043 0 0 0 0 2062 2092 2001 2043 0 0 0 0 2063 2092 2001 2044
0 0 0 0 1829 1836 1748 1803 0 0 0 0 1829 1836 1748 1804 0 0 0 0 1829 1837 1748 1804
0 0 0 0 1504 1525 1452 1480 0 0 0 0 1504 1526 1452 1480 0 0 0 0 1505 1526 1452 1481
0 0 0 0 1188 1187 1152 1133 0 0 0 0 1188 1187 1153 1135 0 0 0 0 1188 1187 1153 1135
0 0 0 0 884 855 834 831 0 0 0 0 884 857 834 831 0 0 0 0 885 859 836 832
0 0 0 0 582 568 491 542 0 0 0 0 582 568 492 543 0 0 0 0 582 569 494 544
0 0 0 0 40 46 42 52 0 0 0 0 40 46 42 52 0 0 0 0 40 46 42 53
0 0 0 0 822 899 867 888 0 0 0 0 822 899 867 888 0 0 0 0 822 899 867 888
0 0 0 0 822 899 867 888 0 0 0 0 822 899 867 888 0 0 0 0 822 899 867 888
0 0 0 0 816 895 861 872 0 0 0 0 816 895 861 873 0 0 0 0 816 895 861 873
0 0 0 0 603 627 628 648 0 0 0 0 603 627 628 649 0 0 0 0 604 627 628 649
0 0 0 0 299 324 325 325 0 0 0 0 299 324 325 325 0 0 0 0 300 325 325 325
0 0 0 0 46 49 54 56 0 0 0 0 46 50 55 56 0 0 0 0 46 50 55 56
0 0 0 0 0 0 0 0 0 0 0 0 0 0 0 0 0 0 0 0 0 0 0 0
0 0 0 0 0 0 0 0 0 0 0 0 0 0 0 0 0 0 0 0 0 0 0 0
0 0 0 0 0 0 0 0 0 0 0 0 0 0 0 0 0 0 0 0 0 0 0 0
0 0 0 0 0 0 0 0 0 0 0 0 0 0 0 0 0 0 0 0 0 0 0 0
0 0 0 0 0 0 0 0 0 0 0 0 0 0 0 0 0 0 0 0 0 0 0 0
0 0 0 0 0 0 0 0 0 0 0 0 0 0 0 0 0 0 0 0 0 0 0 0
0 0 0 0 0 0 0 0 0 0 0 0 0 0 0 0 0 0 0 0 0 0 0 0
0 0 0 0 0 0 0 0 0 0 0 0 0 0 0 0 0 0 0 0 0 0 0 0
0 0 0 0 0 0 0 0 0 0 0 0 0 0 0 0 0 0 0 0 0 0 0 0
0 0 0 0 0 0 0 0 0 0 0 0 0 0 0 0 0 0 0 0 0 0 0 0
0 0 0 0 0 0 0 0 0 0 0 0 0 0 0 0 0 0 0 0 0 0 0 0
0 0 0 0 0 0 0 0 0 0 0 0 0 0 0 0 0 0 0 0 0 0 0 0
0 0 0 0 0 0 0 0 0 0 0 0 0 0 0 0 0 0 0 0 0 0 0 0
0 0 0 0 0 0 0 0 0 0 0 0 0 0 0 0 0 0 0 0 0 0 0 0
0 0 0 0 0 0 0 0 0 0 0 0 0 0 0 0 0 0 0 0 0 0 0 0
0 0 0 0 0 0 0 0 0 0 0 0 0 0 0 0 0 0 0 0 0 0 0 0
0 0 0 0 0 0 0 0 0 0 0 0 0 0 0 0 0 0 0 0 0 0 0 0
0 0 0 0 0 0 0 0 0 0 0 0 0 0 0 0 0 0 0 0 0 0 0 0
0 0 0 0 0 0 0 0 0 0 0 0 0 0 0 0 0 0 0 0 0 0 0 0
0 0 0 0 0 0 0 0 0 0 0 0 0 0 0 0 0 0 0 0 0 0 0 0
0 0 0 0 0 0 0 0 0 0 0 0 0 0 0 0 0 0 0 0 0 0 0 0
0 0 0 0 0 0 0 0 0 0 0 0 0 0 0 0 0 0 0 0 0 0 0 0
0 0 0 0 0 0 0 0 0 0 0 0 0 0 0 0 0 0 0 0 0 0 0 0
0 0 0 0 0 0 0 0 0 0 0 0 0 0 0 0 0 0 0 0 0 0 0 0
0 0 0 0 59 53 54 65 0 0 0 0 58 53 53 63 0 0 0 0 54 49 47 58
0 0 0 0 460 471 503 479 0 0 0 0 456 470 498 476 0 0 0 0 444 458 485 461
0 0 0 0 995 1012 1054 1050 0 0 0 0 989 1004 1046 1047 0 0 0 0 974 987 1034 1039
0 0 0 0 1536 1538 1608 1606 0 0 0 0 1534 1533 1605 1601 0 0 0 0 1522 1527 1586 1588
0 0 0 0 2037 2080 2126 2087 0 0 0 0 2031 2074 2120 2081 0 0 0 0 2011 2062 2109 2064
0 0 0 0 2476 2494 2564 2488 0 0 0 0 2471 2489 2561 2484 0 0 0 0 2461 2483 2553 2467
0 0 0 0 0 0 0 0 0 0 0 0 0 0 0 0 0 0 0 0 0 0 0 0
0 0 0 0 0 0 0 0 0 0 0 0 0 0 0 0 0 0 0 0 0 0 0 0
0 0 0 0 0 0 0 0 0 0 0 0 0 0 0 0 0 0 0 0 0 0 0 0
0 0 0 0 0 1 0 2 0 0 0 0 0 1 0 2 0 0 0 0 0 1 0 2
0 0 0 0 252 244 243 255 0 0 0 0 250 234 239 253 0 0 0 0 241 220 232 247
0 0 0 0 769 783 794 778 0 0 0 0 764 779 794 776 0 0 0 0 754 768 780 768
0 0 0 0 1220 1256 1297 1318 0 0 0 0 1219 1253 1294 1317 0 0 0 0 1213 1247 1285 1314
0 0 0 0 1332 1365 1406 1406 0 0 0 0 1332 1365 1406 1406 0 0 0 0 1332 1365 1406 1406
0 0 0 0 1332 1365 1406 1406 0 0 0 0 1332 1365 1406 1406 0 0 0 0 1332 1365 1406 1406
0 0 0 0 1332 1365 1406 1406 0 0 0 0 1332 1365 1406 1406 0 0 0 0 1332 1365 1406 1406
0 0 0 0 1332 1365 1406 1406 0 0 0 0 1332 1365 1406 1406 0 0 0 0 1332 1365 1406 1406
0 0 0 0 1332 1365 1406 1388 0 0 0 0 1332 1365 1406 1388 0 0 0 0 1332 1365 1406 1388
0 0 0 0 0 0 0 1 0 0 0 0 0 0 0 1 0 0 0 0 0 0 0 1
0 0 0 0 19 30 29 28 0 0 0 0 19 29 27 27 0 0 0 0 16 24 27 24
0 0 0 0 496 568 487 500 0 0 0 0 494 565 485 496 0 0 0 0 487 558 481 492
0 0 0 0 988 1119 1017 1067 0 0 0 0 987 1116 1016 1062 0 0 0 0 979 1107 1005 1060
0 0 0 0 1279 1453 1326 1355 0 0 0 0 1279 1453 1326 1355 0 0 0 0 1279 1453 1326 1354
0 0 0 0 1283 1463 1327 1358 0 0 0 0 1283 1463 1327 1358 0 0 0 0 1283 1463 1327 1358
0 0 0 0 1283 1463 1327 1358 0 0 0 0 1283 1463 1327 1358 0 0 0 0 1283 1463 1327 1358
0 0 0 0 1283 1463 1327 1358 0 0 0 0 1283 1463 1327 1358 0 0 0 0 1283 1463 1327 1358
0 0 0 0 1283 1463 1327 1358 0 0 0 0 1283 1463 1327 1358 0 0 0 0 1283 1463 1327 1358
0 0 0 0 1283 1463 1327 1358 0 0 0 0 1283 1463 1327 1358 0 0 0 0 1283 1463 1327 1358
0 0 0 0 1283 1463 1327 1357 0 0 0 0 1283 1463 1327 1357 0 0 0 0 1283 1463 1327 1357
0 0 0 0 1240 1396 1271 1307 0 0 0 0 1240 1396 1271 1307 0 0 0 0 1240 1397 1271 1307
0 0 0 0 487 501 559 514 0 0 0 0 485 501 559 512 0 0 0 0 483 498 558 508
0 0 0 0 1004 1030 1099 1006 0 0 0 0 1003 1026 1099 1005 0 0 0 0 1001 1025 1095 1002
0 0 0 0 1047 1084 1155 1048 0 0 0 0 1047 1084 1155 1048 0 0 0 0 1047 1084 1155 1048
0 0 0 0 1047 1084 1155 1048 0 0 0 0 1047 1084 1155 1048 0 0 0 0 1047 1084 1155 1048
0 0 0 0 1047 1084 1155 1047 0 0 0 0 1047 1084 1155 1047 0 0 0 0 1047 1084 1155 1047
0 0 0 0 1033 1068 1135 1028 0 0 0 0 1033 1068 1135 1028 0 0 0 0 1034 1068 1135 1029
0 0 0 0 904 953 991 883 0 0 0 0 905 953 991 883 0 0 0 0 905 953 992 884
0 0 0 0 750 795 801 729 0 0 0 0 750 795 801 729 0 0 0 0 752 795 801 729
0 0 0 0 614 625 642 581 0 0 0 0 614 626 642 581 0 0 0 0 614 626 642 581
0 0 0 0 442 484 483 411 0 0 0 0 442 485 483 411 0 0 0 0 442 485 484 412
0 0 0 0 290 311 314 251 0 0 0 0 290 312 315 252 0 0 0 0 291 314 315 253
0 0 0 0 17 36 31 21 0 0 0 0 17 36 31 21 0 0 0 0 17 36 32 22
0 0 0 0 452 463 489 482 0 0 0 0 452 463 489 482 0 0 0 0 452 463 489 482
0 0 0 0 452 463 489 482 0 0 0 0 452 463 489 482 0 0 0 0 452 463 489 482
0 0 0 0 450 460 481 478 0 0 0 0 450 460 481 479 0 0 0 0 450 460 481 479
0 0 0 0 337 340 363 337 0 0 0 0 337 340 363 337 0 0 0 0 337 340 363 338
0 0 0 0 189 178 190 169 0 0 0 0 189 178 190 170 0 0 0 0 191 178 190 170
0 0 0 0 38 34 39 25 0 0 0 0 38 34 39 25 0 0 0 0 39 34 39 25
0 0 0 0 0 0 0 0 0 0 0 0 0 0 0 0 0 0 0 0 0 0 0 0
0 0 0 0 0 0 0 0 0 0 0 0 0 0 0 0 0 0 0 0 0 0 0 0
0 0 0 0 0 0 0 0 0 0 0 0 0 0 0 0 0 0 0 0 0 0 0 0
0 0 0 0 0 0 0 0 0 0 0 0 0 0 0 0 0 0 0 0 0 0 0 0
0 0 0 0 0 0 0 0 0 0 0 0 0 0 0 0 0 0 0 0 0 0 0 0
0 0 0 0 0 0 0 0 0 0 0 0 0 0 0 0 0 0 0 0 0 0 0 0
0 0 0 0 0 0 0 0 0 0 0 0 0 0 0 0 0 0 0 0 0 0 0 0
0 0 0 0 0 0 0 0 0 0 0 0 0 0 0 0 0 0 0 0 0 0 0 0
0 0 0 0 0 0 0 0 0 0 0 0 0 0 0 0 0 0 0 0 0 0 0 0
0 0 0 0 0 0 0 0 0 0 0 0 0 0 0 0 0 0 0 0 0 0 0 0
0 0 0 0 0 0 0 0 0 0 0 0 0 0 0 0 0 0 0 0 0 0 0 0
0 0 0 0 0 0 0 0 0 0 0 0 0 0 0 0 0 0 0 0 0 0 0 0
0 0 0 0 0 0 0 0 0 0 0 0 0 0 0 0 0 0 0 0 0 0 0 0
0 0 0 0 0 0 0 0 0 0 0 0 0 0 0 0 0 0 0 0 0 0 0 0
0 0 0 0 0 0 0 0 0 0 0 0 0 0 0 0 0 0 0 0 0 0 0 0
0 0 0 0 0 0 0 0 0 0 0 0 0 0 0 0 0 0 0 0 0 0 0 0
0 0 0 0 0 0 0 0 0 0 0 0 0 0 0 0 0 0 0 0 0 0 0 0
0 0 0 0 0 0 0 0 0 0 0 0 0 0 0 0 0 0 0 0 0 0 0 0
0 0 0 0 0 0 0 0 0 0 0 0 0 0 0 0 0 0 0 0 0 0 0 0
0 0 0 0 0 0 0 0 0 0 0 0 0 0 0 0 0 0 0 0 0 0 0 0
0 0 0 0 0 0 0 0 0 0 0 0 0 0 0 0 0 0 0 0 0 0 0 0
0 0 0 0 0 0 0 0 0 0 0 0 0 0 0 0 0 0 0 0 0 0 0 0
0 0 0 0 0 0 0 0 0 0 0 0 0 0 0 0 0 0 0 0 0 0 0 0
0 0 0 0 0 0 0 0 0 0 0 0 0 0 0 0 0 0 0 0 0 0 0 0
0 0 0 0 51 69 63 73 0 0 0 0 48 67 62 71 0 0 0 0 47 58 56 59
0 0 0 0 514 513 542 594 0 0 0 0 506 510 537 592 0 0 0 0 489 494 518 574
0 0 0 0 1052 1054 1138 1195 0 0 0 0 1044 1050 1134 1190 0 0 0 0 1030 1038 1119 1169
0 0 0 0 1599 1602 1658 1712 0 0 0 0 1590 1596 1652 1702 0 0 0 0 1568 1581 1639 1688
0 0 0 0 2044 2114 2132 2223 0 0 0 0 2038 2110 2127 2218 0 0 0 0 2018 2098 2124 2201
0 0 0 0 2340 2426 2435 2519 0 0 0 0 2339 2423 2435 2518 0 0 0 0 2335 2422 2429 2513
0 0 0 0 0 0 0 0 0 0 0 0 0 0 0 0 0 0 0 0 0 0 0 0
0 0 0 0 0 0 0 0 0 0 0 0 0 0 0 0 0 0 0 0 0 0 0 0
0 0 0 0 0 0 0 0 0 0 0 0 0 0 0 0 0 0 0 0 0 0 0 0
0 0 0 0 0 2 0 0 0 0 0 0 0 2 0 0 0 0 0 0 0 2 0 0
0 0 0 0 222 286 252 253 0 0 0 0 219 283 252 252 0 0 0 0 212 274 246 236
0 0 0 0 817 847 805 865 0 0 0 0 813 842 802 858 0 0 0 0 805 833 794 839
0 0 0 0 1324 1370 1320 1371 0 0 0 0 1322 1367 1316 1369 0 0 0 0 1319 1363 1314 1361
0 0 0 0 1431 1468 1436 1497 0 0 0 0 1431 1468 1436 1496 0 0 0 0 1431 1468 1436 1496
0 0 0 0 1432 1469 1436 1497 0 0 0 0 1432 1469 1436 1497 0 0 0 0 1432 1469 1436 1497
0 0 0 0 1432 1469 1436 1497 0 0 0 0 1432 1469 1436 1497 0 0 0 0 1432 1469 1436 1497
0 0 0 0 1432 1469 1436 1497 0 0 0 0 1432 1469 1436 1497 0 0 0 0 1432 1469 1436 1497
0 0 0 0 1432 1469 1436 1491 0 0 0 0 1432 1469 1436 1491 0 0 0 0 1432 1469 1436 1491
0 0 0 0 0 0 0 0 0 0 0 0 0 0 0 0 0 0 0 0 0 0 0 0
0 0 0 0 32 30 22 30 0 0 0 0 30 29 21 27 0 0 0 0 25 27 20 27
0 0 0 0 539 616 559 579 0 0 0 0 537 613 558 573 0 0 0 0 535 606 549 566
0 0 0 0 1083 1168 1153 1175 0 0 0 0 1082 1165 1145 1172 0 0 0 0 1074 1149 1134 1158
0 0 0 0 1389 1506 1506 1482 0 0 0 0 1389 1506 1506 1482 0 0 0 0 1388 1506 1506 1482
0 0 0 0 1392 1511 1506 1484 0 0 0 0 1392 1511 1506 1484 0 0 0 0 1392 1511 1506 1484
0 0 0 0 1392 1511 1506 1484 0 0 0 0 1392 1511 1506 1484 0 0 0 0 1392 1511 1506 1484
0 0 0 0 1392 1511 1506 1484 0 0 0 0 1392 1511 1506 1484 0 0 0 0 1392 1511 1506 1484
0 0 0 0 1392 1511 1506 1484 0 0 0 0 1392 1511 1506 1484 0 0 0 0 1392 1511 1506 1484
0 0 0 0 1392 1511 1506 1484 0 0 0 0 1392 1511 1506 1484 0 0 0 0 1392 1511 1506 1484
0 0 0 0 1392 1511 1506 1484 0 0 0 0 1392 1511 1506 1484 0 0 0 0 1392 1511 1506 1484
0 0 0 0 1326 1444 1446 1410 0 0 0 0 1326 1444 1446 1410 0 0 0 0 1327 1445 1446 1411
0 0 0 0 550 603 593 593 0 0 0 0 549 603 592 591 0 0 0 0 546 597 588 588
0 0 0 0 1087 1192 1215 1145 0 0 0 0 1086 1191 1211 1144 0 0 0 0 1080 1190 1208 1140
0 0 0 0 1151 1241 1285 1205 0 0 0 0 1151 1241 1285 1205 0 0 0 0 1151 1241 1285 1205
0 0 0 0 1151 1241 1285 1205 0 0 0 0 1151 1241 1285 1205 0 0 0 0 1151 1241 1285 1205
0 0 0 0 1151 1241 1285 1205 0 0 0 0 1151 1241 1285 1205 0 0 0 0 1151 1241 1285 1205
0 0 0 0 1137 1224 1266 1184 0 0 0 0 1137 1224 1266 1184 0 0 0 0 1137 1224 1266 1184
0 0 0 0 1007 1097 1129 1030 0 0 0 0 1007 1097 1129 1030 0 0 0 0 1008 1098 1129 1030
0 0 0 0 825 895 936 847 0 0 0 0 825 895 936 848 0 0 0 0 825 895 936 848
0 0 0 0 654 709 751 666 0 0 0 0 654 709 751 667 0 0 0 0 654 709 751 668
0 0 0 0 487 518 564 505 0 0 0 0 488 518 564 505 0 0 0 0 488 520 564 505
0 0 0 0 321 340 378 327 0 0 0 0 321 340 378 327 0 0 0 0 321 340 380 328
0 0 0 0 33 23 34 39 0 0 0 0 33 23 34 39 0 0 0 0 34 23 34 40
0 0 0 0 488 539 526 545 0 0 0 0 488 539 526 545 0 0 0 0 488 539 526 545
0 0 0 0 488 539 526 545 0 0 0 0 488 539 526 545 0 0 0 0 488 539 526 545
0 0 0 0 481 533 522 535 0 0 0 0 481 533 522 535 0 0 0 0 481 533 522 535
0 0 0 0 363 388 386 384 0 0 0 0 363 388 387 385 0 0 0 0 363 388 387 385
0 0 0 0 192 191 214 196 0 0 0 0 192 191 214 196 0 0 0 0 192 191 214 196
0 0 0 0 30 35 32 39 0 0 0 0 30 35 32 39 0 0 0 0 31 35 32 39
0 0 0 0 0 0 0 0 0 0 0 0 0 0 0 0 0 0 0 0 0 0 0 0
0 0 0 0 0 0 0 0 0 0 0 0 0 0 0 0 0 0 0 0 0 0 0 0
0 0 0 0 0 0 0 0 0 0 0 0 0 0 0 0 0 0 0 0 0 0 0 0
0 0 0 0 0 0 0 0 0 0 0 0 0 0 0 0 0 0 0 0 0 0 0 0
0 0 0 0 0 0 0 0 0 0 0 0 0 0 0 0 0 0 0 0 0 0 0 0
0 0 0 0 0 0 0 0 0 0 0 0 0 0 0 0 0 0 0 0 0 0 0 0
0 0 0 0 0 0 0 0 0 0 0 0 0 0 0 0 0 0 0 0 0 0 0 0
0 0 0 0 0 0 0 0 0 0 0 0 0 0 0 0 0 0 0 0 0 0 0 0
0 0 0 0 0 0 0 0 0 0 0 0 0 0 0 0 0 0 0 0 0 0 0 0
0 0 0 0 0 0 0 0 0 0 0 0 0 0 0 0 0 0 0 0 0 0 0 0
0 0 0 0 0 0 0 0 0 0 0 0 0 0 0 0 0 0 0 0 0 0 0 0
0 0 0 0 0 0 0 0 0 0 0 0 0 0 0 0 0 0 0 0 0 0 0 0
0 0 0 0 0 0 0 0 0 0 0 0 0 0 0 0 0 0 0 0 0 0 0 0
0 0 0 0 0 0 0 0 0 0 0 0 0 0 0 0 0 0 0 0 0 0 0 0
0 0 0 0 0 0 0 0 0 0 0 0 0 0 0 0 0 0 0 0 0 0 0 0
0 0 0 0 0 0 0 0 0 0 0 0 0 0 0 0 0 0 0 0 0 0 0 0
0 0 0 0 0 0 0 0 0 0 0 0 0 0 0 0 0 0 0 0 0 0 0 0
0 0 0 0 0 0 0 0 0 0 0 0 0 0 0 0 0 0 0 0 0 0 0 0
