1.05553e+08 1.05553e+08 0 0 0 0
0 0 0 0 0 0 0 0 0 0 0 0 0 0 0 0 0 0 0 0 0 0 
0 0 0 0 0 0 0 0 0 0 0 0 0 0 0 0 0 0 0 0 0 0 
0 0 0 0 0 0 0 0 0 0 0 0 0 0 0 0 0 0 0 0 0 0 
0 0 0 0 0 0 0 0 0 0 0 0 0 0 0 0 0 0 0 0 0 0 
0 0 0 0 0 0 0 0 0 0 0 0 0 0 0 0 0 0 0 0 0 0 
0 0 0 0 0 0 0 0 0 0 0 0 0 0 0 0 0 0 0 0 0 0 
0 0 0 0 0 0 0 0 0 0 0 0 0 0 0 0 0 0 0 0 0 0 
0 0 0 0 0 0 0 0 0 0 0 0 0 0 0 0 0 0 0 0 0 0 
0 0 0 0 0 0 0 0 0 0 0 0 0 0 0 0 0 0 0 0 0 0 
0 0 0 0 0 0 0 0 0 0 0 0 0 0 0 0 0 0 0 0 0 0 
0 0 0 0 0 0 0 0 0 0 0 0 0 0 0 0 0 0 0 0 0 0 
0 0 0 0 0 0 0 0 0 0 0 0 0 0 0 0 0 0 0 0 0 0 
0 0 0 0 0 0 0 0 0 0 0 0 0 0 0 0 0 0 0 0 0 0 
0 0 0 0 0 0 0 0 0 0 0 0 0 0 0 0 0 0 0 0 0 0 
0 0 0 0 0 0 0 0 0 0 0 0 0 0 0 0 0 0 0 0 0 0 
0 0 0 0 0 0 0 0 0 0 0 0 0 0 0 0 0 0 0 0 0 0 
0 0 0 0 0 0 0 0 0 0 0 0 0 0 0 0 0 0 0 0 0 0 
0 0 0 0 0 0 0 0 0 0 0 0 0 0 0 0 0 0 0 0 0 0 
0 0 0 0 0 0 0 0 0 0 0 0 0 0 0 0 0 0 0 0 0 0 
0 0 0 0 0 0 0 0 0 0 0 0 0 0 0 0 0 0 0 0 0 0 
0 0 0 0 0 0 0 0 0 0 0 0 0 0 0 0 0 0 0 0 0 0 
0 0 0 0 0 0 0 0 0 0 0 0 0 0 0 0 0 0 0 0 0 0 
0 0 0 0 0 0 0 0 0 0 0 0 0 0 0 0 0 0 0 0 0 0 
0 0 0 0 0 0 0 0 0 0 0 0 0 0 0 0 0 0 0 0 0 0 
0 0 0 0 0 0 0 0 0 0 0 0 0 0 0 0 0 0 0 0 0 0 
0 0 0 0 0 0 0 0 0 0 0 0 0 0 0 0 0 0 0 0 0 0 
0 0 0 0 0 0 0 0 0 0 0 0 0 0 0 0 0 0 0 0 0 0 
0 0 0 0 0 0 0 0 0 0 0 0 0 0 0 0 0 0 0 0 0 0 
0 0 0 0 0 0 0 0 0 0 0 0 0 0 0 0 0 0 0 0 0 0 
0 0 0 0 0 0 0 0 0 0 0 0 0 0 0 0 0 0 0 0 0 0 
0 0 0 0 0 0 0 0 0 0 0 0 0 0 0 0 0 0 0 0 0 0 
0 0 0 0 0 0 0 0 0 0 0 0 0 0 0 0 0 0 0 0 0 0 
0 0 0 0 0 0 0 0 0 0 0 0 0 0 0 0 0 0 0 0 0 0 
0 0 0 0 0 0 0 0 0 0 0 0 0 0 0 0 0 0 0 0 0 0 
0 0 0 0 0 0 0 0 0 0 0 0 0 0 0 0 0 0 0 0 0 0 
0 0 0 0 0 0 0 0 0 0 0 0 0 0 0 0 0 0 0 0 0 0 
82783 75650 17101 14940 111912 99447 0 0 0 0 0 0 0 0 0 0 0 0 0 0 0 0 
56172 49793 12830 10679 77701 67009 0 0 0 0 0 0 0 0 0 0 0 0 0 0 0 0 
38182 33209 9232 7431 54104 45520 0 0 0 0 0 0 0 0 0 0 0 0 0 0 0 0 
26367 22950 7084 5292 38436 31718 0 0 0 0 0 0 0 0 0 0 0 0 0 0 0 0 
19409 16297 5006 3966 28231 22779 0 0 0 0 0 0 0 0 0 0 0 0 0 0 0 0 
13602 11636 3706 2806 20210 16254 0 0 0 0 0 0 0 0 0 0 0 0 0 0 0 0 
8471 6816 2427 1693 12723 9640 0 0 0 0 0 0 0 0 0 0 0 0 0 0 0 0 
3942 3174 1209 811 6036 4459 0 0 0 0 0 0 0 0 0 0 0 0 0 0 0 0 
1470 1205 437 317 2235 1687 0 0 0 0 0 0 0 0 0 0 0 0 0 0 0 0 
402 311 135 106 616 463 0 0 0 0 0 0 0 0 0 0 0 0 0 0 0 0 
40 41 14 5 67 49 0 0 0 0 0 0 0 0 0 0 0 0 0 0 0 0 
0 0 0 0 0 0 0 0 0 0 0 0 0 0 0 0 0 0 0 0 0 0 
130598 119412 29136 25297 177840 159663 0 0 0 0 0 0 0 0 0 0 0 0 0 0 0 0 
84102 76707 20134 17319 117392 104162 0 0 0 0 0 0 0 0 0 0 0 0 0 0 0 0 
57301 51134 14638 11841 81669 70314 0 0 0 0 0 0 0 0 0 0 0 0 0 0 0 0 
34853 30591 9086 7542 50420 42890 0 0 0 0 0 0 0 0 0 0 0 0 0 0 0 0 
14796 12988 4217 3133 21965 18075 0 0 0 0 0 0 0 0 0 0 0 0 0 0 0 0 
3850 3166 1114 897 5733 4595 0 0 0 0 0 0 0 0 0 0 0 0 0 0 0 0 
200 173 45 50 293 251 0 0 0 0 0 0 0 0 0 0 0 0 0 0 0 0 
0 0 0 0 0 0 0 0 0 0 0 0 0 0 0 0 0 0 0 0 0 0 
0 0 0 0 0 0 0 0 0 0 0 0 0 0 0 0 0 0 0 0 0 0 
0 0 0 0 0 0 0 0 0 0 0 0 0 0 0 0 0 0 0 0 0 0 
0 0 0 0 0 0 0 0 0 0 0 0 0 0 0 0 0 0 0 0 0 0 
0 0 0 0 0 0 0 0 0 0 0 0 0 0 0 0 0 0 0 0 0 0 
0 0 0 0 0 0 0 0 0 0 0 0 0 0 0 0 0 0 0 0 0 0 
0 0 0 0 0 0 0 0 0 0 0 0 0 0 0 0 0 0 0 0 0 0 
0 0 0 0 0 0 0 0 0 0 0 0 0 0 0 0 0 0 0 0 0 0 
0 0 0 0 0 0 0 0 0 0 0 0 0 0 0 0 0 0 0 0 0 0 
0 0 0 0 0 0 0 0 0 0 0 0 0 0 0 0 0 0 0 0 0 0 
0 0 0 0 0 0 0 0 0 0 0 0 0 0 0 0 0 0 0 0 0 0 
0 0 0 0 0 0 0 0 0 0 0 0 0 0 0 0 0 0 0 0 0 0 
0 0 0 0 0 0 0 0 0 0 0 0 0 0 0 0 0 0 0 0 0 0 
0 0 0 0 0 0 0 0 0 0 0 0 0 0 0 0 0 0 0 0 0 0 
0 0 0 0 0 0 0 0 0 0 0 0 0 0 0 0 0 0 0 0 0 0 
0 0 0 0 0 0 0 0 0 0 0 0 0 0 0 0 0 0 0 0 0 0 
0 0 0 0 0 0 0 0 0 0 0 0 0 0 0 0 0 0 0 0 0 0 
0 0 0 0 0 0 0 0 0 0 0 0 0 0 0 0 0 0 0 0 0 0 
0 0 0 0 0 0 0 0 0 0 0 0 0 0 0 0 0 0 0 0 0 0 
0 0 0 0 0 0 0 0 0 0 0 0 0 0 0 0 0 0 0 0 0 0 
0 0 0 0 0 0 0 0 0 0 0 0 0 0 0 0 0 0 0 0 0 0 
0 0 0 0 0 0 0 0 0 0 0 0 0 0 0 0 0 0 0 0 0 0 
0 0 0 0 0 0 0 0 0 0 0 0 0 0 0 0 0 0 0 0 0 0 
0 0 0 0 0 0 0 0 0 0 0 0 0 0 0 0 0 0 0 0 0 0 
0 0 0 0 0 0 0 0 0 0 0 0 0 0 0 0 0 0 0 0 0 0 
0 0 0 0 0 0 0 0 0 0 0 0 0 0 0 0 0 0 0 0 0 0 
0 0 0 0 0 0 0 0 0 0 0 0 0 0 0 0 0 0 0 0 0 0 
0 0 0 0 0 0 0 0 0 0 0 0 0 0 0 0 0 0 0 0 0 0 
0 0 0 0 0 0 0 0 0 0 0 0 0 0 0 0 0 0 0 0 0 0 
0 0 0 0 0 0 0 0 0 0 0 0 0 0 0 0 0 0 0 0 0 0 
0 0 0 0 0 0 0 0 0 0 0 0 0 0 0 0 0 0 0 0 0 0 
0 0 0 0 0 0 0 0 0 0 0 0 0 0 0 0 0 0 0 0 0 0 
1631 1273 336 262 2262 1693 0 0 0 0 0 0 0 0 0 0 0 0 0 0 0 0 
6319 4876 1451 1035 9045 6622 0 0 0 0 0 0 0 0 0 0 0 0 0 0 0 0 
5802 4491 1414 912 8472 6028 0 0 0 0 0 0 0 0 0 0 0 0 0 0 0 0 
4528 3453 1206 805 6699 4708 0 0 0 0 0 0 0 0 0 0 0 0 0 0 0 0 
3615 2681 997 589 5352 3596 0 0 0 0 0 0 0 0 0 0 0 0 0 0 0 0 
2751 1925 879 474 4265 2684 0 0 0 0 0 0 0 0 0 0 0 0 0 0 0 0 
2047 1499 700 405 3227 2135 0 0 0 0 0 0 0 0 0 0 0 0 0 0 0 0 
1670 1102 564 273 2630 1536 0 0 0 0 0 0 0 0 0 0 0 0 0 0 0 0 
2089 1396 749 399 3355 2003 0 0 0 0 0 0 0 0 0 0 0 0 0 0 0 0 
548 512 91 82 711 649 0 0 0 0 0 0 0 0 0 0 0 0 0 0 0 0 
39112 33653 8497 6500 53976 44313 0 0 0 0 0 0 0 0 0 0 0 0 0 0 0 0 
76921 64366 18136 13308 108700 86098 0 0 0 0 0 0 0 0 0 0 0 0 0 0 0 0 
76719 62069 18539 13420 109682 84326 0 0 0 0 0 0 0 0 0 0 0 0 0 0 0 0 
58413 47154 15215 10697 85607 64733 0 0 0 0 0 0 0 0 0 0 0 0 0 0 0 0 
44036 34704 11912 8134 65553 47839 0 0 0 0 0 0 0 0 0 0 0 0 0 0 0 0 
33002 25308 9506 6137 49560 35334 0 0 0 0 0 0 0 0 0 0 0 0 0 0 0 0 
24919 18757 7491 4785 38001 26489 0 0 0 0 0 0 0 0 0 0 0 0 0 0 0 0 
18660 13609 6099 3668 28929 19378 0 0 0 0 0 0 0 0 0 0 0 0 0 0 0 0 
14031 9946 4711 2761 22041 14319 0 0 0 0 0 0 0 0 0 0 0 0 0 0 0 0 
10282 7219 3793 2166 16598 10467 0 0 0 0 0 0 0 0 0 0 0 0 0 0 0 0 
12148 9066 4809 2707 20014 13035 0 0 0 0 0 0 0 0 0 0 0 0 0 0 0 0 
240634 215202 49279 41977 323109 281692 0 0 0 0 0 0 0 0 0 0 0 0 0 0 0 0 
226791 198767 50829 41084 312447 265375 0 0 0 0 0 0 0 0 0 0 0 0 0 0 0 0 
159206 136934 38159 29537 224737 185440 0 0 0 0 0 0 0 0 0 0 0 0 0 0 0 0 
112035 95840 28638 21611 161725 131126 0 0 0 0 0 0 0 0 0 0 0 0 0 0 0 0 
80990 68692 21691 16260 118870 94897 0 0 0 0 0 0 0 0 0 0 0 0 0 0 0 0 
60031 48852 16687 12152 89202 68403 0 0 0 0 0 0 0 0 0 0 0 0 0 0 0 0 
41288 33536 12541 8790 62712 47817 0 0 0 0 0 0 0 0 0 0 0 0 0 0 0 0 
26328 20900 8370 5378 40658 29603 0 0 0 0 0 0 0 0 0 0 0 0 0 0 0 0 
16022 12296 5421 3525 25188 17752 0 0 0 0 0 0 0 0 0 0 0 0 0 0 0 0 
9176 6864 3319 1970 14617 9876 0 0 0 0 0 0 0 0 0 0 0 0 0 0 0 0 
4674 3436 1781 1064 7594 5020 0 0 0 0 0 0 0 0 0 0 0 0 0 0 0 0 
2143 1611 855 468 3548 2362 0 0 0 0 0 0 0 0 0 0 0 0 0 0 0 0 
102062 95657 22139 19638 137649 126271 0 0 0 0 0 0 0 0 0 0 0 0 0 0 0 0 
68993 62302 15967 13743 94805 83899 0 0 0 0 0 0 0 0 0 0 0 0 0 0 0 0 
47438 42083 12011 9627 66835 57306 0 0 0 0 0 0 0 0 0 0 0 0 0 0 0 0 
30622 27090 8027 5961 43861 36784 0 0 0 0 0 0 0 0 0 0 0 0 0 0 0 0 
15172 12909 4084 3258 22009 18073 0 0 0 0 0 0 0 0 0 0 0 0 0 0 0 0 
4749 4006 1349 961 6985 5539 0 0 0 0 0 0 0 0 0 0 0 0 0 0 0 0 
305 269 80 50 445 369 0 0 0 0 0 0 0 0 0 0 0 0 0 0 0 0 
0 0 0 0 0 0 0 0 0 0 0 0 0 0 0 0 0 0 0 0 0 0 
0 0 0 0 0 0 0 0 0 0 0 0 0 0 0 0 0 0 0 0 0 0 
0 0 0 0 0 0 0 0 0 0 0 0 0 0 0 0 0 0 0 0 0 0 
0 0 0 0 0 0 0 0 0 0 0 0 0 0 0 0 0 0 0 0 0 0 
0 0 0 0 0 0 0 0 0 0 0 0 0 0 0 0 0 0 0 0 0 0 
0 0 0 0 0 0 0 0 0 0 0 0 0 0 0 0 0 0 0 0 0 0 
0 0 0 0 0 0 0 0 0 0 0 0 0 0 0 0 0 0 0 0 0 0 
0 0 0 0 0 0 0 0 0 0 0 0 0 0 0 0 0 0 0 0 0 0 
0 0 0 0 0 0 0 0 0 0 0 0 0 0 0 0 0 0 0 0 0 0 
0 0 0 0 0 0 0 0 0 0 0 0 0 0 0 0 0 0 0 0 0 0 
0 0 0 0 0 0 0 0 0 0 0 0 0 0 0 0 0 0 0 0 0 0 
0 0 0 0 0 0 0 0 0 0 0 0 0 0 0 0 0 0 0 0 0 0 
0 0 0 0 0 0 0 0 0 0 0 0 0 0 0 0 0 0 0 0 0 0 
0 0 0 0 0 0 0 0 0 0 0 0 0 0 0 0 0 0 0 0 0 0 
0 0 0 0 0 0 0 0 0 0 0 0 0 0 0 0 0 0 0 0 0 0 
0 0 0 0 0 0 0 0 0 0 0 0 0 0 0 0 0 0 0 0 0 0 
0 0 0 0 0 0 0 0 0 0 0 0 0 0 0 0 0 0 0 0 0 0 
0 0 0 0 0 0 0 0 0 0 0 0 0 0 0 0 0 0 0 0 0 0 
0 0 0 0 0 0 0 0 0 0 0 0 0 0 0 0 0 0 0 0 0 0 
0 0 0 0 0 0 0 0 0 0 0 0 0 0 0 0 0 0 0 0 0 0 
0 0 0 0 0 0 0 0 0 0 0 0 0 0 0 0 0 0 0 0 0 0 
0 0 0 0 0 0 0 0 0 0 0 0 0 0 0 0 0 0 0 0 0 0 
215 144 41 30 295 195 0 0 0 0 0 0 0 0 0 0 0 0 0 0 0 0 
3701 2649 971 586 5501 3535 0 0 0 0 0 0 0 0 0 0 0 0 0 0 0 0 
7805 5468 2121 1180 11548 7290 0 0 0 0 0 0 0 0 0 0 0 0 0 0 0 0 
8793 6011 2448 1242 13098 8026 0 0 0 0 0 0 0 0 0 0 0 0 0 0 0 0 
7881 5093 2412 1090 12050 6893 0 0 0 0 0 0 0 0 0 0 0 0 0 0 0 0 
6411 4107 2083 917 9969 5566 0 0 0 0 0 0 0 0 0 0 0 0 0 0 0 0 
8561 5334 3110 1334 13620 7446 0 0 0 0 0 0 0 0 0 0 0 0 0 0 0 0 
0 0 0 0 0 0 0 0 0 0 0 0 0 0 0 0 0 0 0 0 0 0 
0 0 0 0 0 0 0 0 0 0 0 0 0 0 0 0 0 0 0 0 0 0 
0 1 0 0 0 1 0 0 0 0 0 0 0 0 0 0 0 0 0 0 0 0 
3222 2443 721 504 4507 3261 0 0 0 0 0 0 0 0 0 0 0 0 0 0 0 0 
19498 15215 4682 3054 28052 20136 0 0 0 0 0 0 0 0 0 0 0 0 0 0 0 0 
31045 23631 7838 4808 45285 31607 0 0 0 0 0 0 0 0 0 0 0 0 0 0 0 0 
30298 22275 8029 4714 44920 30053 0 0 0 0 0 0 0 0 0 0 0 0 0 0 0 0 
24172 17351 6877 3861 36429 23546 0 0 0 0 0 0 0 0 0 0 0 0 0 0 0 0 
19291 13490 5973 3082 29619 18318 0 0 0 0 0 0 0 0 0 0 0 0 0 0 0 0 
14930 10242 5036 2532 23587 14203 0 0 0 0 0 0 0 0 0 0 0 0 0 0 0 0 
11640 7851 4155 1954 18661 10878 0 0 0 0 0 0 0 0 0 0 0 0 0 0 0 0 
15119 9864 5816 2701 24692 13919 0 0 0 0 0 0 0 0 0 0 0 0 0 0 0 0 
261 206 54 52 342 278 0 0 0 0 0 0 0 0 0 0 0 0 0 0 0 0 
21986 18110 4815 3737 30287 24119 0 0 0 0 0 0 0 0 0 0 0 0 0 0 0 0 
52677 42481 11893 8814 74053 56876 0 0 0 0 0 0 0 0 0 0 0 0 0 0 0 0 
64208 50771 15209 10593 91591 67928 0 0 0 0 0 0 0 0 0 0 0 0 0 0 0 0 
52443 39976 13400 8833 76523 54446 0 0 0 0 0 0 0 0 0 0 0 0 0 0 0 0 
38673 29334 10099 6957 57351 40508 0 0 0 0 0 0 0 0 0 0 0 0 0 0 0 0 
29422 21802 8541 5134 44520 30034 0 0 0 0 0 0 0 0 0 0 0 0 0 0 0 0 
22043 16007 6983 4137 34067 22421 0 0 0 0 0 0 0 0 0 0 0 0 0 0 0 0 
16847 12037 5455 3124 26387 16939 0 0 0 0 0 0 0 0 0 0 0 0 0 0 0 0 
12590 8659 4322 2343 20032 12355 0 0 0 0 0 0 0 0 0 0 0 0 0 0 0 0 
9277 6087 3468 1726 15204 8703 0 0 0 0 0 0 0 0 0 0 0 0 0 0 0 0 
11075 7215 4373 2302 18108 10605 0 0 0 0 0 0 0 0 0 0 0 0 0 0 0 0 
79274 71563 16074 13655 105629 93074 0 0 0 0 0 0 0 0 0 0 0 0 0 0 0 0 
79849 70803 17436 14510 109189 93669 0 0 0 0 0 0 0 0 0 0 0 0 0 0 0 0 
57935 49790 13643 10623 81075 66729 0 0 0 0 0 0 0 0 0 0 0 0 0 0 0 0 
41456 35958 10396 7857 59276 48702 0 0 0 0 0 0 0 0 0 0 0 0 0 0 0 0 
31202 26509 8061 5899 45060 36136 0 0 0 0 0 0 0 0 0 0 0 0 0 0 0 0 
23247 19549 6197 4507 34110 26823 0 0 0 0 0 0 0 0 0 0 0 0 0 0 0 0 
16801 13645 4877 3318 25116 19070 0 0 0 0 0 0 0 0 0 0 0 0 0 0 0 0 
11172 8654 3519 2168 17116 12119 0 0 0 0 0 0 0 0 0 0 0 0 0 0 0 0 
7311 5557 2357 1451 11238 7791 0 0 0 0 0 0 0 0 0 0 0 0 0 0 0 0 
4237 3340 1439 876 6614 4656 0 0 0 0 0 0 0 0 0 0 0 0 0 0 0 0 
2185 1573 836 411 3534 2235 0 0 0 0 0 0 0 0 0 0 0 0 0 0 0 0 
1016 744 426 254 1696 1119 0 0 0 0 0 0 0 0 0 0 0 0 0 0 0 0 
34698 31612 7748 6704 46875 42052 0 0 0 0 0 0 0 0 0 0 0 0 0 0 0 0 
23637 21260 5507 4574 32532 28562 0 0 0 0 0 0 0 0 0 0 0 0 0 0 0 0 
16488 14643 4242 3301 23431 19865 0 0 0 0 0 0 0 0 0 0 0 0 0 0 0 0 
10634 9223 2844 2228 15308 12773 0 0 0 0 0 0 0 0 0 0 0 0 0 0 0 0 
5070 4399 1390 1040 7437 6057 0 0 0 0 0 0 0 0 0 0 0 0 0 0 0 0 
1608 1354 426 306 2373 1824 0 0 0 0 0 0 0 0 0 0 0 0 0 0 0 0 
96 72 28 13 138 100 0 0 0 0 0 0 0 0 0 0 0 0 0 0 0 0 
0 0 0 0 0 0 0 0 0 0 0 0 0 0 0 0 0 0 0 0 0 0 
0 0 0 0 0 0 0 0 0 0 0 0 0 0 0 0 0 0 0 0 0 0 
0 0 0 0 0 0 0 0 0 0 0 0 0 0 0 0 0 0 0 0 0 0 
0 0 0 0 0 0 0 0 0 0 0 0 0 0 0 0 0 0 0 0 0 0 
0 0 0 0 0 0 0 0 0 0 0 0 0 0 0 0 0 0 0 0 0 0 
0 0 0 0 0 0 0 0 0 0 0 0 0 0 0 0 0 0 0 0 0 0 
0 0 0 0 0 0 0 0 0 0 0 0 0 0 0 0 0 0 0 0 0 0 
0 0 0 0 0 0 0 0 0 0 0 0 0 0 0 0 0 0 0 0 0 0 
0 0 0 0 0 0 0 0 0 0 0 0 0 0 0 0 0 0 0 0 0 0 
0 0 0 0 0 0 0 0 0 0 0 0 0 0 0 0 0 0 0 0 0 0 
0 0 0 0 0 0 0 0 0 0 0 0 0 0 0 0 0 0 0 0 0 0 
0 0 0 0 0 0 0 0 0 0 0 0 0 0 0 0 0 0 0 0 0 0 
0 0 0 0 0 0 0 0 0 0 0 0 0 0 0 0 0 0 0 0 0 0 
0 0 0 0 0 0 0 0 0 0 0 0 0 0 0 0 0 0 0 0 0 0 
0 0 0 0 0 0 0 0 0 0 0 0 0 0 0 0 0 0 0 0 0 0 
0 0 0 0 0 0 0 0 0 0 0 0 0 0 0 0 0 0 0 0 0 0 
0 0 0 0 0 0 0 0 0 0 0 0 0 0 0 0 0 0 0 0 0 0 
0 0 0 0 0 0 0 0 0 0 0 0 0 0 0 0 0 0 0 0 0 0 
0 0 0 0 0 0 0 0 0 0 0 0 0 0 0 0 0 0 0 0 0 0 
0 0 0 0 0 0 0 0 0 0 0 0 0 0 0 0 0 0 0 0 0 0 
0 0 0 0 0 0 0 0 0 0 0 0 0 0 0 0 0 0 0 0 0 0 
0 0 0 0 0 0 0 0 0 0 0 0 0 0 0 0 0 0 0 0 0 0 
147 125 25 23 200 155 0 0 0 0 0 0 0 0 0 0 0 0 0 0 0 0 
3398 2337 818 433 4887 3062 0 0 0 0 0 0 0 0 0 0 0 0 0 0 0 0 
8829 6034 2326 1141 13046 7956 0 0 0 0 0 0 0 0 0 0 0 0 0 0 0 0 
12661 8047 3624 1656 18868 10734 0 0 0 0 0 0 0 0 0 0 0 0 0 0 0 0 
14756 9399 4385 1961 22348 12590 0 0 0 0 0 0 0 0 0 0 0 0 0 0 0 0 
15145 9461 5102 2148 23557 12795 0 0 0 0 0 0 0 0 0 0 0 0 0 0 0 0 
23706 14048 8402 3440 37294 19357 0 0 0 0 0 0 0 0 0 0 0 0 0 0 0 0 
0 0 0 0 0 0 0 0 0 0 0 0 0 0 0 0 0 0 0 0 0 0 
0 0 0 0 0 0 0 0 0 0 0 0 0 0 0 0 0 0 0 0 0 0 
0 0 0 1 0 1 0 0 0 0 0 0 0 0 0 0 0 0 0 0 0 0 
1683 1257 418 265 2428 1666 0 0 0 0 0 0 0 0 0 0 0 0 0 0 0 0 
10622 7916 2592 1597 15359 10534 0 0 0 0 0 0 0 0 0 0 0 0 0 0 0 0 
17510 12791 4585 2646 25857 17092 0 0 0 0 0 0 0 0 0 0 0 0 0 0 0 0 
18311 13040 4937 2741 27236 17483 0 0 0 0 0 0 0 0 0 0 0 0 0 0 0 0 
14815 10395 4343 2300 22490 14075 0 0 0 0 0 0 0 0 0 0 0 0 0 0 0 0 
11882 7794 3650 1803 18170 10638 0 0 0 0 0 0 0 0 0 0 0 0 0 0 0 0 
9324 6095 3121 1439 14669 8370 0 0 0 0 0 0 0 0 0 0 0 0 0 0 0 0 
7210 4506 2548 1048 11584 6145 0 0 0 0 0 0 0 0 0 0 0 0 0 0 0 0 
9400 5768 3681 1474 15428 8004 0 0 0 0 0 0 0 0 0 0 0 0 0 0 0 0 
110 102 17 16 137 127 0 0 0 0 0 0 0 0 0 0 0 0 0 0 0 0 
10237 8772 2363 1846 14152 11642 0 0 0 0 0 0 0 0 0 0 0 0 0 0 0 0 
25976 21133 6115 4191 36895 27931 0 0 0 0 0 0 0 0 0 0 0 0 0 0 0 0 
32334 25455 7968 5338 46824 34225 0 0 0 0 0 0 0 0 0 0 0 0 0 0 0 0 
26916 19946 6959 4393 39526 27121 0 0 0 0 0 0 0 0 0 0 0 0 0 0 0 0 
19901 14811 5456 3483 29888 20370 0 0 0 0 0 0 0 0 0 0 0 0 0 0 0 0 
15062 11114 4498 2589 23041 15325 0 0 0 0 0 0 0 0 0 0 0 0 0 0 0 0 
11376 8168 3437 2071 17693 11431 0 0 0 0 0 0 0 0 0 0 0 0 0 0 0 0 
8704 5997 2885 1605 13699 8387 0 0 0 0 0 0 0 0 0 0 0 0 0 0 0 0 
6685 4239 2301 1196 10659 6073 0 0 0 0 0 0 0 0 0 0 0 0 0 0 0 0 
4884 3119 1784 849 7954 4418 0 0 0 0 0 0 0 0 0 0 0 0 0 0 0 0 
5782 3664 2291 1095 9485 5250 0 0 0 0 0 0 0 0 0 0 0 0 0 0 0 0 
38746 34351 7625 6241 51270 44327 0 0 0 0 0 0 0 0 0 0 0 0 0 0 0 0 
38467 33665 8335 6595 52275 44198 0 0 0 0 0 0 0 0 0 0 0 0 0 0 0 0 
27734 23865 6273 4951 38490 31665 0 0 0 0 0 0 0 0 0 0 0 0 0 0 0 0 
20404 17070 5020 3598 28866 22938 0 0 0 0 0 0 0 0 0 0 0 0 0 0 0 0 
15559 12634 3942 2851 22195 17242 0 0 0 0 0 0 0 0 0 0 0 0 0 0 0 0 
11525 9171 3256 2241 17062 12786 0 0 0 0 0 0 0 0 0 0 0 0 0 0 0 0 
8455 6646 2479 1602 12699 9155 0 0 0 0 0 0 0 0 0 0 0 0 0 0 0 0 
5606 4121 1679 1035 8463 5728 0 0 0 0 0 0 0 0 0 0 0 0 0 0 0 0 
3763 2710 1163 687 5698 3775 0 0 0 0 0 0 0 0 0 0 0 0 0 0 0 0 
2181 1586 755 389 3408 2177 0 0 0 0 0 0 0 0 0 0 0 0 0 0 0 0 
1244 794 386 216 1896 1117 0 0 0 0 0 0 0 0 0 0 0 0 0 0 0 0 
693 395 214 132 1039 575 0 0 0 0 0 0 0 0 0 0 0 0 0 0 0 0 
19378 17600 4318 3536 26208 23104 0 0 0 0 0 0 0 0 0 0 0 0 0 0 0 0 
12890 11365 3001 2477 17859 15302 0 0 0 0 0 0 0 0 0 0 0 0 0 0 0 0 
9152 7705 2325 1677 12979 10355 0 0 0 0 0 0 0 0 0 0 0 0 0 0 0 0 
6022 4790 1548 1076 8608 6609 0 0 0 0 0 0 0 0 0 0 0 0 0 0 0 0 
2831 2229 780 532 4142 3128 0 0 0 0 0 0 0 0 0 0 0 0 0 0 0 0 
887 685 264 153 1333 958 0 0 0 0 0 0 0 0 0 0 0 0 0 0 0 0 
61 36 12 9 82 60 0 0 0 0 0 0 0 0 0 0 0 0 0 0 0 0 
0 0 0 0 0 0 0 0 0 0 0 0 0 0 0 0 0 0 0 0 0 0 
0 0 0 0 0 0 0 0 0 0 0 0 0 0 0 0 0 0 0 0 0 0 
0 0 0 0 0 0 0 0 0 0 0 0 0 0 0 0 0 0 0 0 0 0 
0 0 0 0 0 0 0 0 0 0 0 0 0 0 0 0 0 0 0 0 0 0 
0 0 0 0 0 0 0 0 0 0 0 0 0 0 0 0 0 0 0 0 0 0 
0 0 0 0 0 0 0 0 0 0 0 0 0 0 0 0 0 0 0 0 0 0 
0 0 0 0 0 0 0 0 0 0 0 0 0 0 0 0 0 0 0 0 0 0 
0 0 0 0 0 0 0 0 0 0 0 0 0 0 0 0 0 0 0 0 0 0 
0 0 0 0 0 0 0 0 0 0 0 0 0 0 0 0 0 0 0 0 0 0 
0 0 0 0 0 0 0 0 0 0 0 0 0 0 0 0 0 0 0 0 0 0 
0 0 0 0 0 0 0 0 0 0 0 0 0 0 0 0 0 0 0 0 0 0 
0 0 0 0 0 0 0 0 0 0 0 0 0 0 0 0 0 0 0 0 0 0 
0 0 0 0 0 0 0 0 0 0 0 0 0 0 0 0 0 0 0 0 0 0 
0 0 0 0 0 0 0 0 0 0 0 0 0 0 0 0 0 0 0 0 0 0 
0 0 0 0 0 0 0 0 0 0 0 0 0 0 0 0 0 0 0 0 0 0 
0 0 0 0 0 0 0 0 0 0 0 0 0 0 0 0 0 0 0 0 0 0 
0 0 0 0 0 0 0 0 0 0 0 0 0 0 0 0 0 0 0 0 0 0 
0 0 0 0 0 0 0 0 0 0 0 0 0 0 0 0 0 0 0 0 0 0 
0 0 0 0 0 0 0 0 0 0 0 0 0 0 0 0 0 0 0 0 0 0 
0 0 0 0 0 0 0 0 0 0 0 0 0 0 0 0 0 0 0 0 0 0 
0 0 0 0 0 0 0 0 0 0 0 0 0 0 0 0 0 0 0 0 0 0 
0 0 0 0 0 0 0 0 0 0 0 0 0 0 0 0 0 0 0 0 0 0 
147 110 43 16 214 136 0 0 0 0 0 0 0 0 0 0 0 0 0 0 0 0 
3473 2345 851 479 5005 3070 0 0 0 0 0 0 0 0 0 0 0 0 0 0 0 0 
9363 5872 2677 1174 13956 7762 0 0 0 0 0 0 0 0 0 0 0 0 0 0 0 0 
13686 8598 4036 1633 20616 11199 0 0 0 0 0 0 0 0 0 0 0 0 0 0 0 0 
16607 9877 5126 1993 25241 13040 0 0 0 0 0 0 0 0 0 0 0 0 0 0 0 0 
18219 10405 5802 2181 27982 13804 0 0 0 0 0 0 0 0 0 0 0 0 0 0 0 0 
29299 16524 10103 3657 45993 22190 0 0 0 0 0 0 0 0 0 0 0 0 0 0 0 0 
0 0 0 0 0 0 0 0 0 0 0 0 0 0 0 0 0 0 0 0 0 0 
0 0 0 0 0 0 0 0 0 0 0 0 0 0 0 0 0 0 0 0 0 0 
0 0 0 0 0 1 0 0 0 0 0 0 0 0 0 0 0 0 0 0 0 0 
1829 1207 366 247 2531 1599 0 0 0 0 0 0 0 0 0 0 0 0 0 0 0 0 
10927 7621 2521 1567 15682 10079 0 0 0 0 0 0 0 0 0 0 0 0 0 0 0 0 
18168 12451 4559 2505 26528 16515 0 0 0 0 0 0 0 0 0 0 0 0 0 0 0 0 
18984 12825 5123 2638 28302 17041 0 0 0 0 0 0 0 0 0 0 0 0 0 0 0 0 
15714 10119 4455 2208 23528 13567 0 0 0 0 0 0 0 0 0 0 0 0 0 0 0 0 
12363 7851 3720 1681 18858 10487 0 0 0 0 0 0 0 0 0 0 0 0 0 0 0 0 
10154 6357 3051 1352 15550 8451 0 0 0 0 0 0 0 0 0 0 0 0 0 0 0 0 
7814 4633 2598 1034 12312 6239 0 0 0 0 0 0 0 0 0 0 0 0 0 0 0 0 
9890 5562 3360 1352 15547 7550 0 0 0 0 0 0 0 0 0 0 0 0 0 0 0 0 
104 90 24 19 142 123 0 0 0 0 0 0 0 0 0 0 0 0 0 0 0 0 
9657 7962 2017 1464 13057 10280 0 0 0 0 0 0 0 0 0 0 0 0 0 0 0 0 
24398 19025 5282 3824 33776 25276 0 0 0 0 0 0 0 0 0 0 0 0 0 0 0 0 
31012 23895 7048 4864 44070 31530 0 0 0 0 0 0 0 0 0 0 0 0 0 0 0 0 
24993 18980 6475 3972 36942 25405 0 0 0 0 0 0 0 0 0 0 0 0 0 0 0 0 
19569 14162 5314 3146 29107 19181 0 0 0 0 0 0 0 0 0 0 0 0 0 0 0 0 
14840 10291 4243 2336 22440 14136 0 0 0 0 0 0 0 0 0 0 0 0 0 0 0 0 
11200 7638 3463 1845 17231 10553 0 0 0 0 0 0 0 0 0 0 0 0 0 0 0 0 
8584 5609 2932 1358 13555 7766 0 0 0 0 0 0 0 0 0 0 0 0 0 0 0 0 
6633 4205 2193 964 10431 5759 0 0 0 0 0 0 0 0 0 0 0 0 0 0 0 0 
4731 3178 1835 790 7814 4424 0 0 0 0 0 0 0 0 0 0 0 0 0 0 0 0 
5901 3572 2305 894 9774 4964 0 0 0 0 0 0 0 0 0 0 0 0 0 0 0 0 
40311 34559 7965 6451 53443 44938 0 0 0 0 0 0 0 0 0 0 0 0 0 0 0 0 
40062 34025 8534 6384 54264 44428 0 0 0 0 0 0 0 0 0 0 0 0 0 0 0 0 
29482 24074 6409 4956 40534 31948 0 0 0 0 0 0 0 0 0 0 0 0 0 0 0 0 
21716 17639 5242 3525 30815 23299 0 0 0 0 0 0 0 0 0 0 0 0 0 0 0 0 
16169 12664 4229 2761 23427 17115 0 0 0 0 0 0 0 0 0 0 0 0 0 0 0 0 
12462 9366 3178 2051 17959 12725 0 0 0 0 0 0 0 0 0 0 0 0 0 0 0 0 
9052 6770 2513 1504 13486 9196 0 0 0 0 0 0 0 0 0 0 0 0 0 0 0 0 
6017 4220 1732 1036 9044 5868 0 0 0 0 0 0 0 0 0 0 0 0 0 0 0 0 
3822 2823 1348 695 6016 3890 0 0 0 0 0 0 0 0 0 0 0 0 0 0 0 0 
2428 1618 804 397 3768 2212 0 0 0 0 0 0 0 0 0 0 0 0 0 0 0 0 
1248 908 422 203 1951 1212 0 0 0 0 0 0 0 0 0 0 0 0 0 0 0 0 
680 479 229 121 1061 653 0 0 0 0 0 0 0 0 0 0 0 0 0 0 0 0 
22648 19709 4956 3976 30407 25960 0 0 0 0 0 0 0 0 0 0 0 0 0 0 0 0 
15328 12870 3503 2707 21045 17129 0 0 0 0 0 0 0 0 0 0 0 0 0 0 0 0 
10745 8817 2566 1890 15109 11868 0 0 0 0 0 0 0 0 0 0 0 0 0 0 0 0 
7031 5714 1726 1239 10031 7702 0 0 0 0 0 0 0 0 0 0 0 0 0 0 0 0 
3225 2655 838 568 4749 3576 0 0 0 0 0 0 0 0 0 0 0 0 0 0 0 0 
921 765 250 172 1355 1011 0 0 0 0 0 0 0 0 0 0 0 0 0 0 0 0 
60 31 8 14 77 51 0 0 0 0 0 0 0 0 0 0 0 0 0 0 0 0 
0 0 0 0 0 0 0 0 0 0 0 0 0 0 0 0 0 0 0 0 0 0 
0 0 0 0 0 0 0 0 0 0 0 0 0 0 0 0 0 0 0 0 0 0 
0 0 0 0 0 0 0 0 0 0 0 0 0 0 0 0 0 0 0 0 0 0 
0 0 0 0 0 0 0 0 0 0 0 0 0 0 0 0 0 0 0 0 0 0 
0 0 0 0 0 0 0 0 0 0 0 0 0 0 0 0 0 0 0 0 0 0 
0 0 0 0 0 0 0 0 0 0 0 0 0 0 0 0 0 0 0 0 0 0 
0 0 0 0 0 0 0 0 0 0 0 0 0 0 0 0 0 0 0 0 0 0 
0 0 0 0 0 0 0 0 0 0 0 0 0 0 0 0 0 0 0 0 0 0 
0 0 0 0 0 0 0 0 0 0 0 0 0 0 0 0 0 0 0 0 0 0 
0 0 0 0 0 0 0 0 0 0 0 0 0 0 0 0 0 0 0 0 0 0 
0 0 0 0 0 0 0 0 0 0 0 0 0 0 0 0 0 0 0 0 0 0 
0 0 0 0 0 0 0 0 0 0 0 0 0 0 0 0 0 0 0 0 0 0 
0 0 0 0 0 0 0 0 0 0 0 0 0 0 0 0 0 0 0 0 0 0 
0 0 0 0 0 0 0 0 0 0 0 0 0 0 0 0 0 0 0 0 0 0 
0 0 0 0 0 0 0 0 0 0 0 0 0 0 0 0 0 0 0 0 0 0 
0 0 0 0 0 0 0 0 0 0 0 0 0 0 0 0 0 0 0 0 0 0 
0 0 0 0 0 0 0 0 0 0 0 0 0 0 0 0 0 0 0 0 0 0 
0 0 0 0 0 0 0 0 0 0 0 0 0 0 0 0 0 0 0 0 0 0 
0 0 0 0 0 0 0 0 0 0 0 0 0 0 0 0 0 0 0 0 0 0 
0 0 0 0 0 0 0 0 0 0 0 0 0 0 0 0 0 0 0 0 0 0 
0 0 0 0 0 0 0 0 0 0 0 0 0 0 0 0 0 0 0 0 0 0 
0 0 0 0 0 0 0 0 0 0 0 0 0 0 0 0 0 0 0 0 0 0 
106 70 30 8 154 79 0 0 0 0 0 0 0 0 0 0 0 0 0 0 0 0 
2579 1600 707 272 3810 2024 0 0 0 0 0 0 0 0 0 0 0 0 0 0 0 0 
6915 4129 1868 765 10215 5370 0 0 0 0 0 0 0 0 0 0 0 0 0 0 0 0 
10412 5757 2956 1099 15644 7462 0 0 0 0 0 0 0 0 0 0 0 0 0 0 0 0 
12593 6699 3823 1230 19110 8602 0 0 0 0 0 0 0 0 0 0 0 0 0 0 0 0 
13847 7187 4439 1295 21361 9260 0 0 0 0 0 0 0 0 0 0 0 0 0 0 0 0 
23082 11663 7542 2316 35552 15132 0 0 0 0 0 0 0 0 0 0 0 0 0 0 0 0 
0 0 0 0 0 0 0 0 0 0 0 0 0 0 0 0 0 0 0 0 0 0 
0 0 0 0 0 0 0 0 0 0 0 0 0 0 0 0 0 0 0 0 0 0 
0 0 0 0 0 0 0 0 0 0 0 0 0 0 0 0 0 0 0 0 0 0 
1181 812 244 150 1642 1058 0 0 0 0 0 0 0 0 0 0 0 0 0 0 0 0 
7378 4928 1679 957 10597 6394 0 0 0 0 0 0 0 0 0 0 0 0 0 0 0 0 
12876 8063 3089 1536 18636 10472 0 0 0 0 0 0 0 0 0 0 0 0 0 0 0 0 
13708 8098 3541 1612 20340 10683 0 0 0 0 0 0 0 0 0 0 0 0 0 0 0 0 
11201 6558 3167 1337 16938 8685 0 0 0 0 0 0 0 0 0 0 0 0 0 0 0 0 
9219 5207 2737 1061 14023 6773 0 0 0 0 0 0 0 0 0 0 0 0 0 0 0 0 
7204 3902 2368 813 11361 5143 0 0 0 0 0 0 0 0 0 0 0 0 0 0 0 0 
5816 3046 1985 657 9161 4037 0 0 0 0 0 0 0 0 0 0 0 0 0 0 0 0 
7386 3824 2725 918 11976 5110 0 0 0 0 0 0 0 0 0 0 0 0 0 0 0 0 
110 72 14 16 136 93 0 0 0 0 0 0 0 0 0 0 0 0 0 0 0 0 
7834 6254 1656 1150 10572 8091 0 0 0 0 0 0 0 0 0 0 0 0 0 0 0 0 
19519 14621 4209 2537 27024 18866 0 0 0 0 0 0 0 0 0 0 0 0 0 0 0 0 
24103 17255 5632 3272 34301 22693 0 0 0 0 0 0 0 0 0 0 0 0 0 0 0 0 
19755 14054 4999 2702 29073 18472 0 0 0 0 0 0 0 0 0 0 0 0 0 0 0 0 
15487 10209 3891 2019 22618 13588 0 0 0 0 0 0 0 0 0 0 0 0 0 0 0 0 
12187 7575 3348 1586 18221 10014 0 0 0 0 0 0 0 0 0 0 0 0 0 0 0 0 
9127 5682 2834 1254 14132 7606 0 0 0 0 0 0 0 0 0 0 0 0 0 0 0 0 
7384 4333 2245 940 11238 5785 0 0 0 0 0 0 0 0 0 0 0 0 0 0 0 0 
5416 3138 1856 638 8570 4157 0 0 0 0 0 0 0 0 0 0 0 0 0 0 0 0 
4024 2296 1505 521 6624 3091 0 0 0 0 0 0 0 0 0 0 0 0 0 0 0 0 
5254 2679 1933 618 8333 3584 0 0 0 0 0 0 0 0 0 0 0 0 0 0 0 0 
35810 29584 6737 5269 47076 38112 0 0 0 0 0 0 0 0 0 0 0 0 0 0 0 0 
35056 28350 7275 5172 47279 36710 0 0 0 0 0 0 0 0 0 0 0 0 0 0 0 0 
25799 20052 5824 3892 35784 26536 0 0 0 0 0 0 0 0 0 0 0 0 0 0 0 0 
19611 14757 4518 2940 27903 19460 0 0 0 0 0 0 0 0 0 0 0 0 0 0 0 0 
14833 10597 3705 2123 21562 14068 0 0 0 0 0 0 0 0 0 0 0 0 0 0 0 0 
11159 7659 2774 1516 16341 10253 0 0 0 0 0 0 0 0 0 0 0 0 0 0 0 0 
8027 5342 2230 1138 12033 7231 0 0 0 0 0 0 0 0 0 0 0 0 0 0 0 0 
5344 3397 1551 737 8029 4642 0 0 0 0 0 0 0 0 0 0 0 0 0 0 0 0 
3465 2122 1053 467 5286 2877 0 0 0 0 0 0 0 0 0 0 0 0 0 0 0 0 
2087 1239 731 273 3281 1682 0 0 0 0 0 0 0 0 0 0 0 0 0 0 0 0 
1142 720 394 150 1787 936 0 0 0 0 0 0 0 0 0 0 0 0 0 0 0 0 
650 346 236 84 1020 466 0 0 0 0 0 0 0 0 0 0 0 0 0 0 0 0 
22791 18874 4680 3749 30343 24821 0 0 0 0 0 0 0 0 0 0 0 0 0 0 0 0 
15885 12628 3586 2503 21816 16609 0 0 0 0 0 0 0 0 0 0 0 0 0 0 0 0 
11329 8715 2593 1783 15790 11641 0 0 0 0 0 0 0 0 0 0 0 0 0 0 0 0 
7553 5715 1841 1174 10754 7599 0 0 0 0 0 0 0 0 0 0 0 0 0 0 0 0 
3579 2460 893 549 5151 3377 0 0 0 0 0 0 0 0 0 0 0 0 0 0 0 0 
1117 731 277 146 1619 963 0 0 0 0 0 0 0 0 0 0 0 0 0 0 0 0 
62 58 8 9 85 67 0 0 0 0 0 0 0 0 0 0 0 0 0 0 0 0 
0 0 0 0 0 0 0 0 0 0 0 0 0 0 0 0 0 0 0 0 0 0 
0 0 0 0 0 0 0 0 0 0 0 0 0 0 0 0 0 0 0 0 0 0 
0 0 0 0 0 0 0 0 0 0 0 0 0 0 0 0 0 0 0 0 0 0 
0 0 0 0 0 0 0 0 0 0 0 0 0 0 0 0 0 0 0 0 0 0 
0 0 0 0 0 0 0 0 0 0 0 0 0 0 0 0 0 0 0 0 0 0 
0 0 0 0 0 0 0 0 0 0 0 0 0 0 0 0 0 0 0 0 0 0 
0 0 0 0 0 0 0 0 0 0 0 0 0 0 0 0 0 0 0 0 0 0 
0 0 0 0 0 0 0 0 0 0 0 0 0 0 0 0 0 0 0 0 0 0 
0 0 0 0 0 0 0 0 0 0 0 0 0 0 0 0 0 0 0 0 0 0 
0 0 0 0 0 0 0 0 0 0 0 0 0 0 0 0 0 0 0 0 0 0 
0 0 0 0 0 0 0 0 0 0 0 0 0 0 0 0 0 0 0 0 0 0 
0 0 0 0 0 0 0 0 0 0 0 0 0 0 0 0 0 0 0 0 0 0 
0 0 0 0 0 0 0 0 0 0 0 0 0 0 0 0 0 0 0 0 0 0 
0 0 0 0 0 0 0 0 0 0 0 0 0 0 0 0 0 0 0 0 0 0 
0 0 0 0 0 0 0 0 0 0 0 0 0 0 0 0 0 0 0 0 0 0 
0 0 0 0 0 0 0 0 0 0 0 0 0 0 0 0 0 0 0 0 0 0 
0 0 0 0 0 0 0 0 0 0 0 0 0 0 0 0 0 0 0 0 0 0 
0 0 0 0 0 0 0 0 0 0 0 0 0 0 0 0 0 0 0 0 0 0 
0 0 0 0 0 0 0 0 0 0 0 0 0 0 0 0 0 0 0 0 0 0 
0 0 0 0 0 0 0 0 0 0 0 0 0 0 0 0 0 0 0 0 0 0 
0 0 0 0 0 0 0 0 0 0 0 0 0 0 0 0 0 0 0 0 0 0 
0 0 0 0 0 0 0 0 0 0 0 0 0 0 0 0 0 0 0 0 0 0 
41 32 7 1 54 33 0 0 0 0 0 0 0 0 0 0 0 0 0 0 0 0 
888 490 236 74 1289 611 0 0 0 0 0 0 0 0 0 0 0 0 0 0 0 0 
2370 1126 597 188 3479 1448 0 0 0 0 0 0 0 0 0 0 0 0 0 0 0 0 
3518 1684 930 261 5157 2083 0 0 0 0 0 0 0 0 0 0 0 0 0 0 0 0 
4152 1916 1280 302 6270 2373 0 0 0 0 0 0 0 0 0 0 0 0 0 0 0 0 
4745 2003 1466 309 7130 2467 0 0 0 0 0 0 0 0 0 0 0 0 0 0 0 0 
7656 3094 2496 507 11753 3870 0 0 0 0 0 0 0 0 0 0 0 0 0 0 0 0 
0 0 0 0 0 0 0 0 0 0 0 0 0 0 0 0 0 0 0 0 0 0 
0 0 0 0 0 0 0 0 0 0 0 0 0 0 0 0 0 0 0 0 0 0 
0 0 0 0 0 0 0 0 0 0 0 0 0 0 0 0 0 0 0 0 0 0 
517 296 88 41 691 368 0 0 0 0 0 0 0 0 0 0 0 0 0 0 0 0 
2998 1858 620 324 4259 2359 0 0 0 0 0 0 0 0 0 0 0 0 0 0 0 0 
5053 2724 1186 494 7255 3519 0 0 0 0 0 0 0 0 0 0 0 0 0 0 0 0 
5288 2965 1304 529 7822 3806 0 0 0 0 0 0 0 0 0 0 0 0 0 0 0 0 
4570 2345 1201 367 6756 2957 0 0 0 0 0 0 0 0 0 0 0 0 0 0 0 0 
3627 1790 1080 328 5527 2289 0 0 0 0 0 0 0 0 0 0 0 0 0 0 0 0 
2904 1439 1045 282 4618 1863 0 0 0 0 0 0 0 0 0 0 0 0 0 0 0 0 
2395 1053 813 174 3775 1334 0 0 0 0 0 0 0 0 0 0 0 0 0 0 0 0 
3025 1326 1104 214 4890 1641 0 0 0 0 0 0 0 0 0 0 0 0 0 0 0 0 
43 31 6 7 58 42 0 0 0 0 0 0 0 0 0 0 0 0 0 0 0 0 
3386 2534 621 387 4521 3208 0 0 0 0 0 0 0 0 0 0 0 0 0 0 0 0 
8073 5783 1689 938 11088 7437 0 0 0 0 0 0 0 0 0 0 0 0 0 0 0 0 
10028 6792 2310 1108 14283 8714 0 0 0 0 0 0 0 0 0 0 0 0 0 0 0 0 
8584 5538 1999 931 12397 7129 0 0 0 0 0 0 0 0 0 0 0 0 0 0 0 0 
6621 4001 1661 670 9768 5156 0 0 0 0 0 0 0 0 0 0 0 0 0 0 0 0 
5196 2938 1347 560 7763 3883 0 0 0 0 0 0 0 0 0 0 0 0 0 0 0 0 
4264 2410 1233 413 6497 3114 0 0 0 0 0 0 0 0 0 0 0 0 0 0 0 0 
3228 1787 1106 352 5144 2320 0 0 0 0 0 0 0 0 0 0 0 0 0 0 0 0 
2564 1297 881 249 4087 1686 0 0 0 0 0 0 0 0 0 0 0 0 0 0 0 0 
1870 924 620 153 3010 1190 0 0 0 0 0 0 0 0 0 0 0 0 0 0 0 0 
2439 1172 873 213 3938 1470 0 0 0 0 0 0 0 0 0 0 0 0 0 0 0 0 
17763 13869 3234 2376 23120 17820 0 0 0 0 0 0 0 0 0 0 0 0 0 0 0 0 
17563 13078 3563 2294 23577 16884 0 0 0 0 0 0 0 0 0 0 0 0 0 0 0 0 
12980 9461 2713 1605 17740 12221 0 0 0 0 0 0 0 0 0 0 0 0 0 0 0 0 
9555 6738 2256 1265 13634 8817 0 0 0 0 0 0 0 0 0 0 0 0 0 0 0 0 
7300 5093 1850 953 10623 6670 0 0 0 0 0 0 0 0 0 0 0 0 0 0 0 0 
5725 3724 1446 663 8378 4820 0 0 0 0 0 0 0 0 0 0 0 0 0 0 0 0 
4139 2570 1058 429 6189 3342 0 0 0 0 0 0 0 0 0 0 0 0 0 0 0 0 
2827 1588 745 334 4153 2092 0 0 0 0 0 0 0 0 0 0 0 0 0 0 0 0 
1785 950 569 184 2732 1267 0 0 0 0 0 0 0 0 0 0 0 0 0 0 0 0 
1085 643 340 101 1686 814 0 0 0 0 0 0 0 0 0 0 0 0 0 0 0 0 
651 302 197 63 976 395 0 0 0 0 0 0 0 0 0 0 0 0 0 0 0 0 
364 152 99 22 550 185 0 0 0 0 0 0 0 0 0 0 0 0 0 0 0 0 
12263 9398 2474 1849 16273 12412 0 0 0 0 0 0 0 0 0 0 0 0 0 0 0 0 
8428 6406 1725 1204 11317 8389 0 0 0 0 0 0 0 0 0 0 0 0 0 0 0 0 
6235 4283 1323 846 8605 5649 0 0 0 0 0 0 0 0 0 0 0 0 0 0 0 0 
4005 2967 992 503 5745 3827 0 0 0 0 0 0 0 0 0 0 0 0 0 0 0 0 
1860 1320 492 295 2759 1761 0 0 0 0 0 0 0 0 0 0 0 0 0 0 0 0 
587 416 141 90 845 551 0 0 0 0 0 0 0 0 0 0 0 0 0 0 0 0 
36 28 9 6 49 38 0 0 0 0 0 0 0 0 0 0 0 0 0 0 0 0 
0 0 0 0 0 0 0 0 0 0 0 0 0 0 0 0 0 0 0 0 0 0 
0 0 0 0 0 0 0 0 0 0 0 0 0 0 0 0 0 0 0 0 0 0 
0 0 0 0 0 0 0 0 0 0 0 0 0 0 0 0 0 0 0 0 0 0 
0 0 0 0 0 0 0 0 0 0 0 0 0 0 0 0 0 0 0 0 0 0 
0 0 0 0 0 0 0 0 0 0 0 0 0 0 0 0 0 0 0 0 0 0 
0 0 0 0 0 0 0 0 0 0 0 0 0 0 0 0 0 0 0 0 0 0 
0 0 0 0 0 0 0 0 0 0 0 0 0 0 0 0 0 0 0 0 0 0 
0 0 0 0 0 0 0 0 0 0 0 0 0 0 0 0 0 0 0 0 0 0 
0 0 0 0 0 0 0 0 0 0 0 0 0 0 0 0 0 0 0 0 0 0 
0 0 0 0 0 0 0 0 0 0 0 0 0 0 0 0 0 0 0 0 0 0 
0 0 0 0 0 0 0 0 0 0 0 0 0 0 0 0 0 0 0 0 0 0 
0 0 0 0 0 0 0 0 0 0 0 0 0 0 0 0 0 0 0 0 0 0 
0 0 0 0 0 0 0 0 0 0 0 0 0 0 0 0 0 0 0 0 0 0 
0 0 0 0 0 0 0 0 0 0 0 0 0 0 0 0 0 0 0 0 0 0 
0 0 0 0 0 0 0 0 0 0 0 0 0 0 0 0 0 0 0 0 0 0 
0 0 0 0 0 0 0 0 0 0 0 0 0 0 0 0 0 0 0 0 0 0 
0 0 0 0 0 0 0 0 0 0 0 0 0 0 0 0 0 0 0 0 0 0 
0 0 0 0 0 0 0 0 0 0 0 0 0 0 0 0 0 0 0 0 0 0 
0 0 0 0 0 0 0 0 0 0 0 0 0 0 0 0 0 0 0 0 0 0 
0 0 0 0 0 0 0 0 0 0 0 0 0 0 0 0 0 0 0 0 0 0 
0 0 0 0 0 0 0 0 0 0 0 0 0 0 0 0 0 0 0 0 0 0 
0 0 0 0 0 0 0 0 0 0 0 0 0 0 0 0 0 0 0 0 0 0 
6 7 1 0 8 8 0 0 0 0 0 0 0 0 0 0 0 0 0 0 0 0 
410 187 105 19 600 229 0 0 0 0 0 0 0 0 0 0 0 0 0 0 0 0 
1095 447 255 64 1575 555 0 0 0 0 0 0 0 0 0 0 0 0 0 0 0 0 
1618 593 378 93 2271 742 0 0 0 0 0 0 0 0 0 0 0 0 0 0 0 0 
1829 748 558 107 2707 910 0 0 0 0 0 0 0 0 0 0 0 0 0 0 0 0 
2035 768 602 105 3005 919 0 0 0 0 0 0 0 0 0 0 0 0 0 0 0 0 
3091 1102 1016 157 4764 1346 0 0 0 0 0 0 0 0 0 0 0 0 0 0 0 0 
0 0 0 0 0 0 0 0 0 0 0 0 0 0 0 0 0 0 0 0 0 0 
0 0 0 0 0 0 0 0 0 0 0 0 0 0 0 0 0 0 0 0 0 0 
0 0 0 0 0 0 0 0 0 0 0 0 0 0 0 0 0 0 0 0 0 0 
245 151 55 19 346 181 0 0 0 0 0 0 0 0 0 0 0 0 0 0 0 0 
1419 731 293 122 2002 948 0 0 0 0 0 0 0 0 0 0 0 0 0 0 0 0 
2380 1307 593 180 3462 1631 0 0 0 0 0 0 0 0 0 0 0 0 0 0 0 0 
2581 1332 635 188 3744 1669 0 0 0 0 0 0 0 0 0 0 0 0 0 0 0 0 
2121 1006 562 166 3168 1273 0 0 0 0 0 0 0 0 0 0 0 0 0 0 0 0 
1797 785 534 142 2723 992 0 0 0 0 0 0 0 0 0 0 0 0 0 0 0 0 
1539 590 462 119 2372 785 0 0 0 0 0 0 0 0 0 0 0 0 0 0 0 0 
1262 456 328 72 1895 579 0 0 0 0 0 0 0 0 0 0 0 0 0 0 0 0 
1541 666 552 86 2458 791 0 0 0 0 0 0 0 0 0 0 0 0 0 0 0 0 
25 10 5 0 32 11 0 0 0 0 0 0 0 0 0 0 0 0 0 0 0 0 
1942 1299 350 216 2561 1672 0 0 0 0 0 0 0 0 0 0 0 0 0 0 0 0 
4253 2942 850 431 5816 3726 0 0 0 0 0 0 0 0 0 0 0 0 0 0 0 0 
5159 3200 1071 527 7290 4135 0 0 0 0 0 0 0 0 0 0 0 0 0 0 0 0 
4567 2818 981 430 6453 3599 0 0 0 0 0 0 0 0 0 0 0 0 0 0 0 0 
3395 2155 910 296 5095 2700 0 0 0 0 0 0 0 0 0 0 0 0 0 0 0 0 
2775 1662 742 254 4187 2077 0 0 0 0 0 0 0 0 0 0 0 0 0 0 0 0 
2221 1186 612 175 3352 1487 0 0 0 0 0 0 0 0 0 0 0 0 0 0 0 0 
1764 899 567 164 2770 1145 0 0 0 0 0 0 0 0 0 0 0 0 0 0 0 0 
1289 665 471 115 2122 856 0 0 0 0 0 0 0 0 0 0 0 0 0 0 0 0 
1097 537 351 93 1698 663 0 0 0 0 0 0 0 0 0 0 0 0 0 0 0 0 
1331 650 533 119 2207 825 0 0 0 0 0 0 0 0 0 0 0 0 0 0 0 0 
10322 8180 1979 1332 13578 10432 0 0 0 0 0 0 0 0 0 0 0 0 0 0 0 0 
10393 7290 1959 1133 13841 9347 0 0 0 0 0 0 0 0 0 0 0 0 0 0 0 0 
7855 5429 1539 896 10615 6974 0 0 0 0 0 0 0 0 0 0 0 0 0 0 0 0 
6014 3969 1334 706 8429 5148 0 0 0 0 0 0 0 0 0 0 0 0 0 0 0 0 
4576 2851 1087 446 6600 3622 0 0 0 0 0 0 0 0 0 0 0 0 0 0 0 0 
3548 2107 851 361 5222 2730 0 0 0 0 0 0 0 0 0 0 0 0 0 0 0 0 
2730 1473 679 241 4027 1876 0 0 0 0 0 0 0 0 0 0 0 0 0 0 0 0 
1746 1000 501 167 2644 1266 0 0 0 0 0 0 0 0 0 0 0 0 0 0 0 0 
1096 542 345 98 1703 699 0 0 0 0 0 0 0 0 0 0 0 0 0 0 0 0 
673 316 218 69 1034 421 0 0 0 0 0 0 0 0 0 0 0 0 0 0 0 0 
398 207 131 32 601 267 0 0 0 0 0 0 0 0 0 0 0 0 0 0 0 0 
177 97 57 15 277 124 0 0 0 0 0 0 0 0 0 0 0 0 0 0 0 0 
6695 5335 1345 928 8917 6884 0 0 0 0 0 0 0 0 0 0 0 0 0 0 0 0 
4994 3595 984 702 6776 4750 0 0 0 0 0 0 0 0 0 0 0 0 0 0 0 0 
3567 2480 755 423 4975 3244 0 0 0 0 0 0 0 0 0 0 0 0 0 0 0 0 
2429 1553 540 260 3399 2010 0 0 0 0 0 0 0 0 0 0 0 0 0 0 0 0 
1172 790 294 154 1692 1024 0 0 0 0 0 0 0 0 0 0 0 0 0 0 0 0 
384 204 82 44 531 283 0 0 0 0 0 0 0 0 0 0 0 0 0 0 0 0 
27 8 6 2 36 11 0 0 0 0 0 0 0 0 0 0 0 0 0 0 0 0 
0 0 0 0 0 0 0 0 0 0 0 0 0 0 0 0 0 0 0 0 0 0 
0 0 0 0 0 0 0 0 0 0 0 0 0 0 0 0 0 0 0 0 0 0 
0 0 0 0 0 0 0 0 0 0 0 0 0 0 0 0 0 0 0 0 0 0 
0 0 0 0 0 0 0 0 0 0 0 0 0 0 0 0 0 0 0 0 0 0 
0 0 0 0 0 0 0 0 0 0 0 0 0 0 0 0 0 0 0 0 0 0 
0 0 0 0 0 0 0 0 0 0 0 0 0 0 0 0 0 0 0 0 0 0 
0 0 0 0 0 0 0 0 0 0 0 0 0 0 0 0 0 0 0 0 0 0 
0 0 0 0 0 0 0 0 0 0 0 0 0 0 0 0 0 0 0 0 0 0 
0 0 0 0 0 0 0 0 0 0 0 0 0 0 0 0 0 0 0 0 0 0 
0 0 0 0 0 0 0 0 0 0 0 0 0 0 0 0 0 0 0 0 0 0 
0 0 0 0 0 0 0 0 0 0 0 0 0 0 0 0 0 0 0 0 0 0 
0 0 0 0 0 0 0 0 0 0 0 0 0 0 0 0 0 0 0 0 0 0 
0 0 0 0 0 0 0 0 0 0 0 0 0 0 0 0 0 0 0 0 0 0 
0 0 0 0 0 0 0 0 0 0 0 0 0 0 0 0 0 0 0 0 0 0 
0 0 0 0 0 0 0 0 0 0 0 0 0 0 0 0 0 0 0 0 0 0 
0 0 0 0 0 0 0 0 0 0 0 0 0 0 0 0 0 0 0 0 0 0 
0 0 0 0 0 0 0 0 0 0 0 0 0 0 0 0 0 0 0 0 0 0 
0 0 0 0 0 0 0 0 0 0 0 0 0 0 0 0 0 0 0 0 0 0 
0 0 0 0 0 0 0 0 0 0 0 0 0 0 0 0 0 0 0 0 0 0 
0 0 0 0 0 0 0 0 0 0 0 0 0 0 0 0 0 0 0 0 0 0 
0 0 0 0 0 0 0 0 0 0 0 0 0 0 0 0 0 0 0 0 0 0 
0 0 0 0 0 0 0 0 0 0 0 0 0 0 0 0 0 0 0 0 0 0 
18 10 3 0 22 10 0 0 0 0 0 0 0 0 0 0 0 0 0 0 0 0 
301 135 64 26 419 173 0 0 0 0 0 0 0 0 0 0 0 0 0 0 0 0 
729 344 206 46 1080 427 0 0 0 0 0 0 0 0 0 0 0 0 0 0 0 0 
1063 441 330 45 1593 515 0 0 0 0 0 0 0 0 0 0 0 0 0 0 0 0 
1233 412 344 61 1842 497 0 0 0 0 0 0 0 0 0 0 0 0 0 0 0 0 
1207 377 323 56 1768 458 0 0 0 0 0 0 0 0 0 0 0 0 0 0 0 0 
1790 529 579 83 2690 636 0 0 0 0 0 0 0 0 0 0 0 0 0 0 0 0 
0 0 0 0 0 0 0 0 0 0 0 0 0 0 0 0 0 0 0 0 0 0 
0 0 0 0 0 0 0 0 0 0 0 0 0 0 0 0 0 0 0 0 0 0 
0 0 0 0 0 0 0 0 0 0 0 0 0 0 0 0 0 0 0 0 0 0 
204 136 40 18 277 169 0 0 0 0 0 0 0 0 0 0 0 0 0 0 0 0 
1301 726 260 108 1774 908 0 0 0 0 0 0 0 0 0 0 0 0 0 0 0 0 
2096 1089 455 160 2945 1330 0 0 0 0 0 0 0 0 0 0 0 0 0 0 0 0 
2148 1076 512 168 3070 1337 0 0 0 0 0 0 0 0 0 0 0 0 0 0 0 0 
1795 868 487 139 2627 1059 0 0 0 0 0 0 0 0 0 0 0 0 0 0 0 0 
1557 687 424 103 2340 846 0 0 0 0 0 0 0 0 0 0 0 0 0 0 0 0 
1305 494 388 71 1991 607 0 0 0 0 0 0 0 0 0 0 0 0 0 0 0 0 
1054 407 336 57 1651 491 0 0 0 0 0 0 0 0 0 0 0 0 0 0 0 0 
1384 473 500 96 2185 602 0 0 0 0 0 0 0 0 0 0 0 0 0 0 0 0 
30 18 7 0 39 20 0 0 0 0 0 0 0 0 0 0 0 0 0 0 0 0 
2316 1544 363 227 2976 1929 0 0 0 0 0 0 0 0 0 0 0 0 0 0 0 0 
5028 3175 984 552 6796 4056 0 0 0 0 0 0 0 0 0 0 0 0 0 0 0 0 
5948 3530 1235 541 8175 4491 0 0 0 0 0 0 0 0 0 0 0 0 0 0 0 0 
4981 2968 1078 448 7039 3741 0 0 0 0 0 0 0 0 0 0 0 0 0 0 0 0 
4001 2294 1020 345 5926 2885 0 0 0 0 0 0 0 0 0 0 0 0 0 0 0 0 
3226 1733 843 259 4791 2174 0 0 0 0 0 0 0 0 0 0 0 0 0 0 0 0 
2694 1369 707 205 4069 1704 0 0 0 0 0 0 0 0 0 0 0 0 0 0 0 0 
2179 990 625 162 3348 1263 0 0 0 0 0 0 0 0 0 0 0 0 0 0 0 0 
1733 854 571 125 2697 1051 0 0 0 0 0 0 0 0 0 0 0 0 0 0 0 0 
1322 548 481 86 2128 675 0 0 0 0 0 0 0 0 0 0 0 0 0 0 0 0 
1780 707 637 134 2818 881 0 0 0 0 0 0 0 0 0 0 0 0 0 0 0 0 
12608 9405 2198 1450 16258 11909 0 0 0 0 0 0 0 0 0 0 0 0 0 0 0 0 
12725 8958 2435 1434 16922 11366 0 0 0 0 0 0 0 0 0 0 0 0 0 0 0 0 
9678 6461 1963 1031 13037 8200 0 0 0 0 0 0 0 0 0 0 0 0 0 0 0 0 
7287 4736 1610 735 10242 6015 0 0 0 0 0 0 0 0 0 0 0 0 0 0 0 0 
5837 3608 1263 557 8226 4535 0 0 0 0 0 0 0 0 0 0 0 0 0 0 0 0 
4681 2489 1098 423 6724 3200 0 0 0 0 0 0 0 0 0 0 0 0 0 0 0 0 
3346 1841 922 258 5047 2298 0 0 0 0 0 0 0 0 0 0 0 0 0 0 0 0 
2300 1236 639 182 3465 1522 0 0 0 0 0 0 0 0 0 0 0 0 0 0 0 0 
1484 720 402 113 2225 884 0 0 0 0 0 0 0 0 0 0 0 0 0 0 0 0 
918 400 235 49 1348 482 0 0 0 0 0 0 0 0 0 0 0 0 0 0 0 0 
536 207 138 26 788 246 0 0 0 0 0 0 0 0 0 0 0 0 0 0 0 0 
288 108 94 15 445 130 0 0 0 0 0 0 0 0 0 0 0 0 0 0 0 0 
8418 6276 1699 1016 11167 7995 0 0 0 0 0 0 0 0 0 0 0 0 0 0 0 0 
5995 4331 1168 711 8086 5569 0 0 0 0 0 0 0 0 0 0 0 0 0 0 0 0 
4573 2994 940 517 6330 3889 0 0 0 0 0 0 0 0 0 0 0 0 0 0 0 0 
2914 1819 689 346 4185 2375 0 0 0 0 0 0 0 0 0 0 0 0 0 0 0 0 
1493 878 355 125 2196 1112 0 0 0 0 0 0 0 0 0 0 0 0 0 0 0 0 
459 245 94 51 663 322 0 0 0 0 0 0 0 0 0 0 0 0 0 0 0 0 
29 10 7 1 45 12 0 0 0 0 0 0 0 0 0 0 0 0 0 0 0 0 
0 0 0 0 0 0 0 0 0 0 0 0 0 0 0 0 0 0 0 0 0 0 
0 0 0 0 0 0 0 0 0 0 0 0 0 0 0 0 0 0 0 0 0 0 
0 0 0 0 0 0 0 0 0 0 0 0 0 0 0 0 0 0 0 0 0 0 
0 0 0 0 0 0 0 0 0 0 0 0 0 0 0 0 0 0 0 0 0 0 
0 0 0 0 0 0 0 0 0 0 0 0 0 0 0 0 0 0 0 0 0 0 
0 0 0 0 0 0 0 0 0 0 0 0 0 0 0 0 0 0 0 0 0 0 
0 0 0 0 0 0 0 0 0 0 0 0 0 0 0 0 0 0 0 0 0 0 
0 0 0 0 0 0 0 0 0 0 0 0 0 0 0 0 0 0 0 0 0 0 
0 0 0 0 0 0 0 0 0 0 0 0 0 0 0 0 0 0 0 0 0 0 
0 0 0 0 0 0 0 0 0 0 0 0 0 0 0 0 0 0 0 0 0 0 
0 0 0 0 0 0 0 0 0 0 0 0 0 0 0 0 0 0 0 0 0 0 
0 0 0 0 0 0 0 0 0 0 0 0 0 0 0 0 0 0 0 0 0 0 
0 0 0 0 0 0 0 0 0 0 0 0 0 0 0 0 0 0 0 0 0 0 
0 0 0 0 0 0 0 0 0 0 0 0 0 0 0 0 0 0 0 0 0 0 
0 0 0 0 0 0 0 0 0 0 0 0 0 0 0 0 0 0 0 0 0 0 
0 0 0 0 0 0 0 0 0 0 0 0 0 0 0 0 0 0 0 0 0 0 
0 0 0 0 0 0 0 0 0 0 0 0 0 0 0 0 0 0 0 0 0 0 
