0 0 0 0 2.19704e+07 1.77706e+08
0 0 0 0 0 0 0 0 0 0 0 0 0 0 0 0 0 0 0 0 0 0 
0 0 0 0 0 0 0 0 0 0 0 0 0 0 0 0 0 0 0 0 0 0 
0 0 0 0 0 0 0 0 0 0 0 0 0 0 0 0 0 0 0 0 0 0 
0 0 0 0 0 0 0 0 0 0 0 0 0 0 0 0 0 0 0 0 0 0 
0 0 0 0 0 0 0 0 0 0 0 0 0 0 0 0 0 0 0 0 0 0 
0 0 0 0 0 0 0 0 0 0 0 0 0 0 0 0 0 0 0 0 0 0 
0 0 0 0 0 0 0 0 0 0 0 0 0 0 0 0 0 0 0 0 0 0 
0 0 0 0 0 0 0 0 0 0 0 0 0 0 0 0 0 0 0 0 0 0 
0 0 0 0 0 0 0 0 0 0 0 0 0 0 0 0 0 0 0 0 0 0 
0 0 0 0 0 0 0 0 0 0 0 0 0 0 0 0 0 0 0 0 0 0 
0 0 0 0 0 0 0 0 0 0 0 0 0 0 0 0 0 0 0 0 0 0 
0 0 0 0 0 0 0 0 0 0 0 0 0 0 0 0 0 0 0 0 0 0 
0 0 0 0 0 0 0 0 0 0 0 0 0 0 0 0 0 0 0 0 0 0 
0 0 0 0 0 0 0 0 0 0 0 0 0 0 0 0 0 0 0 0 0 0 
0 0 0 0 0 0 0 0 0 0 0 0 0 0 0 0 0 0 0 0 0 0 
0 0 0 0 0 0 0 0 0 0 0 0 0 0 0 0 0 0 0 0 0 0 
0 0 0 0 0 0 0 0 0 0 0 0 0 0 0 0 0 0 0 0 0 0 
0 0 0 0 0 0 0 0 0 0 0 0 0 0 0 0 0 0 0 0 0 0 
0 0 0 0 0 0 0 0 0 0 0 0 0 0 0 0 0 0 0 0 0 0 
0 0 0 0 0 0 0 0 0 0 0 0 0 0 0 0 0 0 0 0 0 0 
0 0 0 0 0 0 0 0 0 0 0 0 0 0 0 0 0 0 0 0 0 0 
0 0 0 0 0 0 0 0 0 0 0 0 0 0 0 0 0 0 0 0 0 0 
0 0 0 0 0 0 0 0 0 0 0 0 0 0 0 0 0 0 0 0 0 0 
0 0 0 0 0 0 0 0 0 0 0 0 0 0 0 0 0 0 0 0 0 0 
0 0 0 0 0 0 0 0 0 0 0 0 0 0 0 0 0 0 0 0 0 0 
0 0 0 0 0 0 0 0 0 0 0 0 0 0 0 0 0 0 0 0 0 0 
0 0 0 0 0 0 0 0 0 0 0 0 0 0 0 0 0 0 0 0 0 0 
0 0 0 0 0 0 0 0 0 0 0 0 0 0 0 0 0 0 0 0 0 0 
0 0 0 0 0 0 0 0 0 0 0 0 0 0 0 0 0 0 0 0 0 0 
0 0 0 0 0 0 0 0 0 0 0 0 0 0 0 0 0 0 0 0 0 0 
0 0 0 0 0 0 0 0 0 0 0 0 0 0 0 0 0 0 0 0 0 0 
0 0 0 0 0 0 0 0 0 0 0 0 0 0 0 0 0 0 0 0 0 0 
0 0 0 0 0 0 0 0 0 0 0 0 0 0 0 0 0 0 0 0 0 0 
0 0 0 0 0 0 0 0 0 0 0 0 0 0 0 0 0 0 0 0 0 0 
0 0 0 0 0 0 0 0 0 0 0 0 0 0 0 0 0 0 0 0 0 0 
0 0 0 0 0 0 0 0 0 0 0 0 0 0 0 0 0 0 0 0 0 0 
0 0 0 0 0 0 0 0 0 0 0 0 0 0 183.721 190.005 943.736 889.001 60 61 179 171 
0 0 0 0 0 0 0 0 0 0 0 0 0 0 164.098 190.284 531.81 440.408 56 57 112 97 
0 0 0 0 0 0 0 0 0 0 0 0 0 0 1285.66 1471.37 1414.6 1655.09 410 459 430 487 
0 0 0 0 0 0 0 0 0 0 0 0 0 0 25722.1 29633.3 25836 29689.1 8257 9495 8274 9505 
0 0 0 0 0 0 0 0 0 0 0 0 0 0 37856.3 42901.9 37886.7 42955.5 12134 13779 12139 13787 
0 0 0 0 0 0 0 0 0 0 0 0 0 0 33068.3 37470.7 33093 37526.4 10506 11933 10510 11941 
0 0 0 0 0 0 0 0 0 0 0 0 0 0 27361.3 32222.4 27373.8 32247 8252 9659 8254 9663 
0 0 0 0 0 0 0 0 0 0 0 0 0 0 18694.2 22320.1 18694.2 22320.1 4991 5949 4991 5949 
0 0 0 0 0 0 0 0 0 0 0 0 0 0 5891.58 6628.19 5891.58 6628.19 1452 1622 1452 1622 
0 0 0 0 0 0 0 0 0 0 0 0 0 0 30.5559 28.7532 30.5559 28.7532 7 6 7 6 
0 0 0 0 0 0 0 0 0 0 0 0 0 0 0 0 0 0 0 0 0 0 
0 0 0 0 0 0 0 0 0 0 0 0 0 0 0 0 0 0 0 0 0 0 
0 0 0 0 0 0 0 0 0 0 0 0 0 0 279.748 270.103 1321.88 1274.62 166 156 488 462 
0 0 0 0 0 0 0 0 0 0 0 0 0 0 223.839 200.942 624.152 644.69 131 128 261 268 
0 0 0 0 0 0 0 0 0 0 0 0 0 0 1385.42 1537.03 1555.53 1755.36 899 1011 954 1082 
0 0 0 0 0 0 0 0 0 0 0 0 0 0 23616.9 27147.5 23687 27309.4 14425 16463 14449 16510 
0 0 0 0 0 0 0 0 0 0 0 0 0 0 23719.6 27985.5 23763.4 28028.6 12948 14980 12960 14992 
0 0 0 0 0 0 0 0 0 0 0 0 0 0 7584.84 8782.84 7584.84 8782.84 3573 4087 3573 4087 
0 0 0 0 0 0 0 0 0 0 0 0 0 0 486.071 624.444 486.071 624.444 207 258 207 258 
0 0 0 0 0 0 0 0 0 0 0 0 0 0 0 0 0 0 0 0 0 0 
0 0 0 0 0 0 0 0 0 0 0 0 0 0 0 0 0 0 0 0 0 0 
0 0 0 0 0 0 0 0 0 0 0 0 0 0 0 0 0 0 0 0 0 0 
0 0 0 0 0 0 0 0 0 0 0 0 0 0 0 0 0 0 0 0 0 0 
0 0 0 0 0 0 0 0 0 0 0 0 0 0 0 0 0 0 0 0 0 0 
0 0 0 0 0 0 0 0 0 0 0 0 0 0 0 0 0 0 0 0 0 0 
0 0 0 0 0 0 0 0 0 0 0 0 0 0 0 0 0 0 0 0 0 0 
0 0 0 0 0 0 0 0 0 0 0 0 0 0 0 0 0 0 0 0 0 0 
0 0 0 0 0 0 0 0 0 0 0 0 0 0 0 0 0 0 0 0 0 0 
0 0 0 0 0 0 0 0 0 0 0 0 0 0 0 0 0 0 0 0 0 0 
0 0 0 0 0 0 0 0 0 0 0 0 0 0 0 0 0 0 0 0 0 0 
0 0 0 0 0 0 0 0 0 0 0 0 0 0 0 0 0 0 0 0 0 0 
0 0 0 0 0 0 0 0 0 0 0 0 0 0 0 0 0 0 0 0 0 0 
0 0 0 0 0 0 0 0 0 0 0 0 0 0 0 0 0 0 0 0 0 0 
0 0 0 0 0 0 0 0 0 0 0 0 0 0 0 0 0 0 0 0 0 0 
0 0 0 0 0 0 0 0 0 0 0 0 0 0 0 0 0 0 0 0 0 0 
0 0 0 0 0 0 0 0 0 0 0 0 0 0 0 0 0 0 0 0 0 0 
0 0 0 0 0 0 0 0 0 0 0 0 0 0 0 0 0 0 0 0 0 0 
0 0 0 0 0 0 0 0 0 0 0 0 0 0 0 0 0 0 0 0 0 0 
0 0 0 0 0 0 0 0 0 0 0 0 0 0 0 0 0 0 0 0 0 0 
0 0 0 0 0 0 0 0 0 0 0 0 0 0 0 0 0 0 0 0 0 0 
0 0 0 0 0 0 0 0 0 0 0 0 0 0 0 0 0 0 0 0 0 0 
0 0 0 0 0 0 0 0 0 0 0 0 0 0 0 0 0 0 0 0 0 0 
0 0 0 0 0 0 0 0 0 0 0 0 0 0 0 0 0 0 0 0 0 0 
0 0 0 0 0 0 0 0 0 0 0 0 0 0 0 0 0 0 0 0 0 0 
0 0 0 0 0 0 0 0 0 0 0 0 0 0 0 0 0 0 0 0 0 0 
0 0 0 0 0 0 0 0 0 0 0 0 0 0 0 0 0 0 0 0 0 0 
0 0 0 0 0 0 0 0 0 0 0 0 0 0 0 0 0 0 0 0 0 0 
0 0 0 0 0 0 0 0 0 0 0 0 0 0 0 0 0 0 0 0 0 0 
0 0 0 0 0 0 0 0 0 0 0 0 0 0 0 0 0 0 0 0 0 0 
0 0 0 0 0 0 0 0 0 0 0 0 0 0 0 0 0 0 0 0 0 0 
0 0 0 0 0 0 0 0 0 0 0 0 0 0 0 0 0 0 0 0 0 0 
0 0 0 0 0 0 0 0 0 0 0 0 0 0 2444.44 2429.26 2444.44 2429.26 315 311 315 311 
0 0 0 0 0 0 0 0 0 0 0 0 0 0 11818.9 11452.3 11818.9 11470.4 1410 1373 1410 1374 
0 0 0 0 0 0 0 0 0 0 0 0 0 0 12301.3 12454.9 12319.3 12454.9 1435 1451 1436 1451 
0 0 0 0 0 0 0 0 0 0 0 0 0 0 13120.8 12898.6 13120.8 12898.6 1527 1501 1527 1501 
0 0 0 0 0 0 0 0 0 0 0 0 0 0 12777.9 13414.1 12777.9 13414.1 1492 1569 1492 1569 
0 0 0 0 0 0 0 0 0 0 0 0 0 0 6276.93 7016.88 6276.93 7016.88 748 841 748 841 
0 0 0 0 0 0 0 0 0 0 0 0 0 0 366.651 288.8 366.651 288.8 46 35 46 35 
0 0 0 0 0 0 0 0 0 0 0 0 0 0 17.2998 24.2395 17.2998 24.2395 3 4 3 4 
0 0 0 0 0 0 0 0 0 0 0 0 0 0 6.42394 29.6035 6.42394 29.6035 1 5 1 5 
0 0 0 0 0 0 0 0 0 0 0 0 0 0 2.23057 0 9.88069 0 1 0 2 0 
0 0 0 0 0 0 0 0 0 0 0 0 0 0 123.358 128.193 237.876 332.893 29 30 45 54 
0 0 0 0 0 0 0 0 0 0 0 0 0 0 3767.19 4227.11 3995.02 4612.59 824 923 848 966 
0 0 0 0 0 0 0 0 0 0 0 0 0 0 66553.1 70207.7 66824.1 70550.1 14115 14847 14146 14881 
0 0 0 0 0 0 0 0 0 0 0 0 0 0 96699.8 100334 96863.4 100528 20194 20926 20209 20946 
0 0 0 0 0 0 0 0 0 0 0 0 0 0 81915.7 83040 81937.6 83149 16955 17155 16958 17167 
0 0 0 0 0 0 0 0 0 0 0 0 0 0 83106.1 88617.9 83151.7 88732.8 17294 18300 17298 18312 
0 0 0 0 0 0 0 0 0 0 0 0 0 0 92164.1 97686 92175.2 97716.6 19404 20483 19405 20486 
0 0 0 0 0 0 0 0 0 0 0 0 0 0 46674.6 48678.5 46688 48678.5 10093 10469 10094 10469 
0 0 0 0 0 0 0 0 0 0 0 0 0 0 1451.34 1402.49 1451.34 1402.49 313 308 313 308 
0 0 0 0 0 0 0 0 0 0 0 0 0 0 104.982 113.043 104.982 113.043 23 29 23 29 
0 0 0 0 0 0 0 0 0 0 0 0 0 0 11.8967 9.4411 11.8967 9.4411 3 3 3 3 
0 0 0 0 0 0 0 0 0 0 0 0 0 0 347.477 331.926 1425.95 1478.23 211 227 571 606 
0 0 0 0 0 0 0 0 0 0 0 0 0 0 411.464 409.058 1226.78 1166.86 219 220 440 440 
0 0 0 0 0 0 0 0 0 0 0 0 0 0 4362.55 4608.4 4820.77 5204.4 2408 2583 2537 2736 
0 0 0 0 0 0 0 0 0 0 0 0 0 0 75241.6 80666.8 75462.6 80932.7 44055 47087 44112 47156 
0 0 0 0 0 0 0 0 0 0 0 0 0 0 103029 109798 103166 109900 59387 62544 59422 62574 
0 0 0 0 0 0 0 0 0 0 0 0 0 0 84553.8 88385.3 84594.1 88460.5 46737 48483 46754 48503 
0 0 0 0 0 0 0 0 0 0 0 0 0 0 83670.1 89744 83706.8 89830.4 44252 46810 44263 46832 
0 0 0 0 0 0 0 0 0 0 0 0 0 0 87572 94050.1 87582.1 94051.1 42575 44956 42577 44957 
0 0 0 0 0 0 0 0 0 0 0 0 0 0 40573.9 43744.9 40573.9 43751 18338 19547 18338 19549 
0 0 0 0 0 0 0 0 0 0 0 0 0 0 493.234 432.527 493.234 432.527 219 181 219 181 
0 0 0 0 0 0 0 0 0 0 0 0 0 0 58.7001 27.8154 58.7001 27.8154 24 12 24 12 
0 0 0 0 0 0 0 0 0 0 0 0 0 0 5.04363 0 5.04363 0 2 0 2 0 
0 0 0 0 0 0 0 0 0 0 0 0 0 0 98.8726 100.953 420.184 424.057 238 243 615 598 
0 0 0 0 0 0 0 0 0 0 0 0 0 0 62.4999 71.7709 206.34 225.241 151 178 317 357 
0 0 0 0 0 0 0 0 0 0 0 0 0 0 734.22 713.179 804.28 786.868 1747 1706 1838 1794 
0 0 0 0 0 0 0 0 0 0 0 0 0 0 12600 13355.4 12631.2 13401 28638 29725 28677 29778 
0 0 0 0 0 0 0 0 0 0 0 0 0 0 12721.8 13286.3 12736.4 13301.3 24576 25477 24590 25491 
0 0 0 0 0 0 0 0 0 0 0 0 0 0 4317.58 4476.52 4321.47 4477.44 6778 7030 6780 7031 
0 0 0 0 0 0 0 0 0 0 0 0 0 0 345.921 395.25 345.921 395.25 466 507 466 507 
0 0 0 0 0 0 0 0 0 0 0 0 0 0 0 0 0 0 0 0 0 0 
0 0 0 0 0 0 0 0 0 0 0 0 0 0 0 0 0 0 0 0 0 0 
0 0 0 0 0 0 0 0 0 0 0 0 0 0 0 0 0 0 0 0 0 0 
0 0 0 0 0 0 0 0 0 0 0 0 0 0 0 0 0 0 0 0 0 0 
0 0 0 0 0 0 0 0 0 0 0 0 0 0 0 0 0 0 0 0 0 0 
0 0 0 0 0 0 0 0 0 0 0 0 0 0 0 0 0 0 0 0 0 0 
0 0 0 0 0 0 0 0 0 0 0 0 0 0 0 0 0 0 0 0 0 0 
0 0 0 0 0 0 0 0 0 0 0 0 0 0 0 0 0 0 0 0 0 0 
0 0 0 0 0 0 0 0 0 0 0 0 0 0 0 0 0 0 0 0 0 0 
0 0 0 0 0 0 0 0 0 0 0 0 0 0 0 0 0 0 0 0 0 0 
0 0 0 0 0 0 0 0 0 0 0 0 0 0 0 0 0 0 0 0 0 0 
0 0 0 0 0 0 0 0 0 0 0 0 0 0 0 0 0 0 0 0 0 0 
0 0 0 0 0 0 0 0 0 0 0 0 0 0 0 0 0 0 0 0 0 0 
0 0 0 0 0 0 0 0 0 0 0 0 0 0 0 0 0 0 0 0 0 0 
0 0 0 0 0 0 0 0 0 0 0 0 0 0 0 0 0 0 0 0 0 0 
0 0 0 0 0 0 0 0 0 0 0 0 0 0 0 0 0 0 0 0 0 0 
0 0 0 0 0 0 0 0 0 0 0 0 0 0 0 0 0 0 0 0 0 0 
0 0 0 0 0 0 0 0 0 0 0 0 0 0 0 0 0 0 0 0 0 0 
0 0 0 0 0 0 0 0 0 0 0 0 0 0 0 0 0 0 0 0 0 0 
0 0 0 0 0 0 0 0 0 0 0 0 0 0 0 0 0 0 0 0 0 0 
0 0 0 0 0 0 0 0 0 0 0 0 0 0 0 0 0 0 0 0 0 0 
0 0 0 0 0 0 0 0 0 0 0 0 0 0 0 0 0 0 0 0 0 0 
0 0 0 0 0 0 0 0 0 0 0 0 0 0 330.034 411.169 330.034 411.169 38 50 38 50 
0 0 0 0 0 0 0 0 0 0 0 0 0 0 8757.47 8379.54 8757.47 8379.54 972 922 972 922 
0 0 0 0 0 0 0 0 0 0 0 0 0 0 23534.4 22015.1 23534.4 22015.1 2444 2276 2444 2276 
0 0 0 0 0 0 0 0 0 0 0 0 0 0 15883.9 15519.9 15883.9 15519.9 1602 1570 1602 1570 
0 0 0 0 0 0 0 0 0 0 0 0 0 0 1764.51 2116.26 1764.51 2116.26 181 209 181 209 
0 0 0 0 0 0 0 0 0 0 0 0 0 0 82.0842 170.601 82.0842 170.601 10 18 10 18 
0 0 0 0 0 0 0 0 0 0 0 0 0 0 30.8233 39.7023 30.8233 39.7023 4 5 4 5 
0 0 0 0 0 0 0 0 0 0 0 0 0 0 0 0 0 0 0 0 0 0 
0 0 0 0 0 0 0 0 0 0 0 0 0 0 0 0 0 0 0 0 0 0 
0 0 0 0 0 0 0 0 0 0 0 0 0 0 0 0 0 0 0 0 0 0 
0 0 0 0 0 0 0 0 0 0 0 0 0 0 3618.11 3440.85 3623.63 3449.05 890 848 891 849 
0 0 0 0 0 0 0 0 0 0 0 0 0 0 25881.1 25495.2 25909.9 25538.2 5248 5204 5251 5209 
0 0 0 0 0 0 0 0 0 0 0 0 0 0 46483.7 47859.7 46585.1 47908.4 8006 8155 8014 8160 
0 0 0 0 0 0 0 0 0 0 0 0 0 0 62718.3 64419.8 62754.6 64463.7 10089 10359 10091 10363 
0 0 0 0 0 0 0 0 0 0 0 0 0 0 67655.1 69043.4 67700 69043.4 11071 11247 11073 11247 
0 0 0 0 0 0 0 0 0 0 0 0 0 0 36280.4 36493.8 36280.4 36493.8 6054 6112 6054 6112 
0 0 0 0 0 0 0 0 0 0 0 0 0 0 2517.72 2637.64 2517.72 2637.64 425 456 425 456 
0 0 0 0 0 0 0 0 0 0 0 0 0 0 135.143 140.403 135.143 140.403 27 30 27 30 
0 0 0 0 0 0 0 0 0 0 0 0 0 0 106.841 55.3573 106.841 55.3573 21 11 21 11 
0 0 0 0 0 0 0 0 0 0 0 0 0 0 0 0 1.78552 0 0 0 1 0 
0 0 0 0 0 0 0 0 0 0 0 0 0 0 31.9027 36.2713 102.644 80.9566 22 25 48 42 
0 0 0 0 0 0 0 0 0 0 0 0 0 0 1782.35 1858.27 1885.58 1980.35 949 986 981 1026 
0 0 0 0 0 0 0 0 0 0 0 0 0 0 37957.7 38754.2 38064.8 38881.1 17919 18317 17946 18351 
0 0 0 0 0 0 0 0 0 0 0 0 0 0 51983.3 52167.2 52030.3 52251.3 23705 23654 23716 23670 
0 0 0 0 0 0 0 0 0 0 0 0 0 0 39380.7 40213 39412.9 40248.1 17610 17856 17619 17864 
0 0 0 0 0 0 0 0 0 0 0 0 0 0 42473 42097.4 42491.3 42118.4 18938 18903 18943 18908 
0 0 0 0 0 0 0 0 0 0 0 0 0 0 51105.3 51805.6 51117.9 51808.1 23491 23732 23493 23733 
0 0 0 0 0 0 0 0 0 0 0 0 0 0 27827.3 28286 27827.3 28286 13032 13221 13032 13221 
0 0 0 0 0 0 0 0 0 0 0 0 0 0 984.521 1061.18 984.521 1061.18 452 483 452 483 
0 0 0 0 0 0 0 0 0 0 0 0 0 0 65.3862 73.1655 65.3862 73.1655 39 41 39 41 
0 0 0 0 0 0 0 0 0 0 0 0 0 0 22.949 24.9001 22.949 24.9001 12 14 12 14 
0 0 0 0 0 0 0 0 0 0 0 0 0 0 44.9536 57.2035 227.455 245.635 107 135 323 363 
0 0 0 0 0 0 0 0 0 0 0 0 0 0 65.4426 74.3789 190.649 228.107 138 144 268 292 
0 0 0 0 0 0 0 0 0 0 0 0 0 0 1004.96 963.536 1075.74 1061.17 1898 1897 1965 1993 
0 0 0 0 0 0 0 0 0 0 0 0 0 0 16152.2 16716.5 16195.2 16781.6 33074 34144 33118 34201 
0 0 0 0 0 0 0 0 0 0 0 0 0 0 19684.9 20168.1 19702.5 20188.2 39866 40933 39887 40953 
0 0 0 0 0 0 0 0 0 0 0 0 0 0 14056.6 14257.3 14073.7 14273.1 27980 28004 27995 28025 
0 0 0 0 0 0 0 0 0 0 0 0 0 0 14684.7 14566.3 14694.5 14581.9 27552 27335 27560 27346 
0 0 0 0 0 0 0 0 0 0 0 0 0 0 18068.7 17784 18071.4 17788.8 30434 29946 30436 29949 
0 0 0 0 0 0 0 0 0 0 0 0 0 0 9328.69 9081.08 9328.69 9081.08 14311 13963 14311 13963 
0 0 0 0 0 0 0 0 0 0 0 0 0 0 147.366 132.8 147.366 134.136 207 185 207 186 
0 0 0 0 0 0 0 0 0 0 0 0 0 0 11.3371 9.21596 11.3371 9.21596 18 12 18 12 
0 0 0 0 0 0 0 0 0 0 0 0 0 0 0.595426 1.06316 0.595426 1.06316 1 1 1 1 
0 0 0 0 0 0 0 0 0 0 0 0 0 0 13.4732 13.5656 55.8509 61.761 124 120 315 323 
0 0 0 0 0 0 0 0 0 0 0 0 0 0 10.9157 11.8608 29.68 34.2436 98 104 184 201 
0 0 0 0 0 0 0 0 0 0 0 0 0 0 128.745 138.136 138.827 150.687 1122 1221 1170 1276 
0 0 0 0 0 0 0 0 0 0 0 0 0 0 2415.76 2477.52 2420.73 2483.59 19571 19992 19593 20018 
0 0 0 0 0 0 0 0 0 0 0 0 0 0 2280.79 2297.22 2282.53 2301.98 16157 16151 16162 16168 
0 0 0 0 0 0 0 0 0 0 0 0 0 0 683.71 665.982 684.496 667.689 3957 3892 3959 3897 
0 0 0 0 0 0 0 0 0 0 0 0 0 0 59.2089 58.5152 59.2089 58.5152 284 283 284 283 
0 0 0 0 0 0 0 0 0 0 0 0 0 0 0 0 0 0 0 0 0 0 
0 0 0 0 0 0 0 0 0 0 0 0 0 0 0 0 0 0 0 0 0 0 
0 0 0 0 0 0 0 0 0 0 0 0 0 0 0 0 0 0 0 0 0 0 
0 0 0 0 0 0 0 0 0 0 0 0 0 0 0 0 0 0 0 0 0 0 
0 0 0 0 0 0 0 0 0 0 0 0 0 0 0 0 0 0 0 0 0 0 
0 0 0 0 0 0 0 0 0 0 0 0 0 0 0 0 0 0 0 0 0 0 
0 0 0 0 0 0 0 0 0 0 0 0 0 0 0 0 0 0 0 0 0 0 
0 0 0 0 0 0 0 0 0 0 0 0 0 0 0 0 0 0 0 0 0 0 
0 0 0 0 0 0 0 0 0 0 0 0 0 0 0 0 0 0 0 0 0 0 
0 0 0 0 0 0 0 0 0 0 0 0 0 0 0 0 0 0 0 0 0 0 
0 0 0 0 0 0 0 0 0 0 0 0 0 0 0 0 0 0 0 0 0 0 
0 0 0 0 0 0 0 0 0 0 0 0 0 0 0 0 0 0 0 0 0 0 
0 0 0 0 0 0 0 0 0 0 0 0 0 0 0 0 0 0 0 0 0 0 
0 0 0 0 0 0 0 0 0 0 0 0 0 0 0 0 0 0 0 0 0 0 
0 0 0 0 0 0 0 0 0 0 0 0 0 0 0 0 0 0 0 0 0 0 
0 0 0 0 0 0 0 0 0 0 0 0 0 0 0 0 0 0 0 0 0 0 
0 0 0 0 0 0 0 0 0 0 0 0 0 0 0 0 0 0 0 0 0 0 
0 0 0 0 0 0 0 0 0 0 0 0 0 0 0 0 0 0 0 0 0 0 
0 0 0 0 0 0 0 0 0 0 0 0 0 0 0 0 0 0 0 0 0 0 
0 0 0 0 0 0 0 0 0 0 0 0 0 0 0 0 0 0 0 0 0 0 
0 0 0 0 0 0 0 0 0 0 0 0 0 0 0 0 0 0 0 0 0 0 
0 0 0 0 0 0 0 0 0 0 0 0 0 0 0 0 0 0 0 0 0 0 
0 0 0 0 0 0 0 0 0 0 0 0 0 0 133.253 169.572 133.253 169.572 33 42 33 42 
0 0 0 0 0 0 0 0 0 0 0 0 0 0 5270.9 5217.59 5270.9 5224.86 1075 1084 1075 1085 
0 0 0 0 0 0 0 0 0 0 0 0 0 0 17990.9 17790.2 17990.9 17790.2 3257 3264 3257 3264 
0 0 0 0 0 0 0 0 0 0 0 0 0 0 15655.8 16455.4 15655.8 16455.4 2612 2724 2612 2724 
0 0 0 0 0 0 0 0 0 0 0 0 0 0 3340.47 3505.96 3340.47 3505.96 510 524 510 524 
0 0 0 0 0 0 0 0 0 0 0 0 0 0 451.888 297.558 451.888 297.558 60 41 60 41 
0 0 0 0 0 0 0 0 0 0 0 0 0 0 157.976 126.861 157.976 126.861 25 19 25 19 
0 0 0 0 0 0 0 0 0 0 0 0 0 0 0 0 0 0 0 0 0 0 
0 0 0 0 0 0 0 0 0 0 0 0 0 0 0 0 0 0 0 0 0 0 
0 0 0 0 0 0 0 0 0 0 0 0 0 0 0 0 0 0 0 0 0 0 
0 0 0 0 0 0 0 0 0 0 0 0 0 0 1313.61 1353.97 1313.61 1356.33 716 742 716 743 
0 0 0 0 0 0 0 0 0 0 0 0 0 0 8506.18 8853.2 8525.69 8864.91 3928 4049 3933 4052 
0 0 0 0 0 0 0 0 0 0 0 0 0 0 15237.9 15083.2 15258.4 15096.8 5793 5728 5797 5731 
0 0 0 0 0 0 0 0 0 0 0 0 0 0 22483.5 22559.5 22488.9 22586.2 7710 7735 7711 7739 
0 0 0 0 0 0 0 0 0 0 0 0 0 0 27057.4 27169.5 27057.4 27176.2 9319 9341 9319 9342 
0 0 0 0 0 0 0 0 0 0 0 0 0 0 14906.9 15061.1 14906.9 15061.1 5257 5317 5257 5317 
0 0 0 0 0 0 0 0 0 0 0 0 0 0 1261.09 1240.97 1261.09 1240.97 444 438 444 438 
0 0 0 0 0 0 0 0 0 0 0 0 0 0 71.2819 92.4156 71.2819 92.4156 26 34 26 34 
0 0 0 0 0 0 0 0 0 0 0 0 0 0 14.9855 18.6649 14.9855 18.6649 8 9 8 9 
0 0 0 0 0 0 0 0 0 0 0 0 0 0 0 0 0 0 0 0 0 0 
0 0 0 0 0 0 0 0 0 0 0 0 0 0 17.4282 14.2725 37.7765 34.6577 28 22 44 40 
0 0 0 0 0 0 0 0 0 0 0 0 0 0 672.32 604.785 706.726 639.02 814 736 837 758 
0 0 0 0 0 0 0 0 0 0 0 0 0 0 13749.6 13438 13788.5 13479.7 14572 14293 14591 14316 
0 0 0 0 0 0 0 0 0 0 0 0 0 0 17391.7 17144.1 17399.9 17175.3 17860 17681 17865 17694 
0 0 0 0 0 0 0 0 0 0 0 0 0 0 12133.2 12007.6 12142.5 12027.6 12212 12131 12216 12140 
0 0 0 0 0 0 0 0 0 0 0 0 0 0 13004.4 13067.1 13007.9 13086 13250 13197 13252 13206 
0 0 0 0 0 0 0 0 0 0 0 0 0 0 17207.2 17709.2 17211.5 17715.7 17842 18176 17844 18179 
0 0 0 0 0 0 0 0 0 0 0 0 0 0 9923.24 9919.86 9923.24 9919.86 10414 10355 10414 10355 
0 0 0 0 0 0 0 0 0 0 0 0 0 0 373.924 433.496 373.924 433.496 388 438 388 438 
0 0 0 0 0 0 0 0 0 0 0 0 0 0 30.5204 19.8322 30.5204 19.8322 35 22 35 22 
0 0 0 0 0 0 0 0 0 0 0 0 0 0 4.74847 5.9591 4.74847 5.9591 7 10 7 10 
0 0 0 0 0 0 0 0 0 0 0 0 0 0 17.4352 17.0727 71.1562 80.3872 89 90 245 261 
0 0 0 0 0 0 0 0 0 0 0 0 0 0 24.1736 26.1123 64.6235 67.8343 106 116 199 217 
0 0 0 0 0 0 0 0 0 0 0 0 0 0 348.755 357.385 375.407 384.039 1527 1571 1584 1625 
0 0 0 0 0 0 0 0 0 0 0 0 0 0 5834.88 5819.14 5845.33 5831.2 26240 26370 26260 26399 
0 0 0 0 0 0 0 0 0 0 0 0 0 0 6523.44 6561.47 6525.97 6568.46 29737 29684 29745 29701 
0 0 0 0 0 0 0 0 0 0 0 0 0 0 4269.48 4213.31 4275.88 4217.69 19125 18789 19139 18801 
0 0 0 0 0 0 0 0 0 0 0 0 0 0 4531.33 4554.43 4535.51 4557.43 19154 19211 19159 19217 
0 0 0 0 0 0 0 0 0 0 0 0 0 0 6143.27 5885.58 6143.27 5886.83 23209 22163 23209 22166 
0 0 0 0 0 0 0 0 0 0 0 0 0 0 3106.87 3021.03 3106.87 3021.03 10710 10393 10710 10393 
0 0 0 0 0 0 0 0 0 0 0 0 0 0 49.4388 49.507 49.4388 49.507 162 160 162 160 
0 0 0 0 0 0 0 0 0 0 0 0 0 0 1.64902 4.50622 1.64902 4.50622 5 13 5 13 
0 0 0 0 0 0 0 0 0 0 0 0 0 0 0.442179 0.233713 0.442179 0.233713 1 1 1 1 
0 0 0 0 0 0 0 0 0 0 0 0 0 0 4.65354 3.26996 18.6906 17.2605 104 74 247 200 
0 0 0 0 0 0 0 0 0 0 0 0 0 0 3.44871 3.46511 10.2001 9.43753 71 68 139 128 
0 0 0 0 0 0 0 0 0 0 0 0 0 0 42.402 46.1453 46.4263 49.2079 845 922 885 952 
0 0 0 0 0 0 0 0 0 0 0 0 0 0 772.718 779.254 775.004 781.447 14194 14261 14214 14281 
0 0 0 0 0 0 0 0 0 0 0 0 0 0 699.04 711.761 699.511 712.709 11153 11337 11157 11344 
0 0 0 0 0 0 0 0 0 0 0 0 0 0 191.942 196.136 191.942 196.315 2532 2556 2532 2557 
0 0 0 0 0 0 0 0 0 0 0 0 0 0 15.1029 15.6262 15.1029 15.6262 159 171 159 171 
0 0 0 0 0 0 0 0 0 0 0 0 0 0 0 0 0 0 0 0 0 0 
0 0 0 0 0 0 0 0 0 0 0 0 0 0 0 0 0 0 0 0 0 0 
0 0 0 0 0 0 0 0 0 0 0 0 0 0 0 0 0 0 0 0 0 0 
0 0 0 0 0 0 0 0 0 0 0 0 0 0 0 0 0 0 0 0 0 0 
0 0 0 0 0 0 0 0 0 0 0 0 0 0 0 0 0 0 0 0 0 0 
0 0 0 0 0 0 0 0 0 0 0 0 0 0 0 0 0 0 0 0 0 0 
0 0 0 0 0 0 0 0 0 0 0 0 0 0 0 0 0 0 0 0 0 0 
0 0 0 0 0 0 0 0 0 0 0 0 0 0 0 0 0 0 0 0 0 0 
0 0 0 0 0 0 0 0 0 0 0 0 0 0 0 0 0 0 0 0 0 0 
0 0 0 0 0 0 0 0 0 0 0 0 0 0 0 0 0 0 0 0 0 0 
0 0 0 0 0 0 0 0 0 0 0 0 0 0 0 0 0 0 0 0 0 0 
0 0 0 0 0 0 0 0 0 0 0 0 0 0 0 0 0 0 0 0 0 0 
0 0 0 0 0 0 0 0 0 0 0 0 0 0 0 0 0 0 0 0 0 0 
0 0 0 0 0 0 0 0 0 0 0 0 0 0 0 0 0 0 0 0 0 0 
0 0 0 0 0 0 0 0 0 0 0 0 0 0 0 0 0 0 0 0 0 0 
0 0 0 0 0 0 0 0 0 0 0 0 0 0 0 0 0 0 0 0 0 0 
0 0 0 0 0 0 0 0 0 0 0 0 0 0 0 0 0 0 0 0 0 0 
0 0 0 0 0 0 0 0 0 0 0 0 0 0 0 0 0 0 0 0 0 0 
0 0 0 0 0 0 0 0 0 0 0 0 0 0 0 0 0 0 0 0 0 0 
0 0 0 0 0 0 0 0 0 0 0 0 0 0 0 0 0 0 0 0 0 0 
0 0 0 0 0 0 0 0 0 0 0 0 0 0 0 0 0 0 0 0 0 0 
0 0 0 0 0 0 0 0 0 0 0 0 0 0 0 0 0 0 0 0 0 0 
0 0 0 0 0 0 0 0 0 0 0 0 0 0 117.552 95.0776 117.552 95.0776 65 53 65 53 
0 0 0 0 0 0 0 0 0 0 0 0 0 0 3494.93 3251.41 3514.28 3254.42 1577 1483 1580 1484 
0 0 0 0 0 0 0 0 0 0 0 0 0 0 12025.3 11932.4 12025.3 11932.4 4778 4714 4778 4714 
0 0 0 0 0 0 0 0 0 0 0 0 0 0 11346.7 11771.7 11349.7 11777.7 4141 4286 4142 4287 
0 0 0 0 0 0 0 0 0 0 0 0 0 0 2463.16 2627.05 2463.16 2627.05 813 857 813 857 
0 0 0 0 0 0 0 0 0 0 0 0 0 0 289.067 209.518 289.067 209.518 86 63 86 63 
0 0 0 0 0 0 0 0 0 0 0 0 0 0 140.612 132.336 140.612 132.336 50 39 50 39 
0 0 0 0 0 0 0 0 0 0 0 0 0 0 0 0 0 0 0 0 0 0 
0 0 0 0 0 0 0 0 0 0 0 0 0 0 0 0 0 0 0 0 0 0 
0 0 0 0 0 0 0 0 0 0 0 0 0 0 0 0 0 0 0 0 0 0 
0 0 0 0 0 0 0 0 0 0 0 0 0 0 903.712 928.81 903.712 928.81 1103 1115 1103 1115 
0 0 0 0 0 0 0 0 0 0 0 0 0 0 5701.44 5589.75 5706.42 5597.56 5719 5678 5721 5682 
0 0 0 0 0 0 0 0 0 0 0 0 0 0 9162.57 9224.94 9179.26 9252.12 7612 7638 7619 7650 
0 0 0 0 0 0 0 0 0 0 0 0 0 0 14436.9 14139.5 14449.1 14148.4 10886 10604 10891 10608 
0 0 0 0 0 0 0 0 0 0 0 0 0 0 18541.2 18059.5 18541.2 18065.1 14003 13604 14003 13606 
0 0 0 0 0 0 0 0 0 0 0 0 0 0 10433.4 10379 10433.4 10379 8045 7994 8045 7994 
0 0 0 0 0 0 0 0 0 0 0 0 0 0 919.62 915.724 919.62 915.724 709 707 709 707 
0 0 0 0 0 0 0 0 0 0 0 0 0 0 48.7769 52.0877 48.7769 52.0877 46 43 46 43 
0 0 0 0 0 0 0 0 0 0 0 0 0 0 19.3865 18.9694 19.3865 18.9694 18 22 18 22 
0 0 0 0 0 0 0 0 0 0 0 0 0 0 0 0 0 0 0 0 0 0 
0 0 0 0 0 0 0 0 0 0 0 0 0 0 11.5007 10.8016 18.4387 18.8633 31 34 45 50 
0 0 0 0 0 0 0 0 0 0 0 0 0 0 480.593 468.638 501.967 497.067 1305 1264 1337 1304 
0 0 0 0 0 0 0 0 0 0 0 0 0 0 9728.13 9571.81 9746.55 9599.25 22737 22462 22759 22493 
0 0 0 0 0 0 0 0 0 0 0 0 0 0 11632.1 11509 11643.9 11519.6 26112 25941 26127 25953 
0 0 0 0 0 0 0 0 0 0 0 0 0 0 7495.43 7582.04 7502.44 7588.13 16477 16639 16485 16646 
0 0 0 0 0 0 0 0 0 0 0 0 0 0 8459.58 8388.4 8465.03 8393.03 18899 18613 18903 18617 
0 0 0 0 0 0 0 0 0 0 0 0 0 0 12067.9 11899.5 12067.9 11901.3 27336 26887 27336 26889 
0 0 0 0 0 0 0 0 0 0 0 0 0 0 6713.5 6761.67 6713.5 6761.67 15190 15261 15190 15261 
0 0 0 0 0 0 0 0 0 0 0 0 0 0 293.379 280.304 293.379 280.304 614 596 614 596 
0 0 0 0 0 0 0 0 0 0 0 0 0 0 16.5007 20.772 16.5007 20.772 43 54 43 54 
0 0 0 0 0 0 0 0 0 0 0 0 0 0 2.27397 4.78542 2.27397 4.78542 8 12 8 12 
0 0 0 0 0 0 0 0 0 0 0 0 0 0 11.1949 7.96474 42.0723 39.211 129 107 316 297 
0 0 0 0 0 0 0 0 0 0 0 0 0 0 17.4994 21.6411 42.8334 48.7802 157 206 285 336 
0 0 0 0 0 0 0 0 0 0 0 0 0 0 260.371 263.017 277.618 276.328 2465 2513 2546 2583 
0 0 0 0 0 0 0 0 0 0 0 0 0 0 3973.68 3988.8 3980.19 3997.51 38639 38763 38670 38800 
0 0 0 0 0 0 0 0 0 0 0 0 0 0 4232.13 4288.53 4236.49 4292.23 41403 41563 41425 41581 
0 0 0 0 0 0 0 0 0 0 0 0 0 0 2603.56 2543.21 2607.65 2546.74 24992 24439 25007 24457 
0 0 0 0 0 0 0 0 0 0 0 0 0 0 2868.4 2815.32 2870.01 2816.45 26049 25391 26056 25397 
0 0 0 0 0 0 0 0 0 0 0 0 0 0 4013.19 3880.93 4013.34 3881.84 32641 31476 32642 31479 
0 0 0 0 0 0 0 0 0 0 0 0 0 0 2006.9 1911.95 2006.9 1911.95 14923 14351 14923 14351 
0 0 0 0 0 0 0 0 0 0 0 0 0 0 36.4121 36.7174 36.4121 36.7174 249 264 249 264 
0 0 0 0 0 0 0 0 0 0 0 0 0 0 1.91318 2.65146 1.91318 2.65146 15 18 15 18 
0 0 0 0 0 0 0 0 0 0 0 0 0 0 0.412057 0.278957 0.412057 0.278957 3 2 3 2 
0 0 0 0 0 0 0 0 0 0 0 0 0 0 33.257 32.9296 41.0741 40.136 125 112 297 269 
0 0 0 0 0 0 0 0 0 0 0 0 0 0 2.13783 2.21256 6.38868 6.01912 102 107 193 201 
0 0 0 0 0 0 0 0 0 0 0 0 0 0 30.4379 32.4032 32.4486 35.1548 1368 1447 1414 1508 
0 0 0 0 0 0 0 0 0 0 0 0 0 0 533.764 527.452 535.049 528.543 22004 21636 22031 21659 
0 0 0 0 0 0 0 0 0 0 0 0 0 0 456.15 440.493 456.577 440.975 16114 15519 16121 15529 
0 0 0 0 0 0 0 0 0 0 0 0 0 0 119.732 118.027 119.818 118.09 3416 3396 3417 3397 
0 0 0 0 0 0 0 0 0 0 0 0 0 0 9.38716 8.77236 9.38716 8.77236 227 210 227 210 
0 0 0 0 0 0 0 0 0 0 0 0 0 0 0 0 0 0 0 0 0 0 
0 0 0 0 0 0 0 0 0 0 0 0 0 0 0 0 0 0 0 0 0 0 
0 0 0 0 0 0 0 0 0 0 0 0 0 0 0 0 0 0 0 0 0 0 
0 0 0 0 0 0 0 0 0 0 0 0 0 0 0 0 0 0 0 0 0 0 
0 0 0 0 0 0 0 0 0 0 0 0 0 0 0 0 0 0 0 0 0 0 
0 0 0 0 0 0 0 0 0 0 0 0 0 0 0 0 0 0 0 0 0 0 
0 0 0 0 0 0 0 0 0 0 0 0 0 0 0 0 0 0 0 0 0 0 
0 0 0 0 0 0 0 0 0 0 0 0 0 0 0 0 0 0 0 0 0 0 
0 0 0 0 0 0 0 0 0 0 0 0 0 0 0 0 0 0 0 0 0 0 
0 0 0 0 0 0 0 0 0 0 0 0 0 0 0 0 0 0 0 0 0 0 
0 0 0 0 0 0 0 0 0 0 0 0 0 0 0 0 0 0 0 0 0 0 
0 0 0 0 0 0 0 0 0 0 0 0 0 0 0 0 0 0 0 0 0 0 
0 0 0 0 0 0 0 0 0 0 0 0 0 0 0 0 0 0 0 0 0 0 
0 0 0 0 0 0 0 0 0 0 0 0 0 0 0 0 0 0 0 0 0 0 
0 0 0 0 0 0 0 0 0 0 0 0 0 0 0 0 0 0 0 0 0 0 
0 0 0 0 0 0 0 0 0 0 0 0 0 0 0 0 0 0 0 0 0 0 
0 0 0 0 0 0 0 0 0 0 0 0 0 0 0 0 0 0 0 0 0 0 
0 0 0 0 0 0 0 0 0 0 0 0 0 0 0 0 0 0 0 0 0 0 
0 0 0 0 0 0 0 0 0 0 0 0 0 0 0 0 0 0 0 0 0 0 
0 0 0 0 0 0 0 0 0 0 0 0 0 0 0 0 0 0 0 0 0 0 
0 0 0 0 0 0 0 0 0 0 0 0 0 0 0 0 0 0 0 0 0 0 
0 0 0 0 0 0 0 0 0 0 0 0 0 0 0 0 0 0 0 0 0 0 
0 0 0 0 0 0 0 0 0 0 0 0 0 0 41.4495 29.053 41.4495 29.053 59 45 59 45 
0 0 0 0 0 0 0 0 0 0 0 0 0 0 1400.27 1306.23 1403.8 1307.1 1810 1687 1812 1688 
0 0 0 0 0 0 0 0 0 0 0 0 0 0 5373.85 5213.35 5373.85 5215.99 6091 5908 6091 5909 
0 0 0 0 0 0 0 0 0 0 0 0 0 0 5369.21 5129.12 5370.73 5129.12 5452 5196 5453 5196 
0 0 0 0 0 0 0 0 0 0 0 0 0 0 1276.54 1190.72 1276.54 1190.72 1124 1083 1124 1083 
0 0 0 0 0 0 0 0 0 0 0 0 0 0 132.512 136.354 132.512 136.354 108 114 108 114 
0 0 0 0 0 0 0 0 0 0 0 0 0 0 71.1508 66.8861 71.1508 66.8861 68 57 68 57 
0 0 0 0 0 0 0 0 0 0 0 0 0 0 0 0 0 0 0 0 0 0 
0 0 0 0 0 0 0 0 0 0 0 0 0 0 0 0 0 0 0 0 0 0 
0 0 0 0 0 0 0 0 0 0 0 0 0 0 0 0 0 0 0 0 0 0 
0 0 0 0 0 0 0 0 0 0 0 0 0 0 393.948 408.566 395.038 408.566 1334 1402 1335 1402 
0 0 0 0 0 0 0 0 0 0 0 0 0 0 2445.08 2490.92 2448.83 2494.27 7030 7084 7035 7088 
0 0 0 0 0 0 0 0 0 0 0 0 0 0 3830.26 3790.2 3833.16 3798.44 9013 8863 9017 8874 
0 0 0 0 0 0 0 0 0 0 0 0 0 0 6112.7 5988.61 6114.82 5992.66 13151 12800 13153 12803 
0 0 0 0 0 0 0 0 0 0 0 0 0 0 8376.68 8126.77 8379.25 8130.01 18030 17445 18033 17448 
0 0 0 0 0 0 0 0 0 0 0 0 0 0 4533.98 4470.31 4533.98 4470.31 9699 9638 9699 9638 
0 0 0 0 0 0 0 0 0 0 0 0 0 0 382.824 407.784 382.824 407.784 829 873 829 873 
0 0 0 0 0 0 0 0 0 0 0 0 0 0 24.1085 22.5634 24.1085 22.5634 60 54 60 54 
0 0 0 0 0 0 0 0 0 0 0 0 0 0 10.8151 9.41392 10.8151 9.41392 28 25 28 25 
0 0 0 0 0 0 0 0 0 0 0 0 0 0 0 0 0 0.183854 0 0 0 1 
0 0 0 0 0 0 0 0 0 0 0 0 0 0 3.88508 5.53971 6.36606 8.29913 39 58 52 74 
0 0 0 0 0 0 0 0 0 0 0 0 0 0 259.021 261.091 268.421 270.708 2026 2049 2061 2092 
0 0 0 0 0 0 0 0 0 0 0 0 0 0 4662.06 4612.07 4670.03 4621.42 30699 30415 30729 30444 
0 0 0 0 0 0 0 0 0 0 0 0 0 0 5028.03 5026.57 5032.61 5032.81 31939 31898 31950 31920 
0 0 0 0 0 0 0 0 0 0 0 0 0 0 3086.93 3024.67 3088.77 3028.08 19385 19168 19391 19180 
0 0 0 0 0 0 0 0 0 0 0 0 0 0 3703.06 3645.28 3706.22 3647.51 23389 22883 23398 22890 
0 0 0 0 0 0 0 0 0 0 0 0 0 0 5443.12 5422.94 5443.67 5424.7 34830 34606 34832 34609 
0 0 0 0 0 0 0 0 0 0 0 0 0 0 2876.56 2827.62 2876.56 2827.62 18441 18020 18441 18020 
0 0 0 0 0 0 0 0 0 0 0 0 0 0 113.655 120.497 113.655 120.72 741 768 741 769 
0 0 0 0 0 0 0 0 0 0 0 0 0 0 9.21346 12.4141 9.21346 12.4141 77 90 77 90 
0 0 0 0 0 0 0 0 0 0 0 0 0 0 1.9802 3.01897 1.9802 3.01897 12 17 12 17 
0 0 0 0 0 0 0 0 0 0 0 0 0 0 5.0528 4.91513 18.5054 16.6558 168 166 401 362 
0 0 0 0 0 0 0 0 0 0 0 0 0 0 9.7799 9.42472 19.5186 20.8998 268 237 398 406 
0 0 0 0 0 0 0 0 0 0 0 0 0 0 141.371 136.084 146.465 141.57 3773 3645 3848 3722 
0 0 0 0 0 0 0 0 0 0 0 0 0 0 1744.35 1731.43 1747.77 1734.95 47987 47703 48026 47755 
0 0 0 0 0 0 0 0 0 0 0 0 0 0 1799.01 1763.37 1800.94 1765.41 50159 49336 50183 49363 
0 0 0 0 0 0 0 0 0 0 0 0 0 0 1017.92 1008.63 1018.69 1009.89 28166 27812 28179 27827 
0 0 0 0 0 0 0 0 0 0 0 0 0 0 1164.6 1165.22 1165.07 1165.82 29788 29802 29794 29809 
0 0 0 0 0 0 0 0 0 0 0 0 0 0 1628.15 1629.32 1628.28 1629.39 37382 37203 37383 37205 
0 0 0 0 0 0 0 0 0 0 0 0 0 0 818.927 815.828 818.927 815.94 17354 17226 17354 17227 
0 0 0 0 0 0 0 0 0 0 0 0 0 0 25.5686 26.3358 25.5686 26.3358 579 594 579 594 
0 0 0 0 0 0 0 0 0 0 0 0 0 0 1.9307 2.22551 1.9307 2.22551 36 40 36 40 
0 0 0 0 0 0 0 0 0 0 0 0 0 0 0.279278 0.0404405 0.279278 0.0404405 6 1 6 1 
0 0 0 0 0 0 0 0 0 0 0 0 0 0 1.22424 1.01898 5.27878 4.83297 170 137 436 388 
0 0 0 0 0 0 0 0 0 0 0 0 0 0 1.12001 1.16475 3.13129 3.17792 150 156 286 299 
0 0 0 0 0 0 0 0 0 0 0 0 0 0 16.2558 16.4466 17.3407 17.584 2126 2166 2196 2240 
0 0 0 0 0 0 0 0 0 0 0 0 0 0 260.254 256.918 260.683 257.436 31013 30600 31039 30634 
0 0 0 0 0 0 0 0 0 0 0 0 0 0 220.274 214.904 220.402 215.093 22356 21873 22363 21884 
0 0 0 0 0 0 0 0 0 0 0 0 0 0 52.2886 49.3694 52.3674 49.3694 4372 4128 4374 4128 
0 0 0 0 0 0 0 0 0 0 0 0 0 0 3.76414 4.54103 3.76414 4.54103 263 300 263 300 
0 0 0 0 0 0 0 0 0 0 0 0 0 0 0 0.0139534 0 0.0139534 0 1 0 1 
0 0 0 0 0 0 0 0 0 0 0 0 0 0 0 0 0 0 0 0 0 0 
0 0 0 0 0 0 0 0 0 0 0 0 0 0 0 0 0 0 0 0 0 0 
0 0 0 0 0 0 0 0 0 0 0 0 0 0 0 0 0 0 0 0 0 0 
0 0 0 0 0 0 0 0 0 0 0 0 0 0 0 0 0 0 0 0 0 0 
0 0 0 0 0 0 0 0 0 0 0 0 0 0 0 0 0 0 0 0 0 0 
0 0 0 0 0 0 0 0 0 0 0 0 0 0 0 0 0 0 0 0 0 0 
0 0 0 0 0 0 0 0 0 0 0 0 0 0 0 0 0 0 0 0 0 0 
0 0 0 0 0 0 0 0 0 0 0 0 0 0 0 0 0 0 0 0 0 0 
0 0 0 0 0 0 0 0 0 0 0 0 0 0 0 0 0 0 0 0 0 0 
0 0 0 0 0 0 0 0 0 0 0 0 0 0 0 0 0 0 0 0 0 0 
0 0 0 0 0 0 0 0 0 0 0 0 0 0 0 0 0 0 0 0 0 0 
0 0 0 0 0 0 0 0 0 0 0 0 0 0 0 0 0 0 0 0 0 0 
0 0 0 0 0 0 0 0 0 0 0 0 0 0 0 0 0 0 0 0 0 0 
0 0 0 0 0 0 0 0 0 0 0 0 0 0 0 0 0 0 0 0 0 0 
0 0 0 0 0 0 0 0 0 0 0 0 0 0 0 0 0 0 0 0 0 0 
0 0 0 0 0 0 0 0 0 0 0 0 0 0 0 0 0 0 0 0 0 0 
0 0 0 0 0 0 0 0 0 0 0 0 0 0 0 0 0 0 0 0 0 0 
0 0 0 0 0 0 0 0 0 0 0 0 0 0 0 0 0 0 0 0 0 0 
0 0 0 0 0 0 0 0 0 0 0 0 0 0 0 0 0 0 0 0 0 0 
0 0 0 0 0 0 0 0 0 0 0 0 0 0 0 0 0 0 0 0 0 0 
0 0 0 0 0 0 0 0 0 0 0 0 0 0 0 0 0 0 0 0 0 0 
0 0 0 0 0 0 0 0 0 0 0 0 0 0 6.72755 4.66794 6.72755 4.66794 29 20 29 20 
0 0 0 0 0 0 0 0 0 0 0 0 0 0 280.435 252.27 280.435 252.27 1008 917 1008 917 
0 0 0 0 0 0 0 0 0 0 0 0 0 0 1039.27 1021.79 1039.27 1022.29 3312 3260 3312 3261 
0 0 0 0 0 0 0 0 0 0 0 0 0 0 1008.84 935.648 1008.84 935.648 2912 2675 2912 2675 
0 0 0 0 0 0 0 0 0 0 0 0 0 0 249.46 230.699 249.46 230.699 637 586 637 586 
0 0 0 0 0 0 0 0 0 0 0 0 0 0 30.1991 27.6552 30.1991 27.6552 66 65 66 65 
0 0 0 0 0 0 0 0 0 0 0 0 0 0 12.73 16.4127 12.73 16.4127 33 40 33 40 
0 0 0 0 0 0 0 0 0 0 0 0 0 0 0 0 0 0 0 0 0 0 
0 0 0 0 0 0 0 0 0 0 0 0 0 0 0 0 0 0 0 0 0 0 
0 0 0 0 0 0 0 0 0 0 0 0 0 0 0 0 0 0 0 0 0 0 
0 0 0 0 0 0 0 0 0 0 0 0 0 0 91.592 96.0698 91.8611 96.0698 885 922 886 922 
0 0 0 0 0 0 0 0 0 0 0 0 0 0 512.77 514.137 513.012 515.879 4142 4188 4143 4195 
0 0 0 0 0 0 0 0 0 0 0 0 0 0 784.94 754.96 786.241 755.355 5294 5039 5299 5041 
0 0 0 0 0 0 0 0 0 0 0 0 0 0 1313.38 1251.88 1314.08 1253.21 8042 7648 8045 7653 
0 0 0 0 0 0 0 0 0 0 0 0 0 0 1832.04 1748.22 1832.04 1748.85 11175 10641 11175 10643 
0 0 0 0 0 0 0 0 0 0 0 0 0 0 919.164 871.533 919.164 871.533 5659 5363 5659 5363 
0 0 0 0 0 0 0 0 0 0 0 0 0 0 78.2813 79.9427 78.2813 79.9427 489 475 489 475 
0 0 0 0 0 0 0 0 0 0 0 0 0 0 4.59228 5.34318 4.59228 5.34318 34 37 34 37 
0 0 0 0 0 0 0 0 0 0 0 0 0 0 2.00963 1.68836 2.00963 1.68836 17 13 17 13 
0 0 0 0 0 0 0 0 0 0 0 0 0 0 0.0255863 0 0.0255863 0 1 0 1 0 
0 0 0 0 0 0 0 0 0 0 0 0 0 0 1.94448 1.91113 2.6772 2.78193 52 53 63 66 
0 0 0 0 0 0 0 0 0 0 0 0 0 0 76.8299 71.6658 77.9588 74.152 1680 1580 1693 1609 
0 0 0 0 0 0 0 0 0 0 0 0 0 0 1017.93 1016.43 1019.8 1018.63 18599 18705 18613 18728 
0 0 0 0 0 0 0 0 0 0 0 0 0 0 1085.36 1063.02 1086.69 1064.41 19413 19099 19421 19113 
0 0 0 0 0 0 0 0 0 0 0 0 0 0 649.35 621.473 650.265 622.369 11601 11115 11609 11122 
0 0 0 0 0 0 0 0 0 0 0 0 0 0 792.81 795.511 793.204 796.157 14046 14046 14049 14053 
0 0 0 0 0 0 0 0 0 0 0 0 0 0 1174.81 1131.91 1174.81 1132.02 20964 20098 20964 20099 
0 0 0 0 0 0 0 0 0 0 0 0 0 0 588.261 579.16 588.261 579.16 10709 10600 10709 10600 
0 0 0 0 0 0 0 0 0 0 0 0 0 0 42.9888 40.0884 42.9888 40.0884 883 826 883 826 
0 0 0 0 0 0 0 0 0 0 0 0 0 0 4.65515 5.661 4.65515 5.661 102 139 102 139 
0 0 0 0 0 0 0 0 0 0 0 0 0 0 1.38086 1.40567 1.38086 1.40567 30 31 30 31 
0 0 0 0 0 0 0 0 0 0 0 0 0 0 0.967967 1.06978 3.62631 4.11791 93 101 230 265 
0 0 0 0 0 0 0 0 0 0 0 0 0 0 2.3801 2.74852 4.98912 5.39451 182 184 286 280 
0 0 0 0 0 0 0 0 0 0 0 0 0 0 37.1661 36.1589 38.3201 37.7279 2787 2777 2836 2839 
0 0 0 0 0 0 0 0 0 0 0 0 0 0 389.635 385.349 390.271 386.713 31996 31310 32023 31362 
0 0 0 0 0 0 0 0 0 0 0 0 0 0 414.654 408.894 414.955 409.543 34100 33583 34111 33607 
0 0 0 0 0 0 0 0 0 0 0 0 0 0 229.347 226.932 229.555 227.261 18503 18427 18513 18443 
0 0 0 0 0 0 0 0 0 0 0 0 0 0 256.296 254.755 256.602 254.868 19502 19211 19512 19217 
0 0 0 0 0 0 0 0 0 0 0 0 0 0 362.346 358.02 362.346 358.085 24365 24146 24365 24149 
0 0 0 0 0 0 0 0 0 0 0 0 0 0 192.475 188.462 192.475 188.484 11779 11494 11779 11495 
0 0 0 0 0 0 0 0 0 0 0 0 0 0 15.0611 15.0447 15.0611 15.0447 839 830 839 830 
0 0 0 0 0 0 0 0 0 0 0 0 0 0 1.26521 1.05363 1.26521 1.05363 62 50 62 50 
0 0 0 0 0 0 0 0 0 0 0 0 0 0 0.0948468 0.0743315 0.0948468 0.0743315 5 3 5 3 
0 0 0 0 0 0 0 0 0 0 0 0 0 0 0.294029 0.326013 1.18881 1.18759 105 125 267 280 
0 0 0 0 0 0 0 0 0 0 0 0 0 0 0.241686 0.258006 0.716085 0.763308 91 100 184 199 
0 0 0 0 0 0 0 0 0 0 0 0 0 0 4.41916 4.30055 4.65647 4.60664 1594 1580 1641 1635 
0 0 0 0 0 0 0 0 0 0 0 0 0 0 65.295 64.8246 65.3969 64.9451 21791 21725 21810 21749 
0 0 0 0 0 0 0 0 0 0 0 0 0 0 54.9304 54.3582 54.9884 54.4275 15655 15460 15664 15471 
0 0 0 0 0 0 0 0 0 0 0 0 0 0 12.447 12.5174 12.4649 12.5557 2922 2919 2924 2923 
0 0 0 0 0 0 0 0 0 0 0 0 0 0 1.02415 0.973663 1.02415 0.973663 202 189 202 189 
0 0 0 0 0 0 0 0 0 0 0 0 0 0 0 0 0 0 0 0 0 0 
0 0 0 0 0 0 0 0 0 0 0 0 0 0 0 0 0 0 0 0 0 0 
0 0 0 0 0 0 0 0 0 0 0 0 0 0 0 0 0 0 0 0 0 0 
0 0 0 0 0 0 0 0 0 0 0 0 0 0 0 0 0 0 0 0 0 0 
0 0 0 0 0 0 0 0 0 0 0 0 0 0 0 0 0 0 0 0 0 0 
0 0 0 0 0 0 0 0 0 0 0 0 0 0 0 0 0 0 0 0 0 0 
0 0 0 0 0 0 0 0 0 0 0 0 0 0 0 0 0 0 0 0 0 0 
0 0 0 0 0 0 0 0 0 0 0 0 0 0 0 0 0 0 0 0 0 0 
0 0 0 0 0 0 0 0 0 0 0 0 0 0 0 0 0 0 0 0 0 0 
0 0 0 0 0 0 0 0 0 0 0 0 0 0 0 0 0 0 0 0 0 0 
0 0 0 0 0 0 0 0 0 0 0 0 0 0 0 0 0 0 0 0 0 0 
0 0 0 0 0 0 0 0 0 0 0 0 0 0 0 0 0 0 0 0 0 0 
0 0 0 0 0 0 0 0 0 0 0 0 0 0 0 0 0 0 0 0 0 0 
0 0 0 0 0 0 0 0 0 0 0 0 0 0 0 0 0 0 0 0 0 0 
0 0 0 0 0 0 0 0 0 0 0 0 0 0 0 0 0 0 0 0 0 0 
0 0 0 0 0 0 0 0 0 0 0 0 0 0 0 0 0 0 0 0 0 0 
0 0 0 0 0 0 0 0 0 0 0 0 0 0 0 0 0 0 0 0 0 0 
0 0 0 0 0 0 0 0 0 0 0 0 0 0 0 0 0 0 0 0 0 0 
0 0 0 0 0 0 0 0 0 0 0 0 0 0 0 0 0 0 0 0 0 0 
0 0 0 0 0 0 0 0 0 0 0 0 0 0 0 0 0 0 0 0 0 0 
0 0 0 0 0 0 0 0 0 0 0 0 0 0 0 0 0 0 0 0 0 0 
0 0 0 0 0 0 0 0 0 0 0 0 0 0 0 0 0 0 0 0 0 0 
0 0 0 0 0 0 0 0 0 0 0 0 0 0 2.31272 1.95829 2.31272 1.95829 20 18 20 18 
0 0 0 0 0 0 0 0 0 0 0 0 0 0 67.4047 64.743 67.4047 64.743 505 485 505 485 
0 0 0 0 0 0 0 0 0 0 0 0 0 0 266.409 235.855 266.409 235.855 1751 1564 1751 1564 
0 0 0 0 0 0 0 0 0 0 0 0 0 0 239.366 215.431 239.366 215.431 1423 1297 1423 1297 
0 0 0 0 0 0 0 0 0 0 0 0 0 0 52.8276 54.3715 52.8276 54.3715 281 284 281 284 
0 0 0 0 0 0 0 0 0 0 0 0 0 0 10.7721 7.25987 10.7721 7.25987 51 37 51 37 
0 0 0 0 0 0 0 0 0 0 0 0 0 0 4.86819 5.47424 4.86819 5.47424 27 29 27 29 
0 0 0 0 0 0 0 0 0 0 0 0 0 0 0 0 0 0 0 0 0 0 
0 0 0 0 0 0 0 0 0 0 0 0 0 0 0 0 0 0 0 0 0 0 
0 0 0 0 0 0 0 0 0 0 0 0 0 0 0 0 0 0 0 0 0 0 
0 0 0 0 0 0 0 0 0 0 0 0 0 0 26.9203 29.2467 26.9993 29.2467 533 589 534 589 
0 0 0 0 0 0 0 0 0 0 0 0 0 0 152.094 152.93 152.417 153.445 2573 2559 2576 2564 
0 0 0 0 0 0 0 0 0 0 0 0 0 0 211.26 205.346 212.039 205.737 2969 2888 2974 2890 
0 0 0 0 0 0 0 0 0 0 0 0 0 0 362.631 351.969 362.903 352.714 4611 4451 4613 4455 
0 0 0 0 0 0 0 0 0 0 0 0 0 0 515.801 483.914 516.235 483.914 6580 6183 6582 6183 
0 0 0 0 0 0 0 0 0 0 0 0 0 0 256.361 240.657 256.361 240.657 3325 3130 3325 3130 
0 0 0 0 0 0 0 0 0 0 0 0 0 0 27.0563 26.9736 27.0563 26.9736 357 356 357 356 
0 0 0 0 0 0 0 0 0 0 0 0 0 0 3.19965 3.64539 3.19965 3.64539 52 51 52 51 
0 0 0 0 0 0 0 0 0 0 0 0 0 0 1.78686 1.36088 1.78686 1.36088 25 22 25 22 
0 0 0 0 0 0 0 0 0 0 0 0 0 0 0 0 0 0 0 0 0 0 
0 0 0 0 0 0 0 0 0 0 0 0 0 0 0.784413 0.694697 1.11413 0.956588 47 41 57 50 
0 0 0 0 0 0 0 0 0 0 0 0 0 0 25.4639 25.7132 25.8615 26.2253 1178 1193 1190 1205 
0 0 0 0 0 0 0 0 0 0 0 0 0 0 311.093 307.35 311.602 307.918 12007 11829 12019 11842 
0 0 0 0 0 0 0 0 0 0 0 0 0 0 339.067 334.77 339.329 334.939 12839 12741 12845 12745 
0 0 0 0 0 0 0 0 0 0 0 0 0 0 212.929 208.355 213.122 208.689 8011 7847 8014 7855 
0 0 0 0 0 0 0 0 0 0 0 0 0 0 259.201 249.649 259.366 249.761 9618 9270 9622 9272 
0 0 0 0 0 0 0 0 0 0 0 0 0 0 350.458 344.335 350.48 344.399 13100 12876 13101 12877 
0 0 0 0 0 0 0 0 0 0 0 0 0 0 196.9 185.215 196.9 185.215 7519 7097 7519 7097 
0 0 0 0 0 0 0 0 0 0 0 0 0 0 26.4423 25.597 26.4423 25.597 1098 1083 1098 1083 
0 0 0 0 0 0 0 0 0 0 0 0 0 0 5.37319 5.16312 5.37319 5.16312 217 224 217 224 
0 0 0 0 0 0 0 0 0 0 0 0 0 0 15.5947 1.70958 15.5947 1.70958 53 64 53 64 
0 0 0 0 0 0 0 0 0 0 0 0 0 0 0.395617 0.342836 1.32626 1.32816 79 73 189 184 
0 0 0 0 0 0 0 0 0 0 0 0 0 0 0.910743 0.919863 1.73645 1.816 143 138 218 214 
0 0 0 0 0 0 0 0 0 0 0 0 0 0 14.122 14.6174 14.5531 15.0672 2188 2307 2226 2345 
0 0 0 0 0 0 0 0 0 0 0 0 0 0 141.665 136.364 141.871 136.783 24242 23494 24259 23524 
0 0 0 0 0 0 0 0 0 0 0 0 0 0 155.409 153.198 155.505 153.371 26596 26195 26604 26210 
0 0 0 0 0 0 0 0 0 0 0 0 0 0 86.696 84.6998 86.7669 84.7518 14471 14082 14477 14088 
0 0 0 0 0 0 0 0 0 0 0 0 0 0 97.0188 95.5393 97.0465 95.5518 15253 15023 15255 15025 
0 0 0 0 0 0 0 0 0 0 0 0 0 0 129.42 129.315 129.42 129.36 18170 18126 18170 18128 
0 0 0 0 0 0 0 0 0 0 0 0 0 0 70.4884 70.7127 70.4884 70.7127 8902 8892 8902 8892 
0 0 0 0 0 0 0 0 0 0 0 0 0 0 8.4118 8.57872 8.4118 8.57872 914 948 914 948 
0 0 0 0 0 0 0 0 0 0 0 0 0 0 0.819539 0.660166 0.819539 0.660166 79 70 79 70 
0 0 0 0 0 0 0 0 0 0 0 0 0 0 0.0443232 0.0784135 0.0443232 0.0784135 4 7 4 7 
0 0 0 0 0 0 0 0 0 0 0 0 0 0 0.0900841 0.0938344 0.427733 0.425236 69 73 198 201 
0 0 0 0 0 0 0 0 0 0 0 0 0 0 0.118933 0.0885707 0.300334 0.243775 85 74 151 138 
0 0 0 0 0 0 0 0 0 0 0 0 0 0 1.75835 1.73128 1.85629 1.87865 1314 1292 1352 1341 
0 0 0 0 0 0 0 0 0 0 0 0 0 0 24.883 24.7651 24.9099 24.8236 17089 17010 17099 17029 
0 0 0 0 0 0 0 0 0 0 0 0 0 0 21.0011 21.0499 21.0186 21.066 12335 12290 12340 12294 
0 0 0 0 0 0 0 0 0 0 0 0 0 0 4.64289 4.76391 4.64289 4.76391 2247 2292 2247 2292 
0 0 0 0 0 0 0 0 0 0 0 0 0 0 0.382087 0.382203 0.382087 0.382203 155 155 155 155 
0 0 0 0 0 0 0 0 0 0 0 0 0 0 0 0 0 0 0 0 0 0 
0 0 0 0 0 0 0 0 0 0 0 0 0 0 0 0 0 0 0 0 0 0 
0 0 0 0 0 0 0 0 0 0 0 0 0 0 0 0 0 0 0 0 0 0 
0 0 0 0 0 0 0 0 0 0 0 0 0 0 0 0 0 0 0 0 0 0 
0 0 0 0 0 0 0 0 0 0 0 0 0 0 0 0 0 0 0 0 0 0 
0 0 0 0 0 0 0 0 0 0 0 0 0 0 0 0 0 0 0 0 0 0 
0 0 0 0 0 0 0 0 0 0 0 0 0 0 0 0 0 0 0 0 0 0 
0 0 0 0 0 0 0 0 0 0 0 0 0 0 0 0 0 0 0 0 0 0 
0 0 0 0 0 0 0 0 0 0 0 0 0 0 0 0 0 0 0 0 0 0 
0 0 0 0 0 0 0 0 0 0 0 0 0 0 0 0 0 0 0 0 0 0 
0 0 0 0 0 0 0 0 0 0 0 0 0 0 0 0 0 0 0 0 0 0 
0 0 0 0 0 0 0 0 0 0 0 0 0 0 0 0 0 0 0 0 0 0 
0 0 0 0 0 0 0 0 0 0 0 0 0 0 0 0 0 0 0 0 0 0 
0 0 0 0 0 0 0 0 0 0 0 0 0 0 0 0 0 0 0 0 0 0 
0 0 0 0 0 0 0 0 0 0 0 0 0 0 0 0 0 0 0 0 0 0 
0 0 0 0 0 0 0 0 0 0 0 0 0 0 0 0 0 0 0 0 0 0 
0 0 0 0 0 0 0 0 0 0 0 0 0 0 0 0 0 0 0 0 0 0 
0 0 0 0 0 0 0 0 0 0 0 0 0 0 0 0 0 0 0 0 0 0 
0 0 0 0 0 0 0 0 0 0 0 0 0 0 0 0 0 0 0 0 0 0 
0 0 0 0 0 0 0 0 0 0 0 0 0 0 0 0 0 0 0 0 0 0 
0 0 0 0 0 0 0 0 0 0 0 0 0 0 0 0 0 0 0 0 0 0 
0 0 0 0 0 0 0 0 0 0 0 0 0 0 0 0 0 0 0 0 0 0 
0 0 0 0 0 0 0 0 0 0 0 0 0 0 1.01573 0.883301 1.01573 0.883301 20 20 20 20 
0 0 0 0 0 0 0 0 0 0 0 0 0 0 30.8834 26.5292 30.8834 26.5292 566 501 566 501 
0 0 0 0 0 0 0 0 0 0 0 0 0 0 117.884 96.584 117.94 96.584 1821 1512 1822 1512 
0 0 0 0 0 0 0 0 0 0 0 0 0 0 105.551 92.955 105.596 92.955 1511 1362 1512 1362 
0 0 0 0 0 0 0 0 0 0 0 0 0 0 28.7304 27.7233 28.7304 27.7233 421 395 421 395 
0 0 0 0 0 0 0 0 0 0 0 0 0 0 8.17965 5.65372 8.17965 5.65372 153 114 153 114 
0 0 0 0 0 0 0 0 0 0 0 0 0 0 6.39855 6.56411 6.39855 6.56411 154 157 154 157 
0 0 0 0 0 0 0 0 0 0 0 0 0 0 0 0 0 0 0 0 0 0 
0 0 0 0 0 0 0 0 0 0 0 0 0 0 0 0 0 0 0 0 0 0 
0 0 0 0 0 0 0 0 0 0 0 0 0 0 0 0 0 0 0 0 0 0 
0 0 0 0 0 0 0 0 0 0 0 0 0 0 14.2463 12.8851 14.3007 12.8851 722 657 723 657 
0 0 0 0 0 0 0 0 0 0 0 0 0 0 82.9979 80.3408 86.4817 80.5517 3818 3645 3820 3649 
0 0 0 0 0 0 0 0 0 0 0 0 0 0 121.444 112.668 121.509 112.927 4632 4331 4634 4335 
0 0 0 0 0 0 0 0 0 0 0 0 0 0 182.881 174.599 182.963 174.66 6156 5924 6158 5927 
0 0 0 0 0 0 0 0 0 0 0 0 0 0 249.07 234.345 249.389 234.345 8173 7685 8177 7685 
0 0 0 0 0 0 0 0 0 0 0 0 0 0 146.335 136.093 146.357 136.216 5095 4771 5096 4773 
0 0 0 0 0 0 0 0 0 0 0 0 0 0 32.6902 34.7184 32.6902 34.7184 1473 1553 1473 1553 
0 0 0 0 0 0 0 0 0 0 0 0 0 0 12.6834 12.6883 12.6834 12.6883 702 718 702 718 
0 0 0 0 0 0 0 0 0 0 0 0 0 0 7.73252 7.48815 7.73252 7.48815 448 426 448 426 
0 0 0 0 0 0 0 0 0 0 0 0 0 0 0 0.00331503 0 0.00331503 0 1 0 1 
0 0 0 0 0 0 0 0 0 0 0 0 0 0 0.529456 0.453514 0.602354 0.696495 88 79 99 102 
0 0 0 0 0 0 0 0 0 0 0 0 0 0 21.7617 20.8219 22.3455 21.4737 2956 2852 2996 2904 
0 0 0 0 0 0 0 0 0 0 0 0 0 0 216.101 211.975 216.593 212.746 25032 24660 25062 24705 
0 0 0 0 0 0 0 0 0 0 0 0 0 0 261.227 252.998 261.565 253.533 30811 29959 30826 29986 
0 0 0 0 0 0 0 0 0 0 0 0 0 0 172.452 167.332 172.67 167.57 20374 19754 20384 19772 
0 0 0 0 0 0 0 0 0 0 0 0 0 0 191.15 189.465 191.459 189.689 22124 21858 22135 21869 
0 0 0 0 0 0 0 0 0 0 0 0 0 0 261.053 257.159 261.088 257.183 30016 29403 30018 29404 
0 0 0 0 0 0 0 0 0 0 0 0 0 0 162.416 156.923 162.416 156.98 19571 18790 19571 18793 
0 0 0 0 0 0 0 0 0 0 0 0 0 0 42.6599 40.504 42.6599 40.504 5607 5544 5607 5544 
0 0 0 0 0 0 0 0 0 0 0 0 0 0 11.7007 11.6621 11.7007 11.6621 1434 1510 1434 1510 
0 0 0 0 0 0 0 0 0 0 0 0 0 0 3.56447 3.41168 3.56447 3.41168 396 384 396 384 
0 0 0 0 0 0 0 0 0 0 0 0 0 0 0.302542 0.326976 1.18653 1.30454 202 200 513 542 
0 0 0 0 0 0 0 0 0 0 0 0 0 0 0.74393 0.821041 1.58388 1.52144 354 413 576 620 
0 0 0 0 0 0 0 0 0 0 0 0 0 0 14.4386 14.5229 14.8496 15.0246 7670 7905 7780 8022 
0 0 0 0 0 0 0 0 0 0 0 0 0 0 128.565 126.489 128.702 126.719 70606 69182 70650 69257 
0 0 0 0 0 0 0 0 0 0 0 0 0 0 149.695 148.304 149.808 148.444 82453 81287 82484 81323 
0 0 0 0 0 0 0 0 0 0 0 0 0 0 84.0539 83.353 84.1284 83.4715 45622 45862 45644 45889 
0 0 0 0 0 0 0 0 0 0 0 0 0 0 93.7921 92.0927 93.8755 92.1498 47765 47382 47778 47396 
0 0 0 0 0 0 0 0 0 0 0 0 0 0 119.158 115.823 119.175 115.849 53530 51535 53532 51538 
0 0 0 0 0 0 0 0 0 0 0 0 0 0 66.6921 64.5359 66.6921 64.5487 26381 25411 26381 25413 
0 0 0 0 0 0 0 0 0 0 0 0 0 0 10.6358 10.8199 10.6358 10.8199 3861 4069 3861 4069 
0 0 0 0 0 0 0 0 0 0 0 0 0 0 0.870099 1.04502 0.870099 1.04502 288 372 288 372 
0 0 0 0 0 0 0 0 0 0 0 0 0 0 0.072031 0.0729196 0.072031 0.0729196 18 29 18 29 
0 0 0 0 0 0 0 0 0 0 0 0 0 0 0.0930901 0.0969428 0.396513 0.41746 199 226 555 608 
0 0 0 0 0 0 0 0 0 0 0 0 0 0 0.0886662 0.0895412 0.245694 0.234363 216 238 415 417 
0 0 0 0 0 0 0 0 0 0 0 0 0 0 1.74076 1.89459 1.83054 1.98061 4488 4937 4593 5049 
0 0 0 0 0 0 0 0 0 0 0 0 0 0 24.7083 24.1685 24.7637 24.2098 55223 54515 55277 54565 
0 0 0 0 0 0 0 0 0 0 0 0 0 0 20.8336 20.4721 20.863 20.4897 39257 38525 39281 38541 
0 0 0 0 0 0 0 0 0 0 0 0 0 0 4.6219 4.78378 4.62411 4.78754 7168 7425 7171 7427 
0 0 0 0 0 0 0 0 0 0 0 0 0 0 0.337227 0.326111 0.337227 0.326111 428 394 428 394 
0 0 0 0 0 0 0 0 0 0 0 0 0 0 0 0 0 0 0 0 0 0 
0 0 0 0 0 0 0 0 0 0 0 0 0 0 0 0 0 0 0 0 0 0 
0 0 0 0 0 0 0 0 0 0 0 0 0 0 0 0 0 0 0 0 0 0 
0 0 0 0 0 0 0 0 0 0 0 0 0 0 0 0 0 0 0 0 0 0 
0 0 0 0 0 0 0 0 0 0 0 0 0 0 0 0 0 0 0 0 0 0 
0 0 0 0 0 0 0 0 0 0 0 0 0 0 0 0 0 0 0 0 0 0 
0 0 0 0 0 0 0 0 0 0 0 0 0 0 0 0 0 0 0 0 0 0 
0 0 0 0 0 0 0 0 0 0 0 0 0 0 0 0 0 0 0 0 0 0 
0 0 0 0 0 0 0 0 0 0 0 0 0 0 0 0 0 0 0 0 0 0 
0 0 0 0 0 0 0 0 0 0 0 0 0 0 0 0 0 0 0 0 0 0 
0 0 0 0 0 0 0 0 0 0 0 0 0 0 0 0 0 0 0 0 0 0 
0 0 0 0 0 0 0 0 0 0 0 0 0 0 0 0 0 0 0 0 0 0 
0 0 0 0 0 0 0 0 0 0 0 0 0 0 0 0 0 0 0 0 0 0 
0 0 0 0 0 0 0 0 0 0 0 0 0 0 0 0 0 0 0 0 0 0 
0 0 0 0 0 0 0 0 0 0 0 0 0 0 0 0 0 0 0 0 0 0 
0 0 0 0 0 0 0 0 0 0 0 0 0 0 0 0 0 0 0 0 0 0 
0 0 0 0 0 0 0 0 0 0 0 0 0 0 0 0 0 0 0 0 0 0 
