0 0 2.1807e+07 7.43736e+08 0 0
0 0 0 0 0 0 0 0 0 0 0 0 0 0 0 0 0 0 0 0 0 0 
0 0 0 0 0 0 0 0 0 0 0 0 0 0 0 0 0 0 0 0 0 0 
0 0 0 0 0 0 0 0 0 0 0 0 0 0 0 0 0 0 0 0 0 0 
0 0 0 0 0 0 0 0 0 0 0 0 0 0 0 0 0 0 0 0 0 0 
0 0 0 0 0 0 0 0 0 0 0 0 0 0 0 0 0 0 0 0 0 0 
0 0 0 0 0 0 0 0 0 0 0 0 0 0 0 0 0 0 0 0 0 0 
0 0 0 0 0 0 0 0 0 0 0 0 0 0 0 0 0 0 0 0 0 0 
0 0 0 0 0 0 0 0 0 0 0 0 0 0 0 0 0 0 0 0 0 0 
0 0 0 0 0 0 0 0 0 0 0 0 0 0 0 0 0 0 0 0 0 0 
0 0 0 0 0 0 0 0 0 0 0 0 0 0 0 0 0 0 0 0 0 0 
0 0 0 0 0 0 0 0 0 0 0 0 0 0 0 0 0 0 0 0 0 0 
0 0 0 0 0 0 0 0 0 0 0 0 0 0 0 0 0 0 0 0 0 0 
0 0 0 0 0 0 0 0 0 0 0 0 0 0 0 0 0 0 0 0 0 0 
0 0 0 0 0 0 0 0 0 0 0 0 0 0 0 0 0 0 0 0 0 0 
0 0 0 0 0 0 0 0 0 0 0 0 0 0 0 0 0 0 0 0 0 0 
0 0 0 0 0 0 0 0 0 0 0 0 0 0 0 0 0 0 0 0 0 0 
0 0 0 0 0 0 0 0 0 0 0 0 0 0 0 0 0 0 0 0 0 0 
0 0 0 0 0 0 0 0 0 0 0 0 0 0 0 0 0 0 0 0 0 0 
0 0 0 0 0 0 0 0 0 0 0 0 0 0 0 0 0 0 0 0 0 0 
0 0 0 0 0 0 0 0 0 0 0 0 0 0 0 0 0 0 0 0 0 0 
0 0 0 0 0 0 0 0 0 0 0 0 0 0 0 0 0 0 0 0 0 0 
0 0 0 0 0 0 0 0 0 0 0 0 0 0 0 0 0 0 0 0 0 0 
0 0 0 0 0 0 0 0 0 0 0 0 0 0 0 0 0 0 0 0 0 0 
0 0 0 0 0 0 0 0 0 0 0 0 0 0 0 0 0 0 0 0 0 0 
0 0 0 0 0 0 0 0 0 0 0 0 0 0 0 0 0 0 0 0 0 0 
0 0 0 0 0 0 0 0 0 0 0 0 0 0 0 0 0 0 0 0 0 0 
0 0 0 0 0 0 0 0 0 0 0 0 0 0 0 0 0 0 0 0 0 0 
0 0 0 0 0 0 0 0 0 0 0 0 0 0 0 0 0 0 0 0 0 0 
0 0 0 0 0 0 0 0 0 0 0 0 0 0 0 0 0 0 0 0 0 0 
0 0 0 0 0 0 0 0 0 0 0 0 0 0 0 0 0 0 0 0 0 0 
0 0 0 0 0 0 0 0 0 0 0 0 0 0 0 0 0 0 0 0 0 0 
0 0 0 0 0 0 0 0 0 0 0 0 0 0 0 0 0 0 0 0 0 0 
0 0 0 0 0 0 0 0 0 0 0 0 0 0 0 0 0 0 0 0 0 0 
0 0 0 0 0 0 0 0 0 0 0 0 0 0 0 0 0 0 0 0 0 0 
0 0 0 0 0 0 0 0 0 0 0 0 0 0 0 0 0 0 0 0 0 0 
0 0 0 0 0 0 0 0 0 0 0 0 0 0 0 0 0 0 0 0 0 0 
0 0 0 0 0 0 126643 121915 127916 122509 4316 4134 4359 4154 0 0 0 0 0 0 0 0 
0 0 0 0 0 0 115809 114459 116633 115086 3894 3864 3921 3885 0 0 0 0 0 0 0 0 
0 0 0 0 0 0 105166 105879 105822 106512 3545 3589 3565 3610 0 0 0 0 0 0 0 0 
0 0 0 0 0 0 96579.1 99885.8 96783.7 100198 3245 3367 3251 3377 0 0 0 0 0 0 0 0 
0 0 0 0 0 0 93244.2 94280.7 93507.9 94457.7 3135 3169 3143 3174 0 0 0 0 0 0 0 0 
0 0 0 0 0 0 89759.8 88420.7 89917.7 88556.7 2989 2961 2994 2965 0 0 0 0 0 0 0 0 
0 0 0 0 0 0 72963.5 74537.4 72963.5 74597.1 2312 2372 2312 2374 0 0 0 0 0 0 0 0 
0 0 0 0 0 0 45882.6 46782.2 45912.2 46782.2 1304 1320 1305 1320 0 0 0 0 0 0 0 0 
0 0 0 0 0 0 23908.8 25405.1 23908.8 25405.1 603 640 603 640 0 0 0 0 0 0 0 0 
0 0 0 0 0 0 8341.59 9251.55 8341.59 9251.55 192 211 192 211 0 0 0 0 0 0 0 0 
0 0 0 0 0 0 1204.93 2141.27 1204.93 2141.27 25 45 25 45 0 0 0 0 0 0 0 0 
0 0 0 0 0 0 0 0 0 0 0 0 0 0 0 0 0 0 0 0 0 0 
0 0 0 0 0 0 185932 179688 187376 181346 12298 11840 12389 11936 0 0 0 0 0 0 0 0 
0 0 0 0 0 0 166684 159854 167522 160687 11056 10487 11111 10538 0 0 0 0 0 0 0 0 
0 0 0 0 0 0 152821 150446 153470 151057 10062 9825 10108 9866 0 0 0 0 0 0 0 0 
0 0 0 0 0 0 122465 121394 122897 121821 7678 7562 7704 7588 0 0 0 0 0 0 0 0 
0 0 0 0 0 0 68188.7 69093.7 68364.9 69186.8 3712 3727 3721 3733 0 0 0 0 0 0 0 0 
0 0 0 0 0 0 23216.8 23959.9 23232.6 23979.6 1119 1140 1120 1141 0 0 0 0 0 0 0 0 
0 0 0 0 0 0 1544.78 1512.81 1544.78 1512.81 67 64 67 64 0 0 0 0 0 0 0 0 
0 0 0 0 0 0 0 0 0 0 0 0 0 0 0 0 0 0 0 0 0 0 
0 0 0 0 0 0 0 0 0 0 0 0 0 0 0 0 0 0 0 0 0 0 
0 0 0 0 0 0 0 0 0 0 0 0 0 0 0 0 0 0 0 0 0 0 
0 0 0 0 0 0 0 0 0 0 0 0 0 0 0 0 0 0 0 0 0 0 
0 0 0 0 0 0 0 0 0 0 0 0 0 0 0 0 0 0 0 0 0 0 
0 0 0 0 0 0 0 0 0 0 0 0 0 0 0 0 0 0 0 0 0 0 
0 0 0 0 0 0 0 0 0 0 0 0 0 0 0 0 0 0 0 0 0 0 
0 0 0 0 0 0 0 0 0 0 0 0 0 0 0 0 0 0 0 0 0 0 
0 0 0 0 0 0 0 0 0 0 0 0 0 0 0 0 0 0 0 0 0 0 
0 0 0 0 0 0 0 0 0 0 0 0 0 0 0 0 0 0 0 0 0 0 
0 0 0 0 0 0 0 0 0 0 0 0 0 0 0 0 0 0 0 0 0 0 
0 0 0 0 0 0 0 0 0 0 0 0 0 0 0 0 0 0 0 0 0 0 
0 0 0 0 0 0 0 0 0 0 0 0 0 0 0 0 0 0 0 0 0 0 
0 0 0 0 0 0 0 0 0 0 0 0 0 0 0 0 0 0 0 0 0 0 
0 0 0 0 0 0 0 0 0 0 0 0 0 0 0 0 0 0 0 0 0 0 
0 0 0 0 0 0 0 0 0 0 0 0 0 0 0 0 0 0 0 0 0 0 
0 0 0 0 0 0 0 0 0 0 0 0 0 0 0 0 0 0 0 0 0 0 
0 0 0 0 0 0 0 0 0 0 0 0 0 0 0 0 0 0 0 0 0 0 
0 0 0 0 0 0 0 0 0 0 0 0 0 0 0 0 0 0 0 0 0 0 
0 0 0 0 0 0 0 0 0 0 0 0 0 0 0 0 0 0 0 0 0 0 
0 0 0 0 0 0 0 0 0 0 0 0 0 0 0 0 0 0 0 0 0 0 
0 0 0 0 0 0 0 0 0 0 0 0 0 0 0 0 0 0 0 0 0 0 
0 0 0 0 0 0 0 0 0 0 0 0 0 0 0 0 0 0 0 0 0 0 
0 0 0 0 0 0 0 0 0 0 0 0 0 0 0 0 0 0 0 0 0 0 
0 0 0 0 0 0 0 0 0 0 0 0 0 0 0 0 0 0 0 0 0 0 
0 0 0 0 0 0 0 0 0 0 0 0 0 0 0 0 0 0 0 0 0 0 
0 0 0 0 0 0 0 0 0 0 0 0 0 0 0 0 0 0 0 0 0 0 
0 0 0 0 0 0 0 0 0 0 0 0 0 0 0 0 0 0 0 0 0 0 
0 0 0 0 0 0 0 0 0 0 0 0 0 0 0 0 0 0 0 0 0 0 
0 0 0 0 0 0 0 0 0 0 0 0 0 0 0 0 0 0 0 0 0 0 
0 0 0 0 0 0 0 0 0 0 0 0 0 0 0 0 0 0 0 0 0 0 
0 0 0 0 0 0 0 0 0 0 0 0 0 0 0 0 0 0 0 0 0 0 
0 0 0 0 0 0 5124.34 5628.26 5124.34 5628.26 70 78 70 78 0 0 0 0 0 0 0 0 
0 0 0 0 0 0 25231.5 24743.7 25231.5 24743.7 321 319 321 319 0 0 0 0 0 0 0 0 
0 0 0 0 0 0 28711.3 30062.8 28793.5 30209.8 358 374 359 376 0 0 0 0 0 0 0 0 
0 0 0 0 0 0 28891.1 29894.2 28891.1 29894.2 363 371 363 371 0 0 0 0 0 0 0 0 
0 0 0 0 0 0 29893.9 30846.2 29893.9 30846.2 371 382 371 382 0 0 0 0 0 0 0 0 
0 0 0 0 0 0 34384.7 31178.5 34384.7 31178.5 431 385 431 385 0 0 0 0 0 0 0 0 
0 0 0 0 0 0 32340.2 31142 32340.2 31142 403 392 403 392 0 0 0 0 0 0 0 0 
0 0 0 0 0 0 33520.2 32406.9 33520.2 32406.9 416 406 416 406 0 0 0 0 0 0 0 0 
0 0 0 0 0 0 75260.6 78780.3 75260.6 78780.3 946 984 946 984 0 0 0 0 0 0 0 0 
0 0 0 0 0 0 785.301 932.865 807.086 932.865 22 28 23 28 0 0 0 0 0 0 0 0 
0 0 0 0 0 0 71257.4 64697.6 71714.4 64922 1882 1734 1893 1739 0 0 0 0 0 0 0 0 
0 0 0 0 0 0 164575 166047 165605 166885 3913 3906 3937 3927 0 0 0 0 0 0 0 0 
0 0 0 0 0 0 217258 212625 218136 213740 4676 4571 4693 4595 0 0 0 0 0 0 0 0 
0 0 0 0 0 0 217172 212966 217756 213517 4614 4511 4626 4524 0 0 0 0 0 0 0 0 
0 0 0 0 0 0 209803 206968 210326 207299 4471 4416 4482 4423 0 0 0 0 0 0 0 0 
0 0 0 0 0 0 202432 208071 202432 208288 4282 4392 4282 4397 0 0 0 0 0 0 0 0 
0 0 0 0 0 0 209742 215198 209856 215322 4430 4570 4433 4573 0 0 0 0 0 0 0 0 
0 0 0 0 0 0 207956 217249 207988 217249 4455 4647 4456 4647 0 0 0 0 0 0 0 0 
0 0 0 0 0 0 228706 230710 228706 230739 4924 4920 4924 4921 0 0 0 0 0 0 0 0 
0 0 0 0 0 0 247421 253159 247421 253159 5295 5462 5295 5462 0 0 0 0 0 0 0 0 
0 0 0 0 0 0 555230 544744 555230 544744 11929 11752 11929 11752 0 0 0 0 0 0 0 0 
0 0 0 0 0 0 237262 238510 238916 240029 15462 15348 15563 15438 0 0 0 0 0 0 0 0 
0 0 0 0 0 0 308755 298177 310815 299795 16769 16315 16880 16404 0 0 0 0 0 0 0 0 
0 0 0 0 0 0 274171 278455 275261 279685 14583 14953 14647 15018 0 0 0 0 0 0 0 0 
0 0 0 0 0 0 247611 245041 248286 246040 13297 13080 13338 13131 0 0 0 0 0 0 0 0 
0 0 0 0 0 0 233807 233754 234427 234351 12378 12409 12415 12449 0 0 0 0 0 0 0 0 
0 0 0 0 0 0 223808 225426 224214 225817 11951 11873 11972 11893 0 0 0 0 0 0 0 0 
0 0 0 0 0 0 215685 216765 215946 216982 10812 10876 10823 10887 0 0 0 0 0 0 0 0 
0 0 0 0 0 0 192716 195851 192792 195904 8772 8888 8775 8890 0 0 0 0 0 0 0 0 
0 0 0 0 0 0 170950 176245 171000 176260 6977 7203 6978 7204 0 0 0 0 0 0 0 0 
0 0 0 0 0 0 145904 148036 145904 148036 5431 5499 5431 5499 0 0 0 0 0 0 0 0 
0 0 0 0 0 0 108630 115401 108630 115401 3698 3966 3698 3966 0 0 0 0 0 0 0 0 
0 0 0 0 0 0 87740.3 91036.6 87740.3 91036.6 2784 2924 2784 2924 0 0 0 0 0 0 0 0 
0 0 0 0 0 0 77468.3 72924.4 78104.1 73351.5 15867 15051 15995 15139 0 0 0 0 0 0 0 0 
0 0 0 0 0 0 65906.9 64135.1 66319.7 64347.6 13600 13113 13681 13159 0 0 0 0 0 0 0 0 
0 0 0 0 0 0 58329.2 56142.2 58612.8 56416.9 11897 11546 11958 11603 0 0 0 0 0 0 0 0 
0 0 0 0 0 0 48405.9 47415.1 48559.2 47561.4 9267 9080 9300 9113 0 0 0 0 0 0 0 0 
0 0 0 0 0 0 31824.4 31300.5 31884.7 31379 5079 4949 5091 4963 0 0 0 0 0 0 0 0 
0 0 0 0 0 0 12678.1 13204.8 12686.2 13204.8 1699 1785 1701 1785 0 0 0 0 0 0 0 0 
0 0 0 0 0 0 1012.2 1047.75 1012.2 1047.75 118 118 118 118 0 0 0 0 0 0 0 0 
0 0 0 0 0 0 0 0 0 0 0 0 0 0 0 0 0 0 0 0 0 0 
0 0 0 0 0 0 0 0 0 0 0 0 0 0 0 0 0 0 0 0 0 0 
0 0 0 0 0 0 0 0 0 0 0 0 0 0 0 0 0 0 0 0 0 0 
0 0 0 0 0 0 0 0 0 0 0 0 0 0 0 0 0 0 0 0 0 0 
0 0 0 0 0 0 0 0 0 0 0 0 0 0 0 0 0 0 0 0 0 0 
0 0 0 0 0 0 0 0 0 0 0 0 0 0 0 0 0 0 0 0 0 0 
0 0 0 0 0 0 0 0 0 0 0 0 0 0 0 0 0 0 0 0 0 0 
0 0 0 0 0 0 0 0 0 0 0 0 0 0 0 0 0 0 0 0 0 0 
0 0 0 0 0 0 0 0 0 0 0 0 0 0 0 0 0 0 0 0 0 0 
0 0 0 0 0 0 0 0 0 0 0 0 0 0 0 0 0 0 0 0 0 0 
0 0 0 0 0 0 0 0 0 0 0 0 0 0 0 0 0 0 0 0 0 0 
0 0 0 0 0 0 0 0 0 0 0 0 0 0 0 0 0 0 0 0 0 0 
0 0 0 0 0 0 0 0 0 0 0 0 0 0 0 0 0 0 0 0 0 0 
0 0 0 0 0 0 0 0 0 0 0 0 0 0 0 0 0 0 0 0 0 0 
0 0 0 0 0 0 0 0 0 0 0 0 0 0 0 0 0 0 0 0 0 0 
0 0 0 0 0 0 0 0 0 0 0 0 0 0 0 0 0 0 0 0 0 0 
0 0 0 0 0 0 0 0 0 0 0 0 0 0 0 0 0 0 0 0 0 0 
0 0 0 0 0 0 0 0 0 0 0 0 0 0 0 0 0 0 0 0 0 0 
0 0 0 0 0 0 0 0 0 0 0 0 0 0 0 0 0 0 0 0 0 0 
0 0 0 0 0 0 0 0 0 0 0 0 0 0 0 0 0 0 0 0 0 0 
0 0 0 0 0 0 0 0 0 0 0 0 0 0 0 0 0 0 0 0 0 0 
0 0 0 0 0 0 0 0 0 0 0 0 0 0 0 0 0 0 0 0 0 0 
0 0 0 0 0 0 1234.15 862.902 1234.15 862.902 15 11 15 11 0 0 0 0 0 0 0 0 
0 0 0 0 0 0 21345.6 20416.3 21345.6 20416.3 243 241 243 241 0 0 0 0 0 0 0 0 
0 0 0 0 0 0 55114.4 54635.7 55114.4 54726.5 591 583 591 584 0 0 0 0 0 0 0 0 
0 0 0 0 0 0 79033.6 80241.8 79151.2 80241.8 807 815 808 815 0 0 0 0 0 0 0 0 
0 0 0 0 0 0 97508.2 86586.5 97508.2 86586.5 975 875 975 875 0 0 0 0 0 0 0 0 
0 0 0 0 0 0 95411.7 99723.5 95411.7 99723.5 949 1000 949 1000 0 0 0 0 0 0 0 0 
0 0 0 0 0 0 221568 224495 221684 224495 2222 2259 2223 2259 0 0 0 0 0 0 0 0 
0 0 0 0 0 0 0 0 0 0 0 0 0 0 0 0 0 0 0 0 0 0 
0 0 0 0 0 0 0 0 0 0 0 0 0 0 0 0 0 0 0 0 0 0 
0 0 0 0 0 0 0 0 0 0 0 0 0 0 0 0 0 0 0 0 0 0 
0 0 0 0 0 0 7406.63 8347.84 7406.63 8347.84 172 199 172 199 0 0 0 0 0 0 0 0 
0 0 0 0 0 0 54466.7 53431 54505.3 53466.2 1085 1054 1086 1055 0 0 0 0 0 0 0 0 
0 0 0 0 0 0 116898 115954 117014 116014 2006 1999 2008 2000 0 0 0 0 0 0 0 0 
0 0 0 0 0 0 152397 151724 152667 151873 2489 2461 2494 2464 0 0 0 0 0 0 0 0 
0 0 0 0 0 0 156140 151696 156140 151770 2554 2469 2554 2471 0 0 0 0 0 0 0 0 
0 0 0 0 0 0 167958 163939 167958 163939 2740 2691 2740 2691 0 0 0 0 0 0 0 0 
0 0 0 0 0 0 178506 176397 178506 176431 2927 2904 2927 2905 0 0 0 0 0 0 0 0 
0 0 0 0 0 0 188296 195682 188349 195682 3113 3187 3114 3187 0 0 0 0 0 0 0 0 
0 0 0 0 0 0 422668 433759 422668 433759 7003 7194 7003 7194 0 0 0 0 0 0 0 0 
0 0 0 0 0 0 178.274 134.394 178.274 134.394 16 11 16 11 0 0 0 0 0 0 0 0 
0 0 0 0 0 0 21219.2 20598.9 21315.1 20745.5 1444 1404 1452 1414 0 0 0 0 0 0 0 0 
0 0 0 0 0 0 65425 63792.6 65713.3 64075.3 3499 3376 3515 3391 0 0 0 0 0 0 0 0 
0 0 0 0 0 0 105768 104466 106157 104976 4586 4547 4601 4568 0 0 0 0 0 0 0 0 
0 0 0 0 0 0 109293 107090 109474 107403 4476 4431 4486 4442 0 0 0 0 0 0 0 0 
0 0 0 0 0 0 101614 103433 101710 103643 4176 4301 4181 4310 0 0 0 0 0 0 0 0 
0 0 0 0 0 0 104093 105572 104151 105605 4299 4334 4301 4336 0 0 0 0 0 0 0 0 
0 0 0 0 0 0 111912 111382 111991 111445 4588 4583 4592 4585 0 0 0 0 0 0 0 0 
0 0 0 0 0 0 119417 118317 119417 118317 4923 4912 4923 4912 0 0 0 0 0 0 0 0 
0 0 0 0 0 0 129665 134542 129665 134576 5430 5545 5430 5546 0 0 0 0 0 0 0 0 
0 0 0 0 0 0 144118 149829 144118 149848 6059 6246 6059 6247 0 0 0 0 0 0 0 0 
0 0 0 0 0 0 337181 339170 337181 339170 14150 14312 14150 14312 0 0 0 0 0 0 0 0 
0 0 0 0 0 0 47019.2 47432.7 47339.6 47668.3 9285 9409 9354 9458 0 0 0 0 0 0 0 0 
0 0 0 0 0 0 60750.9 60545.4 61095.2 60830.2 9930 9840 9991 9886 0 0 0 0 0 0 0 0 
0 0 0 0 0 0 51805.5 52647.3 51988 52849.1 8351 8467 8384 8498 0 0 0 0 0 0 0 0 
0 0 0 0 0 0 45619.9 46794.5 45880.4 46982 7343 7541 7379 7573 0 0 0 0 0 0 0 0 
0 0 0 0 0 0 41772.1 42207.6 41859.6 42283.5 6800 6791 6817 6807 0 0 0 0 0 0 0 0 
0 0 0 0 0 0 41034.1 40931.2 41122.6 40985.8 6541 6514 6559 6525 0 0 0 0 0 0 0 0 
0 0 0 0 0 0 38541.2 38905.4 38596.4 38953.2 5843 5860 5853 5868 0 0 0 0 0 0 0 0 
0 0 0 0 0 0 37319.2 37338.5 37325.4 37343.7 5039 5063 5040 5064 0 0 0 0 0 0 0 0 
0 0 0 0 0 0 34872.8 33875.7 34880.3 33875.7 4240 4133 4241 4133 0 0 0 0 0 0 0 0 
0 0 0 0 0 0 31609.7 32086.5 31622.2 32086.5 3472 3452 3473 3452 0 0 0 0 0 0 0 0 
0 0 0 0 0 0 26015.9 25513.6 26015.9 25513.6 2548 2513 2548 2513 0 0 0 0 0 0 0 0 
0 0 0 0 0 0 24752.6 25743.2 24763.4 25743.2 2167 2216 2168 2216 0 0 0 0 0 0 0 0 
0 0 0 0 0 0 13703.4 13656.3 13822.8 13721.3 8583 8483 8650 8524 0 0 0 0 0 0 0 0 
0 0 0 0 0 0 11416.2 11296.2 11475.3 11344.6 7171 7077 7205 7108 0 0 0 0 0 0 0 0 
0 0 0 0 0 0 9936.46 9684.01 9988.49 9728.77 6221 6036 6255 6063 0 0 0 0 0 0 0 0 
0 0 0 0 0 0 8012.14 7932.92 8049.94 7948.08 4773 4715 4796 4725 0 0 0 0 0 0 0 0 
0 0 0 0 0 0 5355.62 5112.31 5360.64 5123.88 2666 2548 2669 2554 0 0 0 0 0 0 0 0 
0 0 0 0 0 0 2060.12 2073.47 2072.11 2083.21 872 870 877 874 0 0 0 0 0 0 0 0 
0 0 0 0 0 0 188.582 153.681 188.582 153.681 66 51 66 51 0 0 0 0 0 0 0 0 
0 0 0 0 0 0 0 0 0 0 0 0 0 0 0 0 0 0 0 0 0 0 
0 0 0 0 0 0 0 0 0 0 0 0 0 0 0 0 0 0 0 0 0 0 
0 0 0 0 0 0 0 0 0 0 0 0 0 0 0 0 0 0 0 0 0 0 
0 0 0 0 0 0 0 0 0 0 0 0 0 0 0 0 0 0 0 0 0 0 
0 0 0 0 0 0 0 0 0 0 0 0 0 0 0 0 0 0 0 0 0 0 
0 0 0 0 0 0 0 0 0 0 0 0 0 0 0 0 0 0 0 0 0 0 
0 0 0 0 0 0 0 0 0 0 0 0 0 0 0 0 0 0 0 0 0 0 
0 0 0 0 0 0 0 0 0 0 0 0 0 0 0 0 0 0 0 0 0 0 
0 0 0 0 0 0 0 0 0 0 0 0 0 0 0 0 0 0 0 0 0 0 
0 0 0 0 0 0 0 0 0 0 0 0 0 0 0 0 0 0 0 0 0 0 
0 0 0 0 0 0 0 0 0 0 0 0 0 0 0 0 0 0 0 0 0 0 
0 0 0 0 0 0 0 0 0 0 0 0 0 0 0 0 0 0 0 0 0 0 
0 0 0 0 0 0 0 0 0 0 0 0 0 0 0 0 0 0 0 0 0 0 
0 0 0 0 0 0 0 0 0 0 0 0 0 0 0 0 0 0 0 0 0 0 
0 0 0 0 0 0 0 0 0 0 0 0 0 0 0 0 0 0 0 0 0 0 
0 0 0 0 0 0 0 0 0 0 0 0 0 0 0 0 0 0 0 0 0 0 
0 0 0 0 0 0 0 0 0 0 0 0 0 0 0 0 0 0 0 0 0 0 
0 0 0 0 0 0 0 0 0 0 0 0 0 0 0 0 0 0 0 0 0 0 
0 0 0 0 0 0 0 0 0 0 0 0 0 0 0 0 0 0 0 0 0 0 
0 0 0 0 0 0 0 0 0 0 0 0 0 0 0 0 0 0 0 0 0 0 
0 0 0 0 0 0 0 0 0 0 0 0 0 0 0 0 0 0 0 0 0 0 
0 0 0 0 0 0 0 0 0 0 0 0 0 0 0 0 0 0 0 0 0 0 
0 0 0 0 0 0 487.814 441.086 487.814 441.086 12 11 12 11 0 0 0 0 0 0 0 0 
0 0 0 0 0 0 11349.4 12659.9 11349.4 12710.7 227 255 227 256 0 0 0 0 0 0 0 0 
0 0 0 0 0 0 40869.4 41391.6 40921.7 41391.6 710 723 711 723 0 0 0 0 0 0 0 0 
0 0 0 0 0 0 81240.4 73809.6 81240.4 73809.6 1246 1141 1246 1141 0 0 0 0 0 0 0 0 
0 0 0 0 0 0 127486 124581 127486 124636 1783 1748 1783 1749 0 0 0 0 0 0 0 0 
0 0 0 0 0 0 182205 183333 182327 183333 2329 2376 2330 2376 0 0 0 0 0 0 0 0 
0 0 0 0 0 0 438704 451989 438704 451989 5539 5636 5539 5636 0 0 0 0 0 0 0 0 
0 0 0 0 0 0 0 0 0 0 0 0 0 0 0 0 0 0 0 0 0 0 
0 0 0 0 0 0 0 0 0 0 0 0 0 0 0 0 0 0 0 0 0 0 
0 0 0 0 0 0 0 0 0 0 0 0 0 0 0 0 0 0 0 0 0 0 
0 0 0 0 0 0 1941.84 2361.12 1941.84 2361.12 93 115 93 115 0 0 0 0 0 0 0 0 
0 0 0 0 0 0 18866.4 17468.3 18866.4 17510.2 768 709 768 711 0 0 0 0 0 0 0 0 
0 0 0 0 0 0 39763.4 39975.3 39792.2 40096.2 1378 1372 1379 1375 0 0 0 0 0 0 0 0 
0 0 0 0 0 0 53677.1 57139.7 53766.7 57189.1 1676 1807 1679 1808 0 0 0 0 0 0 0 0 
0 0 0 0 0 0 59828.7 56214.6 59924.1 56214.6 1857 1744 1860 1744 0 0 0 0 0 0 0 0 
0 0 0 0 0 0 64693.1 63921.5 64715.4 63921.5 2013 1980 2014 1980 0 0 0 0 0 0 0 0 
0 0 0 0 0 0 71189.8 71026.5 71189.8 71026.5 2202 2213 2202 2213 0 0 0 0 0 0 0 0 
0 0 0 0 0 0 78460.2 80520.3 78460.2 80520.3 2460 2516 2460 2516 0 0 0 0 0 0 0 0 
0 0 0 0 0 0 193118 188194 193118 188194 6104 5936 6104 5936 0 0 0 0 0 0 0 0 
0 0 0 0 0 0 96.2739 100.284 103.207 100.284 16 18 17 18 0 0 0 0 0 0 0 0 
0 0 0 0 0 0 7090.78 6997.16 7117.04 7026.86 967 966 971 969 0 0 0 0 0 0 0 0 
0 0 0 0 0 0 21566.4 21955 21658.9 22063.5 2321 2353 2330 2363 0 0 0 0 0 0 0 0 
0 0 0 0 0 0 35755.1 34404.8 35900.4 34505.7 3145 3056 3160 3066 0 0 0 0 0 0 0 0 
0 0 0 0 0 0 34872.8 36106.2 35032.2 36165 2933 3030 2945 3035 0 0 0 0 0 0 0 0 
0 0 0 0 0 0 34297.7 34974.3 34342.4 35023.7 2833 2908 2836 2911 0 0 0 0 0 0 0 0 
0 0 0 0 0 0 34772.5 34113 34799.1 34120 2870 2830 2872 2831 0 0 0 0 0 0 0 0 
0 0 0 0 0 0 37010.5 35912.2 37010.5 35924.3 3143 3018 3143 3019 0 0 0 0 0 0 0 0 
0 0 0 0 0 0 40438.6 41444 40456.9 41444 3387 3469 3389 3469 0 0 0 0 0 0 0 0 
0 0 0 0 0 0 45546.7 46320.9 45546.7 46320.9 3853 3894 3853 3894 0 0 0 0 0 0 0 0 
0 0 0 0 0 0 52551.2 51260.3 52551.2 51260.3 4467 4373 4467 4373 0 0 0 0 0 0 0 0 
0 0 0 0 0 0 129109 131077 129109 131077 10981 11122 10981 11122 0 0 0 0 0 0 0 0 
0 0 0 0 0 0 16570.6 17055.5 16707.6 17127.2 6622 6757 6675 6791 0 0 0 0 0 0 0 0 
0 0 0 0 0 0 21310.8 21834.7 21411.3 21927.6 6909 7095 6944 7127 0 0 0 0 0 0 0 0 
0 0 0 0 0 0 18169.1 18465.2 18261.9 18529.1 5880 5990 5909 6009 0 0 0 0 0 0 0 0 
0 0 0 0 0 0 15545.6 15094 15639.4 15161.2 5077 4889 5105 4910 0 0 0 0 0 0 0 0 
0 0 0 0 0 0 13341.8 13677.5 13385.1 13719.2 4390 4429 4407 4444 0 0 0 0 0 0 0 0 
0 0 0 0 0 0 13248.2 13104.5 13267.3 13132.6 4217 4216 4224 4224 0 0 0 0 0 0 0 0 
0 0 0 0 0 0 12928.3 12288.5 12940 12303 3958 3811 3961 3817 0 0 0 0 0 0 0 0 
0 0 0 0 0 0 12125.5 12182.5 12129.1 12187.1 3328 3345 3329 3347 0 0 0 0 0 0 0 0 
0 0 0 0 0 0 12241.4 11833.2 12256.6 11840.1 3007 2909 3010 2910 0 0 0 0 0 0 0 0 
0 0 0 0 0 0 11729.4 11201.1 11729.4 11204.3 2576 2468 2576 2469 0 0 0 0 0 0 0 0 
0 0 0 0 0 0 9875.9 9548.91 9875.9 9548.91 1959 1916 1959 1916 0 0 0 0 0 0 0 0 
0 0 0 0 0 0 10106.4 9354.26 10106.4 9354.26 1756 1652 1756 1652 0 0 0 0 0 0 0 0 
0 0 0 0 0 0 4482.26 4472.12 4508.65 4492.31 5754 5739 5789 5765 0 0 0 0 0 0 0 0 
0 0 0 0 0 0 3650.79 3727.35 3674.15 3741.63 4671 4788 4703 4807 0 0 0 0 0 0 0 0 
0 0 0 0 0 0 3097.77 3187.57 3115.68 3200.82 3981 4070 4004 4088 0 0 0 0 0 0 0 0 
0 0 0 0 0 0 2547.32 2482.59 2567.57 2493.43 3081 2995 3105 3008 0 0 0 0 0 0 0 0 
0 0 0 0 0 0 1608.45 1652.34 1612.55 1655.93 1632 1668 1636 1672 0 0 0 0 0 0 0 0 
0 0 0 0 0 0 643.613 668.757 643.613 668.757 545 572 545 572 0 0 0 0 0 0 0 0 
0 0 0 0 0 0 50.0494 53.6165 50.0494 53.6165 36 40 36 40 0 0 0 0 0 0 0 0 
0 0 0 0 0 0 0 0 0 0 0 0 0 0 0 0 0 0 0 0 0 0 
0 0 0 0 0 0 0 0 0 0 0 0 0 0 0 0 0 0 0 0 0 0 
0 0 0 0 0 0 0 0 0 0 0 0 0 0 0 0 0 0 0 0 0 0 
0 0 0 0 0 0 0 0 0 0 0 0 0 0 0 0 0 0 0 0 0 0 
0 0 0 0 0 0 0 0 0 0 0 0 0 0 0 0 0 0 0 0 0 0 
0 0 0 0 0 0 0 0 0 0 0 0 0 0 0 0 0 0 0 0 0 0 
0 0 0 0 0 0 0 0 0 0 0 0 0 0 0 0 0 0 0 0 0 0 
0 0 0 0 0 0 0 0 0 0 0 0 0 0 0 0 0 0 0 0 0 0 
0 0 0 0 0 0 0 0 0 0 0 0 0 0 0 0 0 0 0 0 0 0 
0 0 0 0 0 0 0 0 0 0 0 0 0 0 0 0 0 0 0 0 0 0 
0 0 0 0 0 0 0 0 0 0 0 0 0 0 0 0 0 0 0 0 0 0 
0 0 0 0 0 0 0 0 0 0 0 0 0 0 0 0 0 0 0 0 0 0 
0 0 0 0 0 0 0 0 0 0 0 0 0 0 0 0 0 0 0 0 0 0 
0 0 0 0 0 0 0 0 0 0 0 0 0 0 0 0 0 0 0 0 0 0 
0 0 0 0 0 0 0 0 0 0 0 0 0 0 0 0 0 0 0 0 0 0 
0 0 0 0 0 0 0 0 0 0 0 0 0 0 0 0 0 0 0 0 0 0 
0 0 0 0 0 0 0 0 0 0 0 0 0 0 0 0 0 0 0 0 0 0 
0 0 0 0 0 0 0 0 0 0 0 0 0 0 0 0 0 0 0 0 0 0 
0 0 0 0 0 0 0 0 0 0 0 0 0 0 0 0 0 0 0 0 0 0 
0 0 0 0 0 0 0 0 0 0 0 0 0 0 0 0 0 0 0 0 0 0 
0 0 0 0 0 0 0 0 0 0 0 0 0 0 0 0 0 0 0 0 0 0 
0 0 0 0 0 0 0 0 0 0 0 0 0 0 0 0 0 0 0 0 0 0 
0 0 0 0 0 0 245.96 149.412 245.96 149.412 12 6 12 6 0 0 0 0 0 0 0 0 
0 0 0 0 0 0 7907.57 7047.37 7907.57 7070.16 306 274 306 275 0 0 0 0 0 0 0 0 
0 0 0 0 0 0 27477.8 26727.6 27542 26727.6 934 919 936 919 0 0 0 0 0 0 0 0 
0 0 0 0 0 0 56131.1 51116.4 56160.7 51116.4 1698 1562 1699 1562 0 0 0 0 0 0 0 0 
0 0 0 0 0 0 90438.2 89089.7 90438.2 89089.7 2483 2436 2483 2436 0 0 0 0 0 0 0 0 
0 0 0 0 0 0 132759 134411 132759 134411 3288 3326 3288 3326 0 0 0 0 0 0 0 0 
0 0 0 0 0 0 373741 375186 373741 375186 8863 8783 8863 8783 0 0 0 0 0 0 0 0 
0 0 0 0 0 0 0 0 0 0 0 0 0 0 0 0 0 0 0 0 0 0 
0 0 0 0 0 0 0 0 0 0 0 0 0 0 0 0 0 0 0 0 0 0 
0 0 0 0 0 0 0 0 0 0 0 0 0 0 0 0 0 0 0 0 0 0 
0 0 0 0 0 0 1894.9 1435.87 1907.37 1435.87 173 138 174 138 0 0 0 0 0 0 0 0 
0 0 0 0 0 0 11795.4 11966.1 11832.5 12035.7 925 959 929 965 0 0 0 0 0 0 0 0 
0 0 0 0 0 0 25803 27005.7 25898 27140.9 1755 1828 1760 1837 0 0 0 0 0 0 0 0 
0 0 0 0 0 0 37997.6 36119.8 38043.6 36152.6 2327 2252 2330 2254 0 0 0 0 0 0 0 0 
0 0 0 0 0 0 39006.1 39538.2 39046.1 39538.2 2408 2406 2410 2406 0 0 0 0 0 0 0 0 
0 0 0 0 0 0 45550.8 44535.2 45566.7 44586.1 2801 2729 2802 2732 0 0 0 0 0 0 0 0 
0 0 0 0 0 0 48228.1 51923.4 48238.1 51933.9 3006 3208 3007 3209 0 0 0 0 0 0 0 0 
0 0 0 0 0 0 59078.2 58773.3 59078.2 58773.3 3646 3634 3646 3634 0 0 0 0 0 0 0 0 
0 0 0 0 0 0 146658 143182 146658 143182 9196 9009 9196 9009 0 0 0 0 0 0 0 0 
0 0 0 0 0 0 53.7175 54.3494 53.7175 54.3494 16 18 16 18 0 0 0 0 0 0 0 0 
0 0 0 0 0 0 4927.57 4924.24 4949.02 4975.4 1339 1328 1344 1339 0 0 0 0 0 0 0 0 
0 0 0 0 0 0 14654.9 14901.5 14721 14955.6 3090 3221 3104 3233 0 0 0 0 0 0 0 0 
0 0 0 0 0 0 23421.2 23607 23466.7 23708.6 4079 4045 4087 4064 0 0 0 0 0 0 0 0 
0 0 0 0 0 0 24055.9 24107.2 24125.2 24209 3973 3964 3983 3981 0 0 0 0 0 0 0 0 
0 0 0 0 0 0 23602.2 22935.4 23666.5 22999.2 3868 3790 3877 3799 0 0 0 0 0 0 0 0 
0 0 0 0 0 0 23025.3 23289.5 23038.4 23294.1 3771 3778 3774 3779 0 0 0 0 0 0 0 0 
0 0 0 0 0 0 25641.9 25081.5 25641.9 25087.7 4191 4160 4191 4161 0 0 0 0 0 0 0 0 
0 0 0 0 0 0 28235.3 27862.6 28235.3 27870.5 4639 4679 4639 4680 0 0 0 0 0 0 0 0 
0 0 0 0 0 0 33775.8 32416.1 33785.6 32416.1 5589 5377 5591 5377 0 0 0 0 0 0 0 0 
0 0 0 0 0 0 38864.4 38947.4 38864.4 38947.4 6540 6482 6540 6482 0 0 0 0 0 0 0 0 
0 0 0 0 0 0 100233 98141.6 100244 98145.7 16884 16418 16886 16419 0 0 0 0 0 0 0 0 
0 0 0 0 0 0 11794.3 12220.9 11883.5 12268.1 9140 9075 9211 9115 0 0 0 0 0 0 0 0 
0 0 0 0 0 0 14563.3 14583.9 14654.6 14644.8 9257 9372 9308 9410 0 0 0 0 0 0 0 0 
0 0 0 0 0 0 11922.3 12263.4 12014.2 12321.1 7575 7765 7632 7801 0 0 0 0 0 0 0 0 
0 0 0 0 0 0 10390.9 10476.3 10445.9 10519.8 6581 6558 6609 6585 0 0 0 0 0 0 0 0 
0 0 0 0 0 0 8938.81 9151.04 8955.59 9173.15 5715 5748 5729 5761 0 0 0 0 0 0 0 0 
0 0 0 0 0 0 8444.32 8711.35 8462.84 8727.41 5373 5508 5387 5518 0 0 0 0 0 0 0 0 
0 0 0 0 0 0 8336.23 8357.81 8350.37 8369.81 4972 5000 4980 5008 0 0 0 0 0 0 0 0 
0 0 0 0 0 0 8466.56 7948.98 8475.62 7950.97 4507 4282 4512 4283 0 0 0 0 0 0 0 0 
0 0 0 0 0 0 8565.87 8157.59 8565.87 8157.59 4082 3901 4082 3901 0 0 0 0 0 0 0 0 
0 0 0 0 0 0 7944.11 7833.88 7946.23 7833.88 3439 3397 3440 3397 0 0 0 0 0 0 0 0 
0 0 0 0 0 0 6925.32 6863.98 6928.89 6863.98 2716 2689 2717 2689 0 0 0 0 0 0 0 0 
0 0 0 0 0 0 7427.7 7075.06 7427.7 7075.06 2554 2456 2554 2456 0 0 0 0 0 0 0 0 
0 0 0 0 0 0 3248.05 3272.19 3273.08 3290.18 8400 8500 8462 8544 0 0 0 0 0 0 0 0 
0 0 0 0 0 0 2624.94 2650.66 2639.1 2660.77 6857 6824 6896 6852 0 0 0 0 0 0 0 0 
0 0 0 0 0 0 2140.45 2177.62 2152.16 2188.77 5594 5673 5626 5705 0 0 0 0 0 0 0 0 
0 0 0 0 0 0 1706.9 1673.45 1719.77 1676.98 4157 4113 4188 4124 0 0 0 0 0 0 0 0 
0 0 0 0 0 0 1027.31 1023.21 1030.94 1027.72 2080 2063 2087 2071 0 0 0 0 0 0 0 0 
0 0 0 0 0 0 425.699 385.466 426.344 386.003 719 655 720 656 0 0 0 0 0 0 0 0 
0 0 0 0 0 0 27.8831 39.5265 28.3769 39.5265 37 56 38 56 0 0 0 0 0 0 0 0 
0 0 0 0 0 0 0 0 0 0 0 0 0 0 0 0 0 0 0 0 0 0 
0 0 0 0 0 0 0 0 0 0 0 0 0 0 0 0 0 0 0 0 0 0 
0 0 0 0 0 0 0 0 0 0 0 0 0 0 0 0 0 0 0 0 0 0 
0 0 0 0 0 0 0 0 0 0 0 0 0 0 0 0 0 0 0 0 0 0 
0 0 0 0 0 0 0 0 0 0 0 0 0 0 0 0 0 0 0 0 0 0 
0 0 0 0 0 0 0 0 0 0 0 0 0 0 0 0 0 0 0 0 0 0 
0 0 0 0 0 0 0 0 0 0 0 0 0 0 0 0 0 0 0 0 0 0 
0 0 0 0 0 0 0 0 0 0 0 0 0 0 0 0 0 0 0 0 0 0 
0 0 0 0 0 0 0 0 0 0 0 0 0 0 0 0 0 0 0 0 0 0 
0 0 0 0 0 0 0 0 0 0 0 0 0 0 0 0 0 0 0 0 0 0 
0 0 0 0 0 0 0 0 0 0 0 0 0 0 0 0 0 0 0 0 0 0 
0 0 0 0 0 0 0 0 0 0 0 0 0 0 0 0 0 0 0 0 0 0 
0 0 0 0 0 0 0 0 0 0 0 0 0 0 0 0 0 0 0 0 0 0 
0 0 0 0 0 0 0 0 0 0 0 0 0 0 0 0 0 0 0 0 0 0 
0 0 0 0 0 0 0 0 0 0 0 0 0 0 0 0 0 0 0 0 0 0 
0 0 0 0 0 0 0 0 0 0 0 0 0 0 0 0 0 0 0 0 0 0 
0 0 0 0 0 0 0 0 0 0 0 0 0 0 0 0 0 0 0 0 0 0 
0 0 0 0 0 0 0 0 0 0 0 0 0 0 0 0 0 0 0 0 0 0 
0 0 0 0 0 0 0 0 0 0 0 0 0 0 0 0 0 0 0 0 0 0 
0 0 0 0 0 0 0 0 0 0 0 0 0 0 0 0 0 0 0 0 0 0 
0 0 0 0 0 0 0 0 0 0 0 0 0 0 0 0 0 0 0 0 0 0 
0 0 0 0 0 0 0 0 0 0 0 0 0 0 0 0 0 0 0 0 0 0 
0 0 0 0 0 0 114.503 122.833 114.503 122.833 12 13 12 13 0 0 0 0 0 0 0 0 
0 0 0 0 0 0 3309.04 2968.2 3320.88 2968.2 316 277 317 277 0 0 0 0 0 0 0 0 
0 0 0 0 0 0 11186.4 10943.8 11201.2 10943.8 961 946 962 946 0 0 0 0 0 0 0 0 
0 0 0 0 0 0 23531.5 23563.9 23531.5 23563.9 1757 1770 1757 1770 0 0 0 0 0 0 0 0 
0 0 0 0 0 0 40166.1 39250.1 40166.1 39250.1 2733 2641 2733 2641 0 0 0 0 0 0 0 0 
0 0 0 0 0 0 64389.3 61919.9 64424.2 61919.9 3970 3893 3971 3893 0 0 0 0 0 0 0 0 
0 0 0 0 0 0 187271 183533 187271 183533 11058 10845 11058 10845 0 0 0 0 0 0 0 0 
0 0 0 0 0 0 0 0 0 0 0 0 0 0 0 0 0 0 0 0 0 0 
0 0 0 0 0 0 0 0 0 0 0 0 0 0 0 0 0 0 0 0 0 0 
0 0 0 0 0 0 0 0 0 0 0 0 0 0 0 0 0 0 0 0 0 0 
0 0 0 0 0 0 763.779 657.879 763.779 657.879 173 159 173 159 0 0 0 0 0 0 0 0 
0 0 0 0 0 0 5042.25 5252.3 5050.02 5265.86 1001 1014 1002 1016 0 0 0 0 0 0 0 0 
0 0 0 0 0 0 11578.2 11649.4 11594.2 11674 1916 1927 1920 1931 0 0 0 0 0 0 0 0 
0 0 0 0 0 0 15565.9 15039.7 15598 15048.7 2382 2288 2387 2290 0 0 0 0 0 0 0 0 
0 0 0 0 0 0 18425.6 17759.3 18439 17759.3 2767 2703 2769 2703 0 0 0 0 0 0 0 0 
0 0 0 0 0 0 20606.8 20379.9 20606.8 20383.9 3125 3110 3125 3111 0 0 0 0 0 0 0 0 
0 0 0 0 0 0 24848.6 24449.4 24848.6 24449.4 3824 3751 3824 3751 0 0 0 0 0 0 0 0 
0 0 0 0 0 0 30855.5 29187.6 30855.5 29187.6 4796 4509 4796 4509 0 0 0 0 0 0 0 0 
0 0 0 0 0 0 77950.7 76846.5 77950.7 76846.5 12119 11894 12119 11894 0 0 0 0 0 0 0 0 
0 0 0 0 0 0 26.9418 18.6481 26.9418 19.8329 24 18 24 19 0 0 0 0 0 0 0 0 
0 0 0 0 0 0 2511.91 2444.09 2524.22 2450.19 1677 1618 1684 1622 0 0 0 0 0 0 0 0 
0 0 0 0 0 0 7262.51 7192.5 7308.51 7202.77 3818 3802 3844 3808 0 0 0 0 0 0 0 0 
0 0 0 0 0 0 10781.3 10762.1 10837.7 10797.2 4612 4691 4636 4707 0 0 0 0 0 0 0 0 
0 0 0 0 0 0 11007.4 10709.2 11055.6 10738.9 4466 4410 4488 4424 0 0 0 0 0 0 0 0 
0 0 0 0 0 0 10310.5 10168.4 10346.5 10187.1 4205 4101 4216 4108 0 0 0 0 0 0 0 0 
0 0 0 0 0 0 10370.2 10600.3 10378.4 10606.7 4221 4346 4225 4349 0 0 0 0 0 0 0 0 
0 0 0 0 0 0 11751.7 11517.3 11756.3 11527.7 4794 4687 4796 4693 0 0 0 0 0 0 0 0 
0 0 0 0 0 0 14020.3 13538.8 14024.4 13538.8 5757 5605 5759 5605 0 0 0 0 0 0 0 0 
0 0 0 0 0 0 16738.1 16416.1 16738.1 16416.1 6851 6768 6851 6768 0 0 0 0 0 0 0 0 
0 0 0 0 0 0 20231.7 20615.3 20231.7 20615.3 8378 8515 8378 8515 0 0 0 0 0 0 0 0 
0 0 0 0 0 0 53882.3 52718.8 53882.3 52718.8 22226 21934 22226 21934 0 0 0 0 0 0 0 0 
0 0 0 0 0 0 5593.97 5683.91 5623.59 5710.9 10932 11069 10996 11123 0 0 0 0 0 0 0 0 
0 0 0 0 0 0 6935.79 7015.1 6966.03 7045.54 11092 11155 11144 11197 0 0 0 0 0 0 0 0 
0 0 0 0 0 0 5715.22 5557.37 5753.75 5585.33 8964 8875 9031 8913 0 0 0 0 0 0 0 0 
0 0 0 0 0 0 4583.01 4598.7 4612.59 4623.95 7336 7306 7382 7349 0 0 0 0 0 0 0 0 
0 0 0 0 0 0 4135.27 4053.9 4147.45 4069.74 6552 6413 6573 6436 0 0 0 0 0 0 0 0 
0 0 0 0 0 0 3713.81 3769.48 3724.01 3778.62 5815 5955 5830 5970 0 0 0 0 0 0 0 0 
0 0 0 0 0 0 3647.24 3638.36 3652.11 3643.99 5427 5340 5432 5351 0 0 0 0 0 0 0 0 
0 0 0 0 0 0 3652.49 3663.5 3654.11 3666.16 4844 4857 4846 4862 0 0 0 0 0 0 0 0 
0 0 0 0 0 0 3791.38 3812.34 3793.37 3813.39 4487 4538 4489 4539 0 0 0 0 0 0 0 0 
0 0 0 0 0 0 3818.23 3901.93 3818.23 3901.93 4089 4135 4089 4135 0 0 0 0 0 0 0 0 
0 0 0 0 0 0 3492.1 3425.73 3492.1 3425.73 3365 3314 3365 3314 0 0 0 0 0 0 0 0 
0 0 0 0 0 0 3650.63 3538.52 3650.63 3538.52 3133 3028 3133 3028 0 0 0 0 0 0 0 0 
0 0 0 0 0 0 1811.82 1830.6 1822.04 1838.65 11804 12000 11870 12052 0 0 0 0 0 0 0 0 
0 0 0 0 0 0 1470.79 1476.17 1478.68 1482.38 9598 9715 9648 9752 0 0 0 0 0 0 0 0 
0 0 0 0 0 0 1208.65 1196.39 1216.79 1202.54 7879 7839 7924 7876 0 0 0 0 0 0 0 0 
0 0 0 0 0 0 915.35 889.039 922.294 893.444 5632 5532 5671 5559 0 0 0 0 0 0 0 0 
0 0 0 0 0 0 550.352 539.957 553.096 542.87 2793 2738 2805 2752 0 0 0 0 0 0 0 0 
0 0 0 0 0 0 214.455 201.07 215.441 201.851 908 848 912 852 0 0 0 0 0 0 0 0 
0 0 0 0 0 0 15.4576 14.9305 15.4576 14.9305 56 55 56 55 0 0 0 0 0 0 0 0 
0 0 0 0 0 0 0 0 0 0 0 0 0 0 0 0 0 0 0 0 0 0 
0 0 0 0 0 0 0 0 0 0 0 0 0 0 0 0 0 0 0 0 0 0 
0 0 0 0 0 0 0 0 0 0 0 0 0 0 0 0 0 0 0 0 0 0 
0 0 0 0 0 0 0 0 0 0 0 0 0 0 0 0 0 0 0 0 0 0 
0 0 0 0 0 0 0 0 0 0 0 0 0 0 0 0 0 0 0 0 0 0 
0 0 0 0 0 0 0 0 0 0 0 0 0 0 0 0 0 0 0 0 0 0 
0 0 0 0 0 0 0 0 0 0 0 0 0 0 0 0 0 0 0 0 0 0 
0 0 0 0 0 0 0 0 0 0 0 0 0 0 0 0 0 0 0 0 0 0 
0 0 0 0 0 0 0 0 0 0 0 0 0 0 0 0 0 0 0 0 0 0 
0 0 0 0 0 0 0 0 0 0 0 0 0 0 0 0 0 0 0 0 0 0 
0 0 0 0 0 0 0 0 0 0 0 0 0 0 0 0 0 0 0 0 0 0 
0 0 0 0 0 0 0 0 0 0 0 0 0 0 0 0 0 0 0 0 0 0 
0 0 0 0 0 0 0 0 0 0 0 0 0 0 0 0 0 0 0 0 0 0 
0 0 0 0 0 0 0 0 0 0 0 0 0 0 0 0 0 0 0 0 0 0 
0 0 0 0 0 0 0 0 0 0 0 0 0 0 0 0 0 0 0 0 0 0 
0 0 0 0 0 0 0 0 0 0 0 0 0 0 0 0 0 0 0 0 0 0 
0 0 0 0 0 0 0 0 0 0 0 0 0 0 0 0 0 0 0 0 0 0 
0 0 0 0 0 0 0 0 0 0 0 0 0 0 0 0 0 0 0 0 0 0 
0 0 0 0 0 0 0 0 0 0 0 0 0 0 0 0 0 0 0 0 0 0 
0 0 0 0 0 0 0 0 0 0 0 0 0 0 0 0 0 0 0 0 0 0 
0 0 0 0 0 0 0 0 0 0 0 0 0 0 0 0 0 0 0 0 0 0 
0 0 0 0 0 0 0 0 0 0 0 0 0 0 0 0 0 0 0 0 0 0 
0 0 0 0 0 0 24.7014 13.641 24.7014 13.641 6 4 6 4 0 0 0 0 0 0 0 0 
0 0 0 0 0 0 600.997 649.335 600.997 649.335 142 155 142 155 0 0 0 0 0 0 0 0 
0 0 0 0 0 0 2245 2292.09 2245 2292.09 477 476 477 476 0 0 0 0 0 0 0 0 
0 0 0 0 0 0 5090.55 4308.72 5090.55 4308.72 964 808 964 808 0 0 0 0 0 0 0 0 
0 0 0 0 0 0 8234.16 8173.78 8234.16 8173.78 1361 1378 1361 1378 0 0 0 0 0 0 0 0 
0 0 0 0 0 0 13390.4 13397.5 13390.4 13397.5 2072 2081 2072 2081 0 0 0 0 0 0 0 0 
0 0 0 0 0 0 40074.4 38180.3 40074.4 38180.3 5992 5685 5992 5685 0 0 0 0 0 0 0 0 
0 0 0 0 0 0 0 0 0 0 0 0 0 0 0 0 0 0 0 0 0 0 
0 0 0 0 0 0 0 0 0 0 0 0 0 0 0 0 0 0 0 0 0 0 
0 0 0 0 0 0 0 0 0 0 0 0 0 0 0 0 0 0 0 0 0 0 
0 0 0 0 0 0 176.161 158.908 178.176 160.465 102 94 103 95 0 0 0 0 0 0 0 0 
0 0 0 0 0 0 1175.8 1061.52 1177.83 1064.13 571 516 572 518 0 0 0 0 0 0 0 0 
0 0 0 0 0 0 2315.45 2255.17 2318.39 2257.81 953 947 954 948 0 0 0 0 0 0 0 0 
0 0 0 0 0 0 3351.88 3131.51 3351.88 3131.51 1290 1180 1290 1180 0 0 0 0 0 0 0 0 
0 0 0 0 0 0 4107.72 3979.72 4107.72 3979.72 1561 1497 1561 1497 0 0 0 0 0 0 0 0 
0 0 0 0 0 0 5022.37 4769.59 5025.1 4769.59 1889 1840 1891 1840 0 0 0 0 0 0 0 0 
0 0 0 0 0 0 6241.88 6023.26 6241.88 6023.26 2368 2308 2368 2308 0 0 0 0 0 0 0 0 
0 0 0 0 0 0 7680.76 7447.16 7680.76 7447.16 2912 2845 2912 2845 0 0 0 0 0 0 0 0 
0 0 0 0 0 0 20686.8 20359.9 20686.8 20359.9 7914 7800 7914 7800 0 0 0 0 0 0 0 0 
0 0 0 0 0 0 6.79086 5.87669 6.79086 5.87669 15 13 15 13 0 0 0 0 0 0 0 0 
0 0 0 0 0 0 578.291 583.106 581.808 586.637 974 957 980 963 0 0 0 0 0 0 0 0 
0 0 0 0 0 0 1658.9 1664.02 1667.03 1670.66 2125 2163 2136 2170 0 0 0 0 0 0 0 0 
0 0 0 0 0 0 2525.14 2330.78 2530.62 2340.59 2685 2476 2693 2485 0 0 0 0 0 0 0 0 
0 0 0 0 0 0 2422.33 2377.55 2428.34 2382.52 2439 2405 2445 2411 0 0 0 0 0 0 0 0 
0 0 0 0 0 0 2259.74 2206.87 2270.48 2213.41 2269 2229 2279 2235 0 0 0 0 0 0 0 0 
0 0 0 0 0 0 2337.91 2401.18 2342.2 2401.18 2362 2420 2366 2420 0 0 0 0 0 0 0 0 
0 0 0 0 0 0 2770.09 2767.41 2772.02 2768.12 2779 2769 2781 2770 0 0 0 0 0 0 0 0 
0 0 0 0 0 0 3367.1 3322.06 3367.61 3322.82 3408 3343 3409 3344 0 0 0 0 0 0 0 0 
0 0 0 0 0 0 4179.79 4108.33 4179.79 4108.33 4220 4145 4220 4145 0 0 0 0 0 0 0 0 
0 0 0 0 0 0 5310.55 5228.37 5310.55 5228.37 5336 5319 5336 5319 0 0 0 0 0 0 0 0 
0 0 0 0 0 0 13928.1 13691.6 13930.3 13692.2 13991 13764 13993 13765 0 0 0 0 0 0 0 0 
0 0 0 0 0 0 1518.46 1531.07 1525.62 1539.54 7492 7605 7525 7646 0 0 0 0 0 0 0 0 
0 0 0 0 0 0 1817.05 1807.71 1825.92 1814.21 7449 7400 7490 7429 0 0 0 0 0 0 0 0 
0 0 0 0 0 0 1445.66 1465.57 1454.5 1470.96 5859 5967 5889 5994 0 0 0 0 0 0 0 0 
0 0 0 0 0 0 1170.98 1177.72 1176.75 1182.54 4772 4799 4793 4820 0 0 0 0 0 0 0 0 
0 0 0 0 0 0 1014.54 985.528 1020.6 990.024 4083 4032 4106 4050 0 0 0 0 0 0 0 0 
0 0 0 0 0 0 908.216 910.851 911.004 914.327 3727 3692 3738 3706 0 0 0 0 0 0 0 0 
0 0 0 0 0 0 886.789 899.69 889.604 901.228 3358 3423 3368 3429 0 0 0 0 0 0 0 0 
0 0 0 0 0 0 910.515 894.79 911.003 895.6 3068 2996 3070 2998 0 0 0 0 0 0 0 0 
0 0 0 0 0 0 939.378 942.635 941.572 943.097 2787 2807 2793 2808 0 0 0 0 0 0 0 0 
0 0 0 0 0 0 999.813 926.156 999.813 926.156 2636 2466 2636 2466 0 0 0 0 0 0 0 0 
0 0 0 0 0 0 857.206 912.257 857.206 912.569 2068 2165 2068 2166 0 0 0 0 0 0 0 0 
0 0 0 0 0 0 923.798 910.688 923.798 910.688 1937 1909 1937 1909 0 0 0 0 0 0 0 0 
0 0 0 0 0 0 564.847 547.377 568.334 549.44 8616 8713 8670 8747 0 0 0 0 0 0 0 0 
0 0 0 0 0 0 435.999 433.932 438.434 435.575 6891 6941 6927 6970 0 0 0 0 0 0 0 0 
0 0 0 0 0 0 350.859 358.039 353.312 359.866 5646 5698 5688 5726 0 0 0 0 0 0 0 0 
0 0 0 0 0 0 256.193 258.117 257.39 259.689 3916 3867 3934 3890 0 0 0 0 0 0 0 0 
0 0 0 0 0 0 150.043 150.775 150.752 151.339 1877 1850 1885 1857 0 0 0 0 0 0 0 0 
0 0 0 0 0 0 54.9804 57.7254 55.1701 57.8251 573 607 575 608 0 0 0 0 0 0 0 0 
0 0 0 0 0 0 3.30122 4.49644 3.30122 4.49644 30 37 30 37 0 0 0 0 0 0 0 0 
0 0 0 0 0 0 0 0 0 0 0 0 0 0 0 0 0 0 0 0 0 0 
0 0 0 0 0 0 0 0 0 0 0 0 0 0 0 0 0 0 0 0 0 0 
0 0 0 0 0 0 0 0 0 0 0 0 0 0 0 0 0 0 0 0 0 0 
0 0 0 0 0 0 0 0 0 0 0 0 0 0 0 0 0 0 0 0 0 0 
0 0 0 0 0 0 0 0 0 0 0 0 0 0 0 0 0 0 0 0 0 0 
0 0 0 0 0 0 0 0 0 0 0 0 0 0 0 0 0 0 0 0 0 0 
0 0 0 0 0 0 0 0 0 0 0 0 0 0 0 0 0 0 0 0 0 0 
0 0 0 0 0 0 0 0 0 0 0 0 0 0 0 0 0 0 0 0 0 0 
0 0 0 0 0 0 0 0 0 0 0 0 0 0 0 0 0 0 0 0 0 0 
0 0 0 0 0 0 0 0 0 0 0 0 0 0 0 0 0 0 0 0 0 0 
0 0 0 0 0 0 0 0 0 0 0 0 0 0 0 0 0 0 0 0 0 0 
0 0 0 0 0 0 0 0 0 0 0 0 0 0 0 0 0 0 0 0 0 0 
0 0 0 0 0 0 0 0 0 0 0 0 0 0 0 0 0 0 0 0 0 0 
0 0 0 0 0 0 0 0 0 0 0 0 0 0 0 0 0 0 0 0 0 0 
0 0 0 0 0 0 0 0 0 0 0 0 0 0 0 0 0 0 0 0 0 0 
0 0 0 0 0 0 0 0 0 0 0 0 0 0 0 0 0 0 0 0 0 0 
0 0 0 0 0 0 0 0 0 0 0 0 0 0 0 0 0 0 0 0 0 0 
0 0 0 0 0 0 0 0 0 0 0 0 0 0 0 0 0 0 0 0 0 0 
0 0 0 0 0 0 0 0 0 0 0 0 0 0 0 0 0 0 0 0 0 0 
0 0 0 0 0 0 0 0 0 0 0 0 0 0 0 0 0 0 0 0 0 0 
0 0 0 0 0 0 0 0 0 0 0 0 0 0 0 0 0 0 0 0 0 0 
0 0 0 0 0 0 0 0 0 0 0 0 0 0 0 0 0 0 0 0 0 0 
0 0 0 0 0 0 4.32898 6.96243 5.85089 6.96243 2 4 3 4 0 0 0 0 0 0 0 0 
0 0 0 0 0 0 205.857 207.603 205.857 207.603 93 95 93 95 0 0 0 0 0 0 0 0 
0 0 0 0 0 0 580.596 641.028 580.596 641.028 229 257 229 257 0 0 0 0 0 0 0 0 
0 0 0 0 0 0 1374.69 1292 1374.69 1292 490 446 490 446 0 0 0 0 0 0 0 0 
0 0 0 0 0 0 2343.77 2456.3 2343.77 2456.3 763 804 763 804 0 0 0 0 0 0 0 0 
0 0 0 0 0 0 3467.07 3301.88 3467.07 3301.88 1038 994 1038 994 0 0 0 0 0 0 0 0 
0 0 0 0 0 0 11141.3 10223.5 11143.2 10223.5 3198 2935 3199 2935 0 0 0 0 0 0 0 0 
0 0 0 0 0 0 0 0 0 0 0 0 0 0 0 0 0 0 0 0 0 0 
0 0 0 0 0 0 0 0 0 0 0 0 0 0 0 0 0 0 0 0 0 0 
0 0 0 0 0 0 0 0 0 0 0 0 0 0 0 0 0 0 0 0 0 0 
0 0 0 0 0 0 40.2199 43.2046 40.2199 43.2046 45 47 45 47 0 0 0 0 0 0 0 0 
0 0 0 0 0 0 308.556 307.22 308.556 307.22 280 284 280 284 0 0 0 0 0 0 0 0 
0 0 0 0 0 0 721.352 717.291 723.616 717.291 570 557 572 557 0 0 0 0 0 0 0 0 
0 0 0 0 0 0 1022.5 937.311 1022.5 938.384 736 677 736 678 0 0 0 0 0 0 0 0 
0 0 0 0 0 0 1217.68 1166.82 1217.68 1166.82 879 849 879 849 0 0 0 0 0 0 0 0 
0 0 0 0 0 0 1458.24 1384.81 1458.24 1384.81 1059 1005 1059 1005 0 0 0 0 0 0 0 0 
0 0 0 0 0 0 2014.65 1863.12 2015.72 1863.12 1448 1348 1449 1348 0 0 0 0 0 0 0 0 
0 0 0 0 0 0 2457.73 2332.01 2457.73 2332.01 1769 1706 1769 1706 0 0 0 0 0 0 0 0 
0 0 0 0 0 0 6862.84 6608.32 6862.84 6608.32 4970 4789 4970 4789 0 0 0 0 0 0 0 0 
0 0 0 0 0 0 1.88904 1.60615 1.88904 1.60615 8 6 8 6 0 0 0 0 0 0 0 0 
0 0 0 0 0 0 221.978 207.451 222.488 207.682 682 633 683 634 0 0 0 0 0 0 0 0 
0 0 0 0 0 0 576.066 551.285 580.479 553.773 1439 1382 1450 1388 0 0 0 0 0 0 0 0 
0 0 0 0 0 0 809.242 822.363 812.773 826.339 1679 1687 1686 1696 0 0 0 0 0 0 0 0 
0 0 0 0 0 0 804.939 781.21 805.837 782.41 1585 1527 1587 1529 0 0 0 0 0 0 0 0 
0 0 0 0 0 0 735.984 783.293 738.495 785.256 1430 1527 1434 1532 0 0 0 0 0 0 0 0 
0 0 0 0 0 0 851.552 788.819 853.039 790.307 1657 1540 1660 1543 0 0 0 0 0 0 0 0 
0 0 0 0 0 0 982.731 1185.92 982.731 1187.04 1903 1832 1903 1834 0 0 0 0 0 0 0 0 
0 0 0 0 0 0 1137.42 1160.52 1137.42 1160.52 2181 2246 2181 2246 0 0 0 0 0 0 0 0 
0 0 0 0 0 0 1500.26 1463.79 1500.26 1463.79 2867 2805 2867 2805 0 0 0 0 0 0 0 0 
0 0 0 0 0 0 1943.08 1825 1943.08 1825 3719 3576 3719 3576 0 0 0 0 0 0 0 0 
0 0 0 0 0 0 5040.91 5039.58 5040.91 5039.58 9603 9680 9603 9680 0 0 0 0 0 0 0 0 
0 0 0 0 0 0 627.701 623.555 630.805 626.145 5823 5833 5855 5860 0 0 0 0 0 0 0 0 
0 0 0 0 0 0 762.851 753.421 766.84 755.857 5869 5814 5902 5833 0 0 0 0 0 0 0 0 
0 0 0 0 0 0 603.915 588.466 606.846 590.621 4608 4500 4630 4516 0 0 0 0 0 0 0 0 
0 0 0 0 0 0 464.822 475.439 467.622 478.024 3566 3631 3588 3647 0 0 0 0 0 0 0 0 
0 0 0 0 0 0 389.858 392.473 390.499 393.044 2999 3032 3006 3039 0 0 0 0 0 0 0 0 
0 0 0 0 0 0 385.996 369.205 387.012 370.028 2909 2828 2916 2834 0 0 0 0 0 0 0 0 
0 0 0 0 0 0 361.163 357.388 361.517 357.671 2581 2581 2584 2583 0 0 0 0 0 0 0 0 
0 0 0 0 0 0 371.579 361.06 371.68 361.06 2352 2285 2353 2285 0 0 0 0 0 0 0 0 
0 0 0 0 0 0 375.092 375.884 375.092 375.884 2131 2119 2131 2119 0 0 0 0 0 0 0 0 
0 0 0 0 0 0 406.691 394.341 406.691 394.341 2058 1989 2058 1989 0 0 0 0 0 0 0 0 
0 0 0 0 0 0 371.574 375.547 371.846 375.547 1686 1697 1687 1697 0 0 0 0 0 0 0 0 
0 0 0 0 0 0 362.649 370.252 362.649 370.252 1442 1481 1442 1481 0 0 0 0 0 0 0 0 
0 0 0 0 0 0 226.783 223.318 227.652 224.572 6737 6683 6766 6715 0 0 0 0 0 0 0 0 
0 0 0 0 0 0 186.377 183.333 187.65 184.447 5561 5489 5597 5520 0 0 0 0 0 0 0 0 
0 0 0 0 0 0 146.258 142.951 147.376 143.703 4407 4342 4437 4364 0 0 0 0 0 0 0 0 
0 0 0 0 0 0 108.117 104.357 108.496 104.958 3032 2952 3042 2970 0 0 0 0 0 0 0 0 
0 0 0 0 0 0 60.6086 62.4695 60.6991 62.5833 1436 1469 1438 1472 0 0 0 0 0 0 0 0 
0 0 0 0 0 0 23.9538 21.3524 24.09 21.4107 464 419 467 420 0 0 0 0 0 0 0 0 
0 0 0 0 0 0 1.95579 2.01364 1.95579 2.01364 34 36 34 36 0 0 0 0 0 0 0 0 
0 0 0 0 0 0 0 0 0 0 0 0 0 0 0 0 0 0 0 0 0 0 
0 0 0 0 0 0 0 0 0 0 0 0 0 0 0 0 0 0 0 0 0 0 
0 0 0 0 0 0 0 0 0 0 0 0 0 0 0 0 0 0 0 0 0 0 
0 0 0 0 0 0 0 0 0 0 0 0 0 0 0 0 0 0 0 0 0 0 
0 0 0 0 0 0 0 0 0 0 0 0 0 0 0 0 0 0 0 0 0 0 
0 0 0 0 0 0 0 0 0 0 0 0 0 0 0 0 0 0 0 0 0 0 
0 0 0 0 0 0 0 0 0 0 0 0 0 0 0 0 0 0 0 0 0 0 
0 0 0 0 0 0 0 0 0 0 0 0 0 0 0 0 0 0 0 0 0 0 
0 0 0 0 0 0 0 0 0 0 0 0 0 0 0 0 0 0 0 0 0 0 
0 0 0 0 0 0 0 0 0 0 0 0 0 0 0 0 0 0 0 0 0 0 
0 0 0 0 0 0 0 0 0 0 0 0 0 0 0 0 0 0 0 0 0 0 
0 0 0 0 0 0 0 0 0 0 0 0 0 0 0 0 0 0 0 0 0 0 
0 0 0 0 0 0 0 0 0 0 0 0 0 0 0 0 0 0 0 0 0 0 
0 0 0 0 0 0 0 0 0 0 0 0 0 0 0 0 0 0 0 0 0 0 
0 0 0 0 0 0 0 0 0 0 0 0 0 0 0 0 0 0 0 0 0 0 
0 0 0 0 0 0 0 0 0 0 0 0 0 0 0 0 0 0 0 0 0 0 
0 0 0 0 0 0 0 0 0 0 0 0 0 0 0 0 0 0 0 0 0 0 
0 0 0 0 0 0 0 0 0 0 0 0 0 0 0 0 0 0 0 0 0 0 
0 0 0 0 0 0 0 0 0 0 0 0 0 0 0 0 0 0 0 0 0 0 
0 0 0 0 0 0 0 0 0 0 0 0 0 0 0 0 0 0 0 0 0 0 
0 0 0 0 0 0 0 0 0 0 0 0 0 0 0 0 0 0 0 0 0 0 
0 0 0 0 0 0 0 0 0 0 0 0 0 0 0 0 0 0 0 0 0 0 
0 0 0 0 0 0 2.73261 1.19402 2.73261 1.19402 4 2 4 2 0 0 0 0 0 0 0 0 
0 0 0 0 0 0 122.884 107.833 122.884 107.833 129 117 129 117 0 0 0 0 0 0 0 0 
0 0 0 0 0 0 352.927 332.925 352.927 332.925 311 287 311 287 0 0 0 0 0 0 0 0 
0 0 0 0 0 0 674.974 643.352 674.974 643.352 509 479 509 479 0 0 0 0 0 0 0 0 
0 0 0 0 0 0 1067.09 903.549 1068.55 903.549 739 631 740 631 0 0 0 0 0 0 0 0 
0 0 0 0 0 0 1623.63 1359.47 1623.63 1359.47 1015 865 1015 865 0 0 0 0 0 0 0 0 
0 0 0 0 0 0 3928.06 3615.35 3928.06 3615.35 2418 2237 2418 2237 0 0 0 0 0 0 0 0 
0 0 0 0 0 0 0 0 0 0 0 0 0 0 0 0 0 0 0 0 0 0 
0 0 0 0 0 0 0 0 0 0 0 0 0 0 0 0 0 0 0 0 0 0 
0 0 0 0 0 0 0 0 0 0 0 0 0 0 0 0 0 0 0 0 0 0 
0 0 0 0 0 0 35.7377 33.9677 36.7473 33.9677 96 93 98 93 0 0 0 0 0 0 0 0 
0 0 0 0 0 0 224.744 193.997 226.256 194.328 513 447 517 448 0 0 0 0 0 0 0 0 
0 0 0 0 0 0 411.557 422.523 412.523 422.859 796 787 799 788 0 0 0 0 0 0 0 0 
0 0 0 0 0 0 601.962 555.061 606.015 557.342 1055 988 1060 992 0 0 0 0 0 0 0 0 
0 0 0 0 0 0 679.751 650.525 680.354 650.819 1161 1124 1162 1125 0 0 0 0 0 0 0 0 
0 0 0 0 0 0 825.879 824.145 825.879 824.145 1404 1399 1404 1399 0 0 0 0 0 0 0 0 
0 0 0 0 0 0 1067.18 1026.85 1067.18 1027.16 1791 1729 1791 1730 0 0 0 0 0 0 0 0 
0 0 0 0 0 0 1340.83 1347.41 1340.83 1347.41 2285 2268 2285 2268 0 0 0 0 0 0 0 0 
0 0 0 0 0 0 3846.52 3613.5 3846.52 3613.5 6309 6003 6309 6003 0 0 0 0 0 0 0 0 
0 0 0 0 0 0 1.44136 2.18045 1.44136 2.18045 19 24 19 24 0 0 0 0 0 0 0 0 
0 0 0 0 0 0 205.714 193.272 206.8 194.51 1744 1675 1754 1688 0 0 0 0 0 0 0 0 
0 0 0 0 0 0 545.23 521.053 548.282 522.827 3672 3584 3692 3596 0 0 0 0 0 0 0 0 
0 0 0 0 0 0 688.839 652.685 692.189 655.64 3910 3776 3931 3795 0 0 0 0 0 0 0 0 
0 0 0 0 0 0 670.79 634.318 673.962 636.208 3592 3389 3610 3399 0 0 0 0 0 0 0 0 
0 0 0 0 0 0 609.39 595.056 611.597 596.745 3214 3236 3227 3245 0 0 0 0 0 0 0 0 
0 0 0 0 0 0 653.06 628.291 654.198 628.968 3521 3371 3528 3377 0 0 0 0 0 0 0 0 
0 0 0 0 0 0 753.84 778.812 754.579 778.812 4007 4114 4012 4114 0 0 0 0 0 0 0 0 
0 0 0 0 0 0 933.875 991.804 933.982 991.804 5079 5256 5080 5256 0 0 0 0 0 0 0 0 
0 0 0 0 0 0 1265.98 1264.38 1266.36 1264.38 6784 6665 6785 6665 0 0 0 0 0 0 0 0 
0 0 0 0 0 0 1641.67 1609.36 1641.87 1609.43 8834 8621 8835 8622 0 0 0 0 0 0 0 0 
0 0 0 0 0 0 4461.13 4381.4 4461.41 4381.4 23758 23375 23760 23375 0 0 0 0 0 0 0 0 
0 0 0 0 0 0 699.734 733.389 703.44 735.766 18687 18688 18778 18756 0 0 0 0 0 0 0 0 
0 0 0 0 0 0 807.899 800.96 812.501 804.163 18000 17795 18098 17876 0 0 0 0 0 0 0 0 
0 0 0 0 0 0 644.817 641.541 647.428 643.978 14169 14111 14233 14163 0 0 0 0 0 0 0 0 
0 0 0 0 0 0 514.673 509.503 516.438 511.826 11303 11142 11350 11196 0 0 0 0 0 0 0 0 
0 0 0 0 0 0 423.755 417.166 425.505 418.538 9278 9187 9323 9214 0 0 0 0 0 0 0 0 
0 0 0 0 0 0 385.725 381.124 386.757 381.695 8379 8238 8404 8256 0 0 0 0 0 0 0 0 
0 0 0 0 0 0 382.586 380.841 383.403 381.159 7879 7815 7890 7822 0 0 0 0 0 0 0 0 
0 0 0 0 0 0 388.459 394.8 388.52 394.8 7026 7163 7028 7163 0 0 0 0 0 0 0 0 
0 0 0 0 0 0 421.734 418.388 421.962 418.871 6784 6853 6788 6858 0 0 0 0 0 0 0 0 
0 0 0 0 0 0 423.355 434.626 423.458 434.626 6085 6255 6086 6255 0 0 0 0 0 0 0 0 
0 0 0 0 0 0 411.66 400.359 411.66 400.426 5288 5162 5288 5164 0 0 0 0 0 0 0 0 
0 0 0 0 0 0 432.465 415.237 432.465 415.237 4933 4665 4933 4665 0 0 0 0 0 0 0 0 
0 0 0 0 0 0 257.886 254.37 259.293 255.409 21882 21655 21989 21742 0 0 0 0 0 0 0 0 
0 0 0 0 0 0 201.589 201.863 202.568 202.688 17254 17108 17330 17166 0 0 0 0 0 0 0 0 
0 0 0 0 0 0 162.74 160.458 163.585 161.164 13783 13821 13854 13885 0 0 0 0 0 0 0 0 
0 0 0 0 0 0 116.62 113.105 117.172 113.546 9504 9128 9544 9166 0 0 0 0 0 0 0 0 
0 0 0 0 0 0 68.243 66.6905 68.6644 67.0764 4491 4386 4517 4409 0 0 0 0 0 0 0 0 
0 0 0 0 0 0 23.8776 23.9498 24.0038 24.0204 1351 1321 1359 1325 0 0 0 0 0 0 0 0 
0 0 0 0 0 0 2.04217 2.12609 2.04217 2.12609 103 100 103 100 0 0 0 0 0 0 0 0 
0 0 0 0 0 0 0 0 0 0 0 0 0 0 0 0 0 0 0 0 0 0 
0 0 0 0 0 0 0 0 0 0 0 0 0 0 0 0 0 0 0 0 0 0 
0 0 0 0 0 0 0 0 0 0 0 0 0 0 0 0 0 0 0 0 0 0 
0 0 0 0 0 0 0 0 0 0 0 0 0 0 0 0 0 0 0 0 0 0 
0 0 0 0 0 0 0 0 0 0 0 0 0 0 0 0 0 0 0 0 0 0 
0 0 0 0 0 0 0 0 0 0 0 0 0 0 0 0 0 0 0 0 0 0 
0 0 0 0 0 0 0 0 0 0 0 0 0 0 0 0 0 0 0 0 0 0 
0 0 0 0 0 0 0 0 0 0 0 0 0 0 0 0 0 0 0 0 0 0 
0 0 0 0 0 0 0 0 0 0 0 0 0 0 0 0 0 0 0 0 0 0 
0 0 0 0 0 0 0 0 0 0 0 0 0 0 0 0 0 0 0 0 0 0 
0 0 0 0 0 0 0 0 0 0 0 0 0 0 0 0 0 0 0 0 0 0 
0 0 0 0 0 0 0 0 0 0 0 0 0 0 0 0 0 0 0 0 0 0 
0 0 0 0 0 0 0 0 0 0 0 0 0 0 0 0 0 0 0 0 0 0 
0 0 0 0 0 0 0 0 0 0 0 0 0 0 0 0 0 0 0 0 0 0 
0 0 0 0 0 0 0 0 0 0 0 0 0 0 0 0 0 0 0 0 0 0 
0 0 0 0 0 0 0 0 0 0 0 0 0 0 0 0 0 0 0 0 0 0 
0 0 0 0 0 0 0 0 0 0 0 0 0 0 0 0 0 0 0 0 0 0 
