0 0 0 0 0 0 0 0 0 
0 0 0 0 0 0 0 0 0 
0 0 0 0 0 0 0 0 0 
0 0 0 0 0 0 0 0 0 
0 0 0 0 0 0 0 0 0 
0 0 0 0 0 0 0 0 0 
0 0 0 0 0 0 0 0 0 
0 0 0 0 0 0 0 0 0 
0 0 0 0 0 0 0 0 0 
0 0 0 0 0 0 0 0 0 
0 0 0 0 0 0 0 0 0 
0 0 0 0 0 0 0 0 0 
0 0 0 0 0 0 0 0 0 
0 0 0 0 0 0 0 0 0 
0 0 0 0 0 0 0 0 0 
0 0 0 0 0 0 0 0 0 
0 0 0 0 0 0 0 0 0 
0 0 0 0 0 0 0 0 0 
0 0 0 0 0 0 0 0 0 
0 0 0 0 0 0 0 0 0 
0 0 0 0 0 0 0 0 0 
0 0 0 0 0 0 0 0 0 
0 0 0 0 0 0 0 0 0 
0 0 0 0 0 0 0 0 0 
0 0 0 0 0 0 0 0 0 
0 0 0 0 0 0 0 0 0 
0 0 0 0 0 0 0 0 0 
0 0 0 0 0 0 0 0 0 
0 0 0 0 0 0 0 0 0 
0 0 0 0 0 0 0 0 0 
0 0 0 0 0 0 0 0 0 
0 0 0 0 0 0 0 0 0 
0 0 0 0 0 0 0 0 0 
0 0 0 0 0 0 0 0 0 
0 0 0 0 0 0 0 0 0 
0 0 0 0 0 0 0 0 0 
26 27 28 24 15 10 4 0 1 
10 13 15 10 10 7 3 2 1 
9 7 6 2 4 6 5 2 0 
9 2 2 1 3 4 1 1 1 
6 3 5 3 1 1 0 1 0 
2 1 1 0 1 0 0 0 0 
2 1 1 1 0 0 2 1 1 
0 0 0 1 0 1 0 0 0 
1 0 0 0 0 0 0 0 0 
0 0 0 0 0 0 0 0 0 
0 0 0 0 0 0 0 0 0 
0 0 0 0 0 0 0 0 0 
52 41 37 33 25 22 11 2 6 
18 26 9 14 7 20 8 6 0 
11 9 9 12 12 4 2 1 2 
9 3 8 7 5 2 2 0 0 
1 4 0 2 4 1 1 0 2 
0 0 0 0 0 0 0 0 0 
0 0 0 0 0 0 0 0 0 
0 0 0 0 0 0 0 0 0 
0 0 0 0 0 0 0 0 0 
0 0 0 0 0 0 0 0 0 
0 0 0 0 0 0 0 0 0 
0 0 0 0 0 0 0 0 0 
0 0 0 0 0 0 0 0 0 
0 0 0 0 0 0 0 0 0 
0 0 0 0 0 0 0 0 0 
0 0 0 0 0 0 0 0 0 
0 0 0 0 0 0 0 0 0 
0 0 0 0 0 0 0 0 0 
0 0 0 0 0 0 0 0 0 
0 0 0 0 0 0 0 0 0 
0 0 0 0 0 0 0 0 0 
0 0 0 0 0 0 0 0 0 
0 0 0 0 0 0 0 0 0 
0 0 0 0 0 0 0 0 0 
0 0 0 0 0 0 0 0 0 
0 0 0 0 0 0 0 0 0 
0 0 0 0 0 0 0 0 0 
0 0 0 0 0 0 0 0 0 
0 0 0 0 0 0 0 0 0 
0 0 0 0 0 0 0 0 0 
0 0 0 0 0 0 0 0 0 
0 0 0 0 0 0 0 0 0 
0 0 0 0 0 0 0 0 0 
0 0 0 0 0 0 0 0 0 
0 0 0 0 0 0 0 0 0 
0 0 0 0 0 0 0 0 0 
0 0 0 0 0 0 0 0 0 
0 0 0 0 0 0 0 0 0 
0 0 0 0 0 0 0 0 0 
0 0 0 0 0 0 0 0 0 
0 1 2 0 0 2 0 0 0 
0 1 0 0 1 0 0 0 0 
0 1 0 1 1 0 1 1 1 
0 0 0 1 1 1 0 0 0 
0 0 0 2 0 0 0 0 0 
0 0 0 0 0 1 0 0 0 
0 0 0 0 0 0 0 0 0 
0 0 0 0 1 0 0 0 1 
0 0 0 0 0 0 0 0 0 
0 0 4 1 2 0 0 0 0 
20 11 10 13 13 3 3 0 0 
12 11 19 9 10 5 4 2 2 
14 6 11 8 13 4 7 2 0 
5 3 8 5 6 5 1 1 0 
4 1 3 4 3 3 3 3 0 
4 0 1 2 3 2 1 1 1 
2 1 0 1 1 0 2 0 1 
5 0 1 1 3 0 3 1 0 
1 1 2 0 0 0 1 0 0 
2 0 0 0 0 1 1 0 1 
79 74 56 43 25 13 5 2 0 
72 65 72 50 39 28 18 10 3 
44 30 34 28 21 34 15 4 2 
20 14 23 23 25 13 11 6 2 
7 7 9 11 11 12 7 2 2 
5 6 5 6 9 5 9 3 5 
7 2 5 2 3 5 6 1 0 
3 1 1 4 2 0 5 0 0 
1 3 1 2 1 2 2 0 0 
1 0 1 0 1 1 0 0 1 
0 0 0 0 0 0 0 0 0 
0 0 0 0 0 0 0 0 0 
40 28 38 33 21 14 5 1 1 
22 14 21 15 11 8 4 2 1 
8 12 12 7 8 9 2 1 1 
2 5 3 5 6 4 1 0 0 
1 0 1 5 2 3 0 0 0 
0 1 1 0 0 0 0 0 0 
0 0 0 0 0 0 0 0 0 
0 0 0 0 0 0 0 0 0 
0 0 0 0 0 0 0 0 0 
0 0 0 0 0 0 0 0 0 
0 0 0 0 0 0 0 0 0 
0 0 0 0 0 0 0 0 0 
0 0 0 0 0 0 0 0 0 
0 0 0 0 0 0 0 0 0 
0 0 0 0 0 0 0 0 0 
0 0 0 0 0 0 0 0 0 
0 0 0 0 0 0 0 0 0 
0 0 0 0 0 0 0 0 0 
0 0 0 0 0 0 0 0 0 
0 0 0 0 0 0 0 0 0 
0 0 0 0 0 0 0 0 0 
0 0 0 0 0 0 0 0 0 
0 0 0 0 0 0 0 0 0 
0 0 0 0 0 0 0 0 0 
0 0 0 0 0 0 0 0 0 
0 0 0 0 0 0 0 0 0 
0 0 0 0 0 0 0 0 0 
0 0 0 0 0 0 0 0 0 
0 0 0 0 0 0 0 0 0 
0 0 0 0 0 0 0 0 0 
0 0 0 0 0 0 0 0 0 
0 0 1 2 0 0 0 0 0 
0 0 0 0 2 1 0 0 0 
0 0 0 0 1 0 0 2 0 
0 0 0 0 1 0 0 0 0 
0 0 1 0 2 0 0 0 0 
0 0 0 0 0 0 0 0 0 
0 0 0 0 0 0 0 0 0 
0 0 0 0 0 0 0 0 0 
0 0 0 0 0 0 0 0 0 
1 1 1 2 4 2 0 0 1 
3 1 3 2 4 2 1 1 0 
2 1 1 5 2 1 2 1 0 
2 0 1 2 2 4 2 1 0 
1 0 1 3 2 1 0 2 1 
0 0 1 0 0 0 0 0 0 
0 0 0 0 0 0 0 1 0 
0 0 0 0 1 3 2 1 0 
0 0 0 0 0 0 0 0 0 
1 0 0 1 0 0 0 0 0 
8 4 10 9 6 5 3 1 2 
7 3 15 3 10 10 6 1 1 
7 3 9 8 13 6 6 1 1 
4 4 4 4 6 3 1 3 1 
4 1 2 3 3 0 2 3 0 
3 0 2 1 1 2 1 1 1 
5 2 0 3 4 0 0 2 2 
0 0 1 0 1 1 0 0 0 
0 0 0 0 0 1 0 0 0 
1 0 0 0 0 3 1 0 1 
31 17 22 14 12 7 1 1 1 
25 25 33 25 19 12 6 3 0 
9 18 16 13 12 8 4 1 2 
4 1 12 7 7 4 4 2 1 
4 1 1 10 5 2 1 1 3 
4 1 3 2 3 3 3 0 2 
1 1 2 2 1 1 2 1 0 
1 0 0 0 0 0 3 0 0 
0 0 1 0 1 0 1 0 1 
0 0 1 0 0 0 1 0 1 
0 0 0 0 0 0 0 0 0 
0 0 0 0 0 0 0 0 0 
10 16 18 8 9 5 1 1 1 
2 7 9 5 5 3 1 2 0 
2 0 4 2 7 3 1 1 1 
1 0 0 1 2 0 2 0 0 
0 0 1 1 1 0 0 0 0 
0 0 1 0 0 0 0 0 0 
0 0 0 0 0 0 0 0 0 
0 0 0 0 0 0 0 0 0 
0 0 0 0 0 0 0 0 0 
0 0 0 0 0 0 0 0 0 
0 0 0 0 0 0 0 0 0 
0 0 0 0 0 0 0 0 0 
0 0 0 0 0 0 0 0 0 
0 0 0 0 0 0 0 0 0 
0 0 0 0 0 0 0 0 0 
0 0 0 0 0 0 0 0 0 
0 0 0 0 0 0 0 0 0 
0 0 0 0 0 0 0 0 0 
0 0 0 0 0 0 0 0 0 
0 0 0 0 0 0 0 0 0 
0 0 0 0 0 0 0 0 0 
0 0 0 0 0 0 0 0 0 
0 0 0 0 0 0 0 0 0 
0 0 0 0 0 0 0 0 0 
0 0 0 0 0 0 0 0 0 
0 0 0 0 0 0 0 0 0 
0 0 0 0 0 0 0 0 0 
0 0 0 0 0 0 0 0 0 
0 0 0 0 0 0 0 0 0 
0 0 0 0 0 0 0 0 0 
0 0 0 0 0 0 0 0 0 
0 0 0 1 0 1 0 0 0 
0 1 0 1 1 0 1 0 0 
2 0 0 1 2 1 0 0 0 
0 0 0 1 0 1 1 0 0 
0 0 0 0 0 1 0 0 0 
0 0 0 0 0 0 0 0 0 
0 0 0 0 0 0 0 0 0 
0 0 0 0 0 0 0 0 0 
0 0 0 0 0 0 0 0 0 
0 1 0 0 1 0 1 0 0 
0 1 1 1 3 1 0 0 0 
1 1 1 2 4 1 0 0 0 
1 2 1 4 4 3 0 1 0 
2 0 0 0 0 1 1 0 0 
0 0 2 1 0 0 2 2 1 
0 0 0 1 0 2 0 0 0 
0 0 0 0 0 0 0 0 0 
0 0 0 0 0 0 0 0 0 
0 0 0 0 0 0 0 0 0 
4 0 5 4 3 3 0 2 0 
2 4 5 2 5 0 4 2 0 
8 1 3 6 4 2 3 1 0 
3 0 2 0 5 3 1 1 0 
2 0 1 2 2 1 0 1 1 
2 0 3 1 0 2 2 2 0 
1 1 0 0 0 0 1 1 0 
0 0 1 0 0 0 1 0 0 
1 0 0 0 0 0 1 0 0 
0 0 0 1 0 0 0 0 2 
8 15 13 10 2 4 0 1 0 
11 8 12 14 12 8 4 0 0 
6 6 6 8 8 6 2 1 1 
2 1 3 2 5 1 2 1 0 
0 0 1 3 4 4 4 3 0 
0 0 0 1 2 1 2 0 0 
0 0 1 0 3 3 1 0 0 
1 0 0 2 1 2 0 0 0 
0 0 0 0 0 1 0 0 0 
0 0 0 0 1 0 0 0 0 
0 0 0 0 0 0 0 0 0 
0 0 0 0 0 0 0 0 0 
4 4 6 8 4 3 4 0 0 
1 1 4 3 5 4 1 3 0 
0 2 1 4 1 1 1 0 1 
1 0 1 0 1 0 1 1 0 
0 0 0 0 0 0 0 0 0 
0 0 0 0 0 0 0 0 0 
0 0 0 0 0 0 0 0 0 
0 0 0 0 0 0 0 0 0 
0 0 0 0 0 0 0 0 0 
0 0 0 0 0 0 0 0 0 
0 0 0 0 0 0 0 0 0 
0 0 0 0 0 0 0 0 0 
0 0 0 0 0 0 0 0 0 
0 0 0 0 0 0 0 0 0 
0 0 0 0 0 0 0 0 0 
0 0 0 0 0 0 0 0 0 
0 0 0 0 0 0 0 0 0 
0 0 0 0 0 0 0 0 0 
0 0 0 0 0 0 0 0 0 
0 0 0 0 0 0 0 0 0 
0 0 0 0 0 0 0 0 0 
0 0 0 0 0 0 0 0 0 
0 0 0 0 0 0 0 0 0 
0 0 0 0 0 0 0 0 0 
0 0 0 0 0 0 0 0 0 
0 0 0 0 0 0 0 0 0 
0 0 0 0 0 0 0 0 0 
0 0 0 0 0 0 0 0 0 
0 0 0 0 0 0 0 0 0 
0 0 0 0 0 0 0 0 0 
0 0 0 0 0 0 0 0 0 
0 0 1 0 0 1 0 0 0 
0 1 0 0 0 1 0 0 2 
0 0 1 0 1 0 0 0 0 
0 0 0 0 0 2 0 1 0 
0 0 0 0 0 0 2 1 1 
0 0 0 0 0 0 0 0 0 
0 0 0 0 0 0 0 0 0 
0 0 0 0 0 0 0 0 0 
0 0 0 0 0 0 0 0 0 
1 2 2 0 0 0 0 0 0 
1 1 1 3 4 0 1 0 0 
1 0 2 1 1 6 2 0 0 
3 0 0 1 1 0 2 0 0 
0 0 0 1 0 0 2 0 1 
1 0 0 0 1 1 0 0 0 
0 0 0 0 0 1 0 0 0 
0 0 0 0 0 0 1 0 0 
0 0 0 0 0 0 0 0 0 
0 0 0 1 0 0 0 0 0 
0 2 5 7 8 3 0 2 0 
8 2 5 5 5 5 1 0 0 
1 1 0 1 5 7 4 1 0 
2 0 2 2 0 2 1 1 0 
1 1 0 1 1 2 1 2 0 
2 0 1 1 0 2 1 1 1 
1 0 0 0 1 1 2 1 2 
0 1 0 0 0 1 0 0 0 
0 0 0 0 0 0 0 0 0 
0 0 0 0 0 0 0 1 2 
4 6 9 6 7 4 1 1 0 
4 8 16 20 9 14 2 0 2 
1 7 4 6 6 11 5 1 1 
1 0 1 4 3 4 2 1 0 
1 0 2 0 3 3 2 2 1 
1 0 0 0 1 4 5 1 1 
0 0 0 0 0 0 2 2 0 
0 0 0 0 0 0 0 0 0 
0 0 0 0 0 0 0 0 0 
0 0 0 0 0 0 0 0 0 
0 0 0 0 0 0 0 0 0 
0 0 0 0 0 0 0 0 0 
8 2 16 8 6 6 1 0 0 
3 0 1 6 7 2 4 1 1 
0 0 1 2 2 2 3 0 1 
0 0 0 0 2 2 2 0 0 
0 0 0 0 0 0 0 0 0 
0 0 0 0 0 0 0 0 0 
0 0 0 0 0 0 0 0 0 
0 0 0 0 0 0 0 0 0 
0 0 0 0 0 0 0 0 0 
0 0 0 0 0 0 0 0 0 
0 0 0 0 0 0 0 0 0 
0 0 0 0 0 0 0 0 0 
0 0 0 0 0 0 0 0 0 
0 0 0 0 0 0 0 0 0 
0 0 0 0 0 0 0 0 0 
0 0 0 0 0 0 0 0 0 
0 0 0 0 0 0 0 0 0 
0 0 0 0 0 0 0 0 0 
0 0 0 0 0 0 0 0 0 
0 0 0 0 0 0 0 0 0 
0 0 0 0 0 0 0 0 0 
0 0 0 0 0 0 0 0 0 
0 0 0 0 0 0 0 0 0 
0 0 0 0 0 0 0 0 0 
0 0 0 0 0 0 0 0 0 
0 0 0 0 0 0 0 0 0 
0 0 0 0 0 0 0 0 0 
0 0 0 0 0 0 0 0 0 
0 0 0 0 0 0 0 0 0 
0 0 0 0 0 0 0 0 0 
0 0 0 0 0 0 0 0 0 
0 0 0 0 0 0 0 0 0 
0 0 0 0 0 1 0 1 0 
0 0 0 0 1 1 1 0 0 
0 0 0 0 0 0 1 0 0 
0 0 0 0 0 0 0 0 0 
0 0 0 0 0 0 0 0 0 
0 0 0 0 0 0 0 0 0 
0 0 0 0 0 0 0 0 0 
0 0 0 0 0 0 0 0 0 
0 0 0 0 0 0 0 0 0 
2 2 0 0 6 1 0 0 0 
1 0 0 1 0 1 0 2 1 
1 0 0 0 1 1 0 0 1 
1 0 0 0 1 1 1 0 0 
0 0 0 0 0 0 0 0 0 
0 0 0 1 0 1 0 0 0 
0 0 0 0 0 0 0 0 0 
0 0 0 0 0 0 0 0 0 
0 0 0 0 0 0 0 0 0 
1 1 2 4 2 5 4 1 0 
3 1 1 2 2 7 4 1 1 
0 2 0 3 5 4 4 1 1 
2 1 0 1 0 1 0 1 1 
0 0 0 1 0 0 5 0 0 
1 1 0 0 0 1 2 0 0 
1 0 0 0 0 0 0 1 0 
0 0 0 0 0 0 0 0 0 
0 0 0 0 0 0 0 0 0 
0 0 0 0 0 0 0 0 0 
5 9 9 12 15 4 2 3 0 
3 5 5 6 15 9 5 1 2 
2 0 4 6 3 9 17 0 0 
0 0 0 3 1 5 4 1 1 
0 0 0 0 2 3 4 6 3 
1 0 0 0 1 1 1 2 1 
0 0 0 0 0 2 1 0 2 
0 0 0 0 0 0 0 0 1 
0 0 0 0 0 0 0 0 0 
0 0 0 0 0 0 0 0 0 
0 0 0 0 0 0 0 0 0 
0 0 0 0 0 0 0 0 0 
4 2 5 17 8 7 4 2 1 
1 2 0 1 4 6 0 2 0 
0 0 0 0 3 2 5 1 1 
0 0 0 0 1 1 3 0 1 
0 0 0 0 0 1 0 0 0 
0 0 0 0 0 0 0 0 0 
0 0 0 0 0 0 0 0 0 
0 0 0 0 0 0 0 0 0 
0 0 0 0 0 0 0 0 0 
0 0 0 0 0 0 0 0 0 
0 0 0 0 0 0 0 0 0 
0 0 0 0 0 0 0 0 0 
0 0 0 0 0 0 0 0 0 
0 0 0 0 0 0 0 0 0 
0 0 0 0 0 0 0 0 0 
0 0 0 0 0 0 0 0 0 
0 0 0 0 0 0 0 0 0 
0 0 0 0 0 0 0 0 0 
0 0 0 0 0 0 0 0 0 
0 0 0 0 0 0 0 0 0 
0 0 0 0 0 0 0 0 0 
0 0 0 0 0 0 0 0 0 
0 0 0 0 0 0 0 0 0 
0 0 0 0 0 0 0 0 0 
0 0 0 0 0 0 0 0 0 
0 0 0 0 0 0 0 0 0 
0 0 0 0 0 0 0 0 0 
0 0 0 0 0 0 0 0 0 
0 0 0 0 0 0 0 0 0 
0 0 0 0 0 0 0 0 0 
0 0 0 0 0 0 0 0 0 
0 0 0 0 0 0 0 0 0 
0 0 0 0 0 0 0 0 0 
0 0 0 0 0 0 0 0 0 
1 0 0 0 0 0 0 0 0 
1 0 0 0 0 0 0 0 0 
0 0 0 0 0 0 0 0 0 
0 0 0 0 0 0 0 0 0 
0 0 0 0 0 0 0 0 0 
0 0 0 0 0 0 0 0 0 
0 0 0 0 0 0 0 0 0 
0 0 0 0 0 0 1 0 0 
0 0 0 0 0 0 0 1 0 
0 0 1 0 0 0 0 0 0 
1 0 0 0 0 0 0 0 0 
0 0 0 0 0 0 0 0 0 
0 0 0 0 0 0 0 0 0 
0 0 0 0 0 0 0 0 0 
0 0 0 0 0 0 0 0 0 
0 0 0 0 0 0 0 0 0 
0 1 0 1 1 3 1 0 0 
0 0 0 1 2 0 1 3 1 
0 0 0 0 0 0 0 1 1 
0 0 0 0 0 0 0 1 0 
0 0 0 0 0 0 0 0 0 
0 0 0 0 0 0 0 0 0 
0 0 0 0 0 0 0 0 0 
0 0 0 0 0 0 0 0 0 
0 0 0 0 0 0 0 0 0 
0 0 0 0 0 0 0 0 0 
0 1 2 5 5 2 2 1 0 
2 1 5 6 7 7 5 2 2 
1 0 1 0 4 3 2 1 1 
0 0 0 0 1 0 3 2 0 
0 0 0 1 0 0 2 1 0 
0 0 0 0 0 1 0 0 2 
1 0 0 0 0 0 1 1 1 
0 0 0 0 0 0 0 0 0 
0 0 0 0 0 0 0 0 0 
0 0 0 0 0 0 0 0 0 
0 0 0 0 0 0 0 0 0 
0 0 0 0 0 0 0 0 0 
0 0 0 2 6 3 5 2 0 
0 0 1 0 2 1 4 2 0 
0 0 0 0 1 3 3 3 0 
0 0 1 0 0 0 1 0 1 
0 0 0 0 0 0 0 0 0 
0 0 0 0 0 0 0 0 0 
0 0 0 0 0 0 0 0 0 
0 0 0 0 0 0 0 0 0 
0 0 0 0 0 0 0 0 0 
0 0 0 0 0 0 0 0 0 
0 0 0 0 0 0 0 0 0 
0 0 0 0 0 0 0 0 0 
0 0 0 0 0 0 0 0 0 
0 0 0 0 0 0 0 0 0 
0 0 0 0 0 0 0 0 0 
0 0 0 0 0 0 0 0 0 
0 0 0 0 0 0 0 0 0 
0 0 0 0 0 0 0 0 0 
0 0 0 0 0 0 0 0 0 
0 0 0 0 0 0 0 0 0 
0 0 0 0 0 0 0 0 0 
0 0 0 0 0 0 0 0 0 
0 0 0 0 0 0 0 0 0 
0 0 0 0 0 0 0 0 0 
0 0 0 0 0 0 0 0 0 
0 0 0 0 0 0 0 0 0 
0 0 0 0 0 0 0 0 0 
0 0 0 0 0 0 0 0 0 
0 0 0 0 0 0 0 0 0 
0 0 0 0 0 0 0 0 0 
0 0 0 0 0 0 0 0 0 
0 0 0 0 0 0 0 0 0 
0 0 0 0 0 0 0 0 0 
0 0 0 0 0 0 0 0 0 
0 0 0 0 0 0 0 0 0 
0 0 0 0 0 0 0 0 0 
0 0 0 0 0 0 0 0 0 
0 0 0 0 0 0 0 0 0 
0 0 0 0 0 0 0 0 0 
0 0 0 0 0 0 0 0 0 
0 0 0 0 0 0 0 0 0 
0 0 0 0 0 0 0 0 0 
0 0 0 0 0 0 0 1 0 
0 0 0 0 0 0 0 0 0 
0 0 0 0 0 0 0 0 0 
0 0 0 0 0 0 0 0 0 
0 0 0 0 0 0 0 0 0 
0 0 0 0 0 0 0 0 0 
0 0 0 0 0 0 0 0 0 
0 0 0 0 0 0 0 1 0 
0 0 0 0 0 0 0 0 1 
1 0 0 0 1 1 2 0 2 
0 0 0 0 0 0 0 0 0 
0 0 0 0 0 0 0 0 0 
0 0 0 0 0 0 0 0 0 
0 0 0 0 0 0 0 1 0 
0 0 0 0 0 0 0 0 0 
0 0 0 0 0 0 0 0 0 
0 0 0 0 0 0 0 0 0 
0 0 0 0 0 0 0 0 0 
0 0 1 1 2 4 1 1 0 
0 0 1 2 3 3 2 2 0 
0 0 1 0 0 0 1 4 3 
1 0 0 0 0 0 3 0 0 
0 0 1 0 0 0 1 0 0 
0 0 0 0 0 0 0 0 0 
0 0 0 0 0 0 0 0 1 
0 0 0 0 0 0 0 0 0 
0 0 0 0 0 0 0 0 0 
0 0 0 0 0 0 0 0 0 
0 0 0 0 0 0 0 0 0 
0 0 0 0 0 0 0 0 0 
0 0 4 1 3 3 2 0 0 
0 0 0 0 0 3 0 0 0 
0 0 0 0 0 2 3 0 1 
0 0 0 0 0 0 0 0 0 
0 0 0 0 0 0 0 0 0 
0 0 0 0 0 0 0 0 0 
0 0 0 0 0 0 0 0 0 
0 0 0 0 0 0 0 0 0 
0 0 0 0 0 0 0 0 0 
0 0 0 0 0 0 0 0 0 
0 0 0 0 0 0 0 0 0 
0 0 0 0 0 0 0 0 0 
0 0 0 0 0 0 0 0 0 
0 0 0 0 0 0 0 0 0 
0 0 0 0 0 0 0 0 0 
0 0 0 0 0 0 0 0 0 
0 0 0 0 0 0 0 0 0 
0 0 0 0 0 0 0 0 0 
0 0 0 0 0 0 0 0 0 
0 0 0 0 0 0 0 0 0 
0 0 0 0 0 0 0 0 0 
0 0 0 0 0 0 0 0 0 
0 0 0 0 0 0 0 0 0 
0 0 0 0 0 0 0 0 0 
0 0 0 0 0 0 0 0 0 
0 0 0 0 0 0 0 0 0 
0 0 0 0 0 0 0 0 0 
0 0 0 0 0 0 0 0 0 
0 0 0 0 0 0 0 0 0 
0 0 0 0 0 0 0 0 0 
0 0 0 0 0 0 0 0 0 
0 0 0 0 0 0 0 0 0 
0 0 0 0 0 0 0 0 0 
0 0 0 0 0 0 0 0 0 
0 0 0 0 0 0 0 0 0 
0 0 0 0 0 0 0 0 0 
0 0 0 0 0 0 0 0 0 
0 0 0 0 0 0 0 0 0 
0 0 0 0 0 0 0 0 0 
0 0 0 0 0 0 0 0 0 
0 0 0 0 0 0 0 0 0 
0 1 0 0 0 0 0 1 2 
0 0 0 0 0 0 0 0 0 
0 0 0 0 0 0 0 0 2 
0 0 0 0 1 0 0 0 1 
0 0 0 0 0 0 0 0 0 
0 0 0 0 0 0 0 0 0 
0 0 0 0 0 0 0 0 0 
0 0 0 0 0 0 0 0 0 
0 0 0 0 0 0 0 0 0 
0 0 0 1 0 0 0 0 2 
0 0 0 1 0 0 1 0 2 
1 1 0 1 1 0 0 1 0 
0 0 0 0 0 0 0 0 0 
0 0 0 0 0 0 0 0 0 
0 0 0 0 0 0 0 0 0 
0 0 0 0 0 0 0 0 0 
0 0 0 0 0 0 0 0 0 
0 0 0 0 0 0 0 0 0 
0 0 0 0 0 0 1 0 0 
0 0 0 0 0 6 5 2 2 
1 1 1 1 3 4 6 3 7 
0 0 0 0 0 1 2 1 1 
0 0 0 0 1 0 0 4 2 
1 0 0 0 0 0 0 2 0 
0 0 0 0 0 0 0 1 0 
0 0 0 0 0 0 0 0 0 
0 0 0 0 0 0 0 0 0 
0 0 0 0 0 0 0 0 0 
0 0 0 0 0 0 0 0 0 
0 0 0 0 0 0 0 0 0 
0 0 0 0 0 0 0 0 0 
0 0 1 1 2 7 7 5 1 
0 0 0 1 0 0 0 5 4 
0 0 0 0 0 0 0 1 5 
0 0 0 0 0 0 0 1 0 
0 0 0 0 0 0 0 0 0 
0 0 0 0 0 0 0 0 0 
0 0 0 0 0 0 0 0 0 
0 0 0 0 0 0 0 0 0 
0 0 0 0 0 0 0 0 0 
0 0 0 0 0 0 0 0 0 
0 0 0 0 0 0 0 0 0 
0 0 0 0 0 0 0 0 0 
0 0 0 0 0 0 0 0 0 
0 0 0 0 0 0 0 0 0 
0 0 0 0 0 0 0 0 0 
0 0 0 0 0 0 0 0 0 
0 0 0 0 0 0 0 0 0 
0 0 0 0 0 0 0 0 0 
0 0 0 0 0 0 0 0 0 
0 0 0 0 0 0 0 0 0 
0 0 0 0 0 0 0 0 0 
0 0 0 0 0 0 0 0 0 
0 0 0 0 0 0 0 0 0 
0 0 0 0 0 0 0 0 0 
0 0 0 0 0 0 0 0 0 
0 0 0 0 0 0 0 0 0 
0 0 0 0 0 0 0 0 0 
0 0 0 0 0 0 0 0 0 
0 0 0 0 0 0 0 0 0 
0 0 0 0 0 0 0 0 0 
0 0 0 0 0 0 0 0 0 
0 0 0 0 0 0 0 0 0 
0 0 0 0 0 0 0 0 0 
0 0 0 0 0 0 0 0 0 
0 0 0 0 0 0 0 0 0 
0 0 0 0 0 0 0 0 0 
0 0 0 0 0 0 0 0 0 
0 0 0 0 0 0 0 0 0 
0 0 0 0 0 0 0 0 0 
0 0 0 0 0 0 0 0 0 
0 0 0 0 0 0 0 0 0 
0 0 0 0 0 0 0 0 0 
0 0 0 0 0 0 0 0 0 
0 0 0 0 0 0 0 0 0 
0 0 0 0 0 0 0 0 0 
0 0 0 0 0 0 0 0 0 
0 0 0 0 0 0 0 0 0 
0 0 0 0 0 0 0 0 0 
0 0 0 0 0 0 0 0 0 
0 0 0 0 0 0 0 0 0 
0 0 0 0 0 0 0 0 0 
0 0 0 0 0 0 0 0 0 
0 0 0 0 0 0 0 0 0 
0 0 0 0 0 0 0 0 0 
0 0 0 0 0 0 0 0 0 
0 0 0 0 0 0 0 0 0 
0 0 0 0 0 0 0 0 0 
0 0 0 0 0 0 0 0 0 
0 0 0 0 0 0 0 0 0 
0 0 0 0 0 0 0 0 0 
33 15 27 26 16 5 4 4 0 
20 9 19 11 5 8 3 1 0 
6 5 9 8 8 3 2 0 0 
8 1 3 3 4 4 3 0 1 
3 3 2 1 2 1 2 2 0 
4 1 1 1 2 2 0 1 0 
0 0 1 1 1 0 0 0 0 
0 0 0 0 0 0 0 1 0 
0 0 0 0 0 0 1 1 0 
0 0 0 0 0 0 1 0 0 
0 0 0 0 0 0 0 0 0 
0 0 0 0 0 0 0 0 0 
49 25 32 32 30 24 7 2 2 
24 18 16 13 15 13 7 1 1 
11 11 11 7 6 4 10 2 3 
4 5 2 1 4 4 1 0 1 
2 2 2 1 1 0 0 0 0 
0 0 0 0 0 0 0 0 0 
0 0 0 0 0 0 0 0 0 
0 0 0 0 0 0 0 0 0 
0 0 0 0 0 0 0 0 0 
0 0 0 0 0 0 0 0 0 
0 0 0 0 0 0 0 0 0 
0 0 0 0 0 0 0 0 0 
0 0 0 0 0 0 0 0 0 
0 0 0 0 0 0 0 0 0 
0 0 0 0 0 0 0 0 0 
0 0 0 0 0 0 0 0 0 
0 0 0 0 0 0 0 0 0 
0 0 0 0 0 0 0 0 0 
0 0 0 0 0 0 0 0 0 
0 0 0 0 0 0 0 0 0 
0 0 0 0 0 0 0 0 0 
0 0 0 0 0 0 0 0 0 
0 0 0 0 0 0 0 0 0 
0 0 0 0 0 0 0 0 0 
0 0 0 0 0 0 0 0 0 
0 0 0 0 0 0 0 0 0 
0 0 0 0 0 0 0 0 0 
0 0 0 0 0 0 0 0 0 
0 0 0 0 0 0 0 0 0 
0 0 0 0 0 0 0 0 0 
0 0 0 0 0 0 0 0 0 
0 0 0 0 0 0 0 0 0 
0 0 0 0 0 0 0 0 0 
0 0 0 0 0 0 0 0 0 
0 0 0 0 0 0 0 0 0 
0 0 0 0 0 0 0 0 0 
0 0 0 0 0 0 0 0 0 
0 0 0 0 0 0 0 0 0 
0 0 0 0 0 0 0 0 0 
0 0 0 0 0 0 0 0 0 
0 0 1 2 0 0 1 0 0 
0 1 1 1 0 1 0 0 1 
0 1 0 0 0 0 0 0 1 
1 0 0 0 0 0 0 0 0 
0 0 0 1 0 0 0 0 0 
0 0 0 0 0 0 0 0 0 
1 0 0 0 0 0 0 0 0 
0 0 0 0 0 1 0 0 0 
0 0 0 0 0 0 0 0 0 
3 2 0 3 0 0 0 0 0 
14 12 8 13 10 6 3 1 0 
13 7 14 4 10 5 8 3 0 
12 7 15 8 7 9 4 2 1 
9 4 4 4 6 3 2 2 0 
4 1 4 4 2 2 4 1 2 
6 1 1 1 0 2 0 3 0 
0 0 0 1 5 0 0 0 0 
2 1 1 2 1 2 2 0 0 
1 1 0 0 0 0 1 0 0 
0 0 0 0 2 1 0 0 1 
85 46 69 55 33 14 4 4 3 
68 58 63 53 51 31 17 6 0 
24 24 37 35 30 18 6 6 3 
14 16 18 22 18 11 11 0 3 
15 11 6 7 15 8 9 1 2 
15 7 11 9 8 5 5 3 1 
5 3 3 2 4 2 3 2 0 
2 1 1 2 2 2 3 1 0 
1 1 0 1 1 2 0 1 1 
0 2 0 1 1 0 0 0 0 
0 0 0 1 0 0 0 0 0 
0 0 0 0 0 0 0 0 0 
30 31 38 18 24 7 6 3 2 
10 22 15 17 7 8 9 3 2 
7 9 10 9 9 4 4 1 1 
4 1 2 3 4 2 2 1 0 
1 1 4 0 0 2 2 0 1 
0 2 0 1 0 0 0 0 0 
0 0 0 0 0 0 0 0 0 
0 0 0 0 0 0 0 0 0 
0 0 0 0 0 0 0 0 0 
0 0 0 0 0 0 0 0 0 
0 0 0 0 0 0 0 0 0 
0 0 0 0 0 0 0 0 0 
0 0 0 0 0 0 0 0 0 
0 0 0 0 0 0 0 0 0 
0 0 0 0 0 0 0 0 0 
0 0 0 0 0 0 0 0 0 
0 0 0 0 0 0 0 0 0 
0 0 0 0 0 0 0 0 0 
0 0 0 0 0 0 0 0 0 
0 0 0 0 0 0 0 0 0 
0 0 0 0 0 0 0 0 0 
0 0 0 0 0 0 0 0 0 
0 0 0 0 0 0 0 0 0 
0 0 0 0 0 0 0 0 0 
0 0 0 0 0 0 0 0 0 
0 0 0 0 0 0 0 0 0 
0 0 0 0 0 0 0 0 0 
0 0 0 0 0 0 0 0 0 
0 0 0 0 0 0 0 0 0 
0 0 0 0 0 0 0 0 0 
0 0 1 0 0 0 0 0 0 
0 0 1 1 0 0 1 0 0 
0 0 0 1 0 0 1 0 0 
0 0 0 0 1 0 0 0 0 
0 0 0 0 0 0 0 0 0 
0 0 0 0 1 0 0 0 0 
0 0 0 0 0 0 0 0 0 
0 0 0 0 0 0 0 0 0 
0 0 0 0 0 0 0 0 0 
0 0 0 0 0 0 0 0 0 
2 1 2 2 1 0 1 0 1 
3 2 5 5 2 2 4 0 0 
0 2 2 3 4 4 4 0 0 
0 0 2 2 1 2 1 0 0 
2 0 0 0 2 0 2 0 0 
1 0 0 1 1 2 1 0 0 
3 0 0 0 1 1 2 0 0 
0 0 0 0 1 3 0 0 0 
0 0 0 0 0 0 0 0 0 
1 2 1 1 1 1 0 0 0 
8 8 4 15 9 3 4 0 0 
10 5 8 9 5 6 3 0 0 
9 2 3 10 5 6 5 0 0 
9 2 0 1 6 1 1 2 0 
4 0 1 1 2 0 0 2 0 
3 1 2 4 3 1 0 0 0 
5 1 0 0 1 2 0 0 1 
0 0 0 0 0 2 0 1 0 
1 0 0 0 0 1 0 0 0 
0 0 0 0 0 1 1 0 0 
22 19 26 24 10 3 4 1 0 
29 17 26 18 17 4 7 2 0 
13 8 11 16 15 15 7 2 0 
5 2 7 8 7 8 2 1 1 
0 5 1 2 5 6 5 2 1 
1 0 3 4 5 3 1 0 1 
6 1 0 0 1 3 1 1 0 
2 1 1 0 1 3 2 0 0 
0 1 0 0 0 0 1 1 0 
0 1 1 0 1 0 1 0 0 
0 0 0 0 0 0 0 0 0 
0 0 0 0 0 0 0 0 0 
7 11 13 17 11 4 3 2 0 
3 3 4 4 4 4 3 0 0 
1 4 3 2 4 0 2 0 0 
0 1 2 2 3 3 0 0 0 
0 1 0 1 0 1 1 2 1 
0 0 0 0 0 0 0 0 0 
0 0 0 0 0 0 0 0 0 
0 0 0 0 0 0 0 0 0 
0 0 0 0 0 0 0 0 0 
0 0 0 0 0 0 0 0 0 
0 0 0 0 0 0 0 0 0 
0 0 0 0 0 0 0 0 0 
0 0 0 0 0 0 0 0 0 
0 0 0 0 0 0 0 0 0 
0 0 0 0 0 0 0 0 0 
0 0 0 0 0 0 0 0 0 
0 0 0 0 0 0 0 0 0 
0 0 0 0 0 0 0 0 0 
0 0 0 0 0 0 0 0 0 
0 0 0 0 0 0 0 0 0 
0 0 0 0 0 0 0 0 0 
0 0 0 0 0 0 0 0 0 
0 0 0 0 0 0 0 0 0 
0 0 0 0 0 0 0 0 0 
0 0 0 0 0 0 0 0 0 
0 0 0 0 0 0 0 0 0 
0 0 0 0 0 0 0 0 0 
0 0 0 0 0 0 0 0 0 
0 0 0 0 0 0 0 0 0 
0 0 0 0 0 0 0 0 0 
0 0 0 0 0 0 0 0 0 
0 0 1 1 0 1 1 0 0 
0 0 1 1 0 0 1 0 0 
0 0 0 0 2 1 1 1 0 
1 0 0 0 0 0 1 0 0 
1 0 0 1 1 1 0 0 1 
0 0 0 0 0 0 0 0 0 
0 0 0 0 0 0 0 0 0 
0 0 0 0 0 0 0 0 0 
0 0 0 0 0 0 0 0 0 
1 0 0 1 0 2 1 0 1 
0 0 1 1 0 0 0 0 0 
3 1 0 1 4 2 2 0 0 
0 0 0 0 1 3 0 0 0 
1 0 1 2 0 2 0 0 0 
2 0 0 0 0 1 0 0 0 
2 0 0 1 0 1 0 0 0 
0 0 0 0 0 0 0 1 0 
0 0 0 0 0 0 0 0 0 
1 0 0 0 0 0 0 0 0 
2 4 1 5 2 2 1 0 0 
7 2 1 7 5 7 2 1 0 
6 1 3 12 4 6 4 3 0 
3 1 0 1 3 2 5 1 0 
3 3 0 2 0 1 3 2 0 
1 1 2 0 1 1 0 0 0 
6 0 0 0 0 1 0 0 1 
2 0 0 0 1 1 2 1 0 
0 0 0 0 0 0 0 0 0 
0 0 0 0 0 0 1 0 0 
7 16 11 7 10 1 0 0 0 
8 3 15 15 9 8 2 2 0 
5 3 11 5 13 8 3 2 1 
2 1 2 4 7 1 1 2 0 
2 0 1 0 3 5 3 0 0 
0 0 0 1 5 0 1 0 0 
0 2 1 1 2 1 2 4 1 
0 0 0 2 0 0 0 1 0 
0 0 0 1 1 0 0 0 0 
0 0 0 0 0 0 1 0 0 
0 0 0 0 0 0 0 0 0 
0 0 0 0 0 0 0 0 0 
4 4 7 9 6 5 4 0 0 
1 1 4 4 4 4 1 1 1 
0 1 1 1 1 1 1 0 1 
1 0 2 1 0 1 1 0 1 
0 0 1 0 1 0 0 0 0 
0 0 0 0 0 0 0 0 0 
0 0 0 0 0 0 0 0 0 
0 0 0 0 0 0 0 0 0 
0 0 0 0 0 0 0 0 0 
0 0 0 0 0 0 0 0 0 
0 0 0 0 0 0 0 0 0 
0 0 0 0 0 0 0 0 0 
0 0 0 0 0 0 0 0 0 
0 0 0 0 0 0 0 0 0 
0 0 0 0 0 0 0 0 0 
0 0 0 0 0 0 0 0 0 
0 0 0 0 0 0 0 0 0 
0 0 0 0 0 0 0 0 0 
0 0 0 0 0 0 0 0 0 
0 0 0 0 0 0 0 0 0 
0 0 0 0 0 0 0 0 0 
0 0 0 0 0 0 0 0 0 
0 0 0 0 0 0 0 0 0 
0 0 0 0 0 0 0 0 0 
0 0 0 0 0 0 0 0 0 
0 0 0 0 0 0 0 0 0 
0 0 0 0 0 0 0 0 0 
0 0 0 0 0 0 0 0 0 
0 0 0 0 0 0 0 0 0 
0 0 0 0 0 0 0 0 0 
0 0 0 0 0 0 0 0 0 
0 0 0 0 1 0 1 1 0 
1 0 0 0 0 0 0 0 0 
2 0 0 0 0 1 1 0 0 
1 1 1 0 0 1 2 0 1 
0 0 1 0 0 1 1 1 0 
0 0 0 0 0 0 0 0 0 
0 0 0 0 0 0 0 0 0 
0 0 0 0 0 0 0 0 0 
0 0 0 0 0 0 0 0 0 
0 0 3 1 0 0 0 0 0 
0 0 0 3 4 2 1 0 0 
0 0 1 0 0 2 3 1 1 
0 1 0 1 0 4 1 1 1 
0 0 0 1 1 1 1 1 0 
1 0 0 0 0 0 1 0 1 
0 0 0 0 0 0 2 1 0 
0 0 0 0 0 0 0 0 0 
0 0 0 0 0 0 0 0 0 
0 0 0 0 0 0 0 0 0 
1 0 8 3 6 3 1 0 0 
7 2 7 2 2 5 5 1 1 
4 1 1 3 3 3 1 2 1 
2 0 1 2 2 5 2 1 0 
3 0 1 1 2 5 1 0 1 
3 0 2 0 0 1 0 1 1 
0 1 0 1 0 2 2 0 1 
0 0 0 0 0 0 2 1 0 
1 2 0 0 0 0 1 0 0 
0 0 0 1 0 0 0 0 0 
8 8 14 10 10 8 1 1 1 
5 6 9 11 12 8 1 1 1 
2 2 2 6 6 5 4 1 0 
0 1 1 4 3 7 6 1 0 
1 0 1 0 4 4 3 0 2 
1 0 1 2 2 2 2 2 1 
1 0 0 2 0 0 1 1 1 
1 1 0 0 1 0 0 1 1 
0 0 0 0 0 0 0 2 0 
1 0 0 0 1 0 1 0 0 
0 1 0 0 0 0 0 0 0 
0 0 0 0 0 0 0 0 0 
5 5 13 6 9 7 5 3 0 
0 3 2 6 2 2 1 0 1 
0 1 2 2 2 3 1 1 0 
0 0 0 0 1 3 0 1 0 
0 0 0 0 0 0 0 0 0 
0 0 0 0 0 0 0 0 0 
0 0 0 0 0 0 0 0 0 
0 0 0 0 0 0 0 0 0 
0 0 0 0 0 0 0 0 0 
0 0 0 0 0 0 0 0 0 
0 0 0 0 0 0 0 0 0 
0 0 0 0 0 0 0 0 0 
0 0 0 0 0 0 0 0 0 
0 0 0 0 0 0 0 0 0 
0 0 0 0 0 0 0 0 0 
0 0 0 0 0 0 0 0 0 
0 0 0 0 0 0 0 0 0 
0 0 0 0 0 0 0 0 0 
0 0 0 0 0 0 0 0 0 
0 0 0 0 0 0 0 0 0 
0 0 0 0 0 0 0 0 0 
0 0 0 0 0 0 0 0 0 
0 0 0 0 0 0 0 0 0 
0 0 0 0 0 0 0 0 0 
0 0 0 0 0 0 0 0 0 
0 0 0 0 0 0 0 0 0 
0 0 0 0 0 0 0 0 0 
0 0 0 0 0 0 0 0 0 
0 0 0 0 0 0 0 0 0 
0 0 0 0 0 0 0 0 0 
0 0 0 0 0 0 0 0 0 
0 0 0 0 1 0 0 1 0 
1 0 0 0 0 0 1 1 0 
0 0 0 0 0 0 1 0 0 
1 0 0 0 0 0 1 1 1 
0 0 0 0 0 0 1 2 0 
0 0 0 0 0 0 0 0 0 
0 0 0 0 0 0 0 0 0 
0 0 0 0 0 0 0 0 0 
0 0 0 0 0 0 0 0 0 
0 0 0 0 0 0 1 0 0 
1 0 0 0 0 0 2 0 0 
0 1 2 1 0 0 1 0 1 
2 0 0 0 0 0 1 0 0 
0 0 0 1 0 0 1 0 0 
0 0 0 0 0 0 1 0 0 
0 0 0 0 0 0 0 0 0 
0 0 0 0 0 0 0 0 0 
0 0 0 0 0 0 0 0 0 
0 0 0 0 0 0 1 0 0 
2 0 1 1 6 3 1 2 1 
2 1 2 0 1 5 2 1 1 
3 1 1 3 3 0 3 2 1 
1 0 0 0 4 0 4 1 1 
0 2 0 0 1 0 3 2 0 
0 1 0 0 1 0 2 0 1 
1 0 0 0 0 0 1 2 0 
0 0 0 1 0 0 0 0 0 
0 0 1 0 0 0 1 0 0 
0 0 0 0 0 0 0 0 0 
0 10 10 9 7 6 2 1 0 
3 4 6 8 10 12 6 0 3 
1 3 1 4 8 2 10 2 0 
1 2 1 1 2 4 6 1 2 
0 0 1 0 1 2 1 1 0 
0 0 1 0 0 0 0 2 1 
0 0 0 1 0 2 2 3 0 
0 0 0 0 0 0 1 0 2 
0 0 0 0 0 0 0 0 0 
0 0 0 0 0 0 0 0 0 
0 0 0 0 0 0 0 0 0 
0 0 0 0 0 0 0 0 0 
3 4 11 7 6 3 6 0 0 
0 2 0 3 7 3 2 1 1 
0 1 1 1 1 2 2 0 1 
1 0 0 1 3 2 2 2 0 
0 0 0 0 0 0 0 0 0 
0 0 0 0 0 0 0 0 0 
0 0 0 0 0 0 0 0 0 
0 0 0 0 0 0 0 0 0 
0 0 0 0 0 0 0 0 0 
0 0 0 0 0 0 0 0 0 
0 0 0 0 0 0 0 0 0 
0 0 0 0 0 0 0 0 0 
0 0 0 0 0 0 0 0 0 
0 0 0 0 0 0 0 0 0 
0 0 0 0 0 0 0 0 0 
0 0 0 0 0 0 0 0 0 
0 0 0 0 0 0 0 0 0 
0 0 0 0 0 0 0 0 0 
0 0 0 0 0 0 0 0 0 
0 0 0 0 0 0 0 0 0 
0 0 0 0 0 0 0 0 0 
0 0 0 0 0 0 0 0 0 
0 0 0 0 0 0 0 0 0 
0 0 0 0 0 0 0 0 0 
0 0 0 0 0 0 0 0 0 
0 0 0 0 0 0 0 0 0 
0 0 0 0 0 0 0 0 0 
0 0 0 0 0 0 0 0 0 
0 0 0 0 0 0 0 0 0 
0 0 0 0 0 0 0 0 0 
0 0 0 0 0 0 0 0 0 
0 0 0 0 0 0 0 0 0 
0 0 0 0 0 0 0 0 0 
0 0 0 0 0 0 0 0 2 
0 0 0 0 0 0 0 0 0 
0 0 0 0 0 0 0 0 0 
0 0 0 0 0 0 0 0 0 
0 0 0 0 0 0 0 0 0 
0 0 0 0 0 0 0 0 0 
0 0 0 0 0 0 0 0 0 
0 0 0 0 0 0 0 1 1 
1 0 0 0 0 1 0 2 2 
0 0 0 0 0 0 0 0 0 
0 0 0 0 0 1 0 0 0 
0 0 0 0 0 0 0 0 0 
0 0 0 0 0 0 0 0 0 
0 0 0 0 0 0 0 0 0 
0 0 0 0 0 0 0 0 0 
0 0 0 0 0 0 0 0 0 
0 0 0 0 0 0 0 0 0 
0 0 0 1 1 3 2 1 0 
0 0 0 0 1 1 0 1 0 
0 0 0 0 0 1 2 3 1 
1 0 0 1 0 0 1 1 2 
0 0 0 0 0 0 1 0 0 
0 0 0 0 0 0 1 0 1 
0 0 0 0 0 0 0 0 0 
0 0 0 0 0 0 0 0 0 
0 0 0 0 0 0 0 0 0 
0 0 0 0 0 0 0 0 0 
4 0 3 5 5 4 6 2 0 
0 1 1 3 3 5 3 2 1 
0 0 0 1 1 3 5 2 0 
0 0 0 0 1 1 4 3 2 
2 0 0 0 0 0 1 0 1 
1 0 0 0 1 1 1 0 0 
0 0 0 0 0 0 0 0 0 
0 0 0 0 0 0 0 0 0 
0 0 0 0 0 0 0 0 0 
0 0 0 0 0 0 0 0 0 
0 0 0 0 0 0 0 0 0 
0 0 0 0 0 0 0 0 0 
0 1 3 4 8 4 2 1 0 
0 0 0 1 0 9 3 1 0 
0 0 0 1 1 2 0 0 0 
0 0 0 0 0 1 2 1 0 
0 0 0 0 0 0 0 0 0 
0 0 0 0 0 0 0 0 0 
0 0 0 0 0 0 0 0 0 
0 0 0 0 0 0 0 0 0 
0 0 0 0 0 0 0 0 0 
0 0 0 0 0 0 0 0 0 
0 0 0 0 0 0 0 0 0 
0 0 0 0 0 0 0 0 0 
0 0 0 0 0 0 0 0 0 
0 0 0 0 0 0 0 0 0 
0 0 0 0 0 0 0 0 0 
0 0 0 0 0 0 0 0 0 
0 0 0 0 0 0 0 0 0 
0 0 0 0 0 0 0 0 0 
0 0 0 0 0 0 0 0 0 
0 0 0 0 0 0 0 0 0 
0 0 0 0 0 0 0 0 0 
0 0 0 0 0 0 0 0 0 
0 0 0 0 0 0 0 0 0 
0 0 0 0 0 0 0 0 0 
0 0 0 0 0 0 0 0 0 
0 0 0 0 0 0 0 0 0 
0 0 0 0 0 0 0 0 0 
0 0 0 0 0 0 0 0 0 
0 0 0 0 0 0 0 0 0 
0 0 0 0 0 0 0 0 0 
0 0 0 0 0 0 0 0 0 
0 0 0 0 0 0 0 0 1 
0 0 0 0 0 0 0 0 0 
0 0 0 0 0 0 0 0 0 
0 0 0 0 0 0 0 0 0 
0 0 0 0 0 0 0 0 0 
0 0 0 0 0 0 0 0 0 
0 0 0 0 0 0 0 0 0 
0 0 0 0 0 0 0 0 0 
0 0 0 0 0 0 0 0 0 
0 0 0 0 0 0 0 0 0 
0 1 0 0 0 1 0 0 0 
0 0 0 0 0 0 0 0 0 
0 0 0 0 0 0 0 0 0 
0 0 0 0 0 0 0 0 0 
0 0 0 0 0 0 0 0 1 
0 0 0 0 0 0 0 0 1 
0 0 0 0 0 0 0 0 0 
0 0 0 0 0 0 0 0 0 
0 0 0 0 0 0 0 0 0 
1 0 0 0 0 0 0 2 1 
0 1 1 0 0 1 0 0 0 
0 1 0 0 0 1 0 0 0 
0 0 0 0 0 0 0 0 0 
0 0 0 0 0 0 0 0 0 
0 0 0 0 0 0 0 0 1 
0 0 0 0 0 0 0 0 0 
0 0 0 0 0 0 0 0 0 
0 0 0 0 0 0 0 0 0 
0 0 0 0 0 0 0 0 0 
0 0 0 1 4 2 3 2 0 
0 1 0 1 2 4 4 2 0 
0 0 0 0 0 1 1 3 1 
0 0 0 0 0 0 3 1 2 
0 0 0 0 0 0 0 0 0 
0 0 0 0 0 0 0 0 0 
0 0 0 0 0 0 0 0 0 
0 0 0 0 0 0 0 0 0 
0 0 0 0 0 0 0 0 0 
0 0 0 0 0 0 0 0 0 
0 0 0 0 0 0 0 0 0 
0 0 0 0 0 0 0 0 0 
1 0 2 2 2 6 4 2 0 
0 0 0 0 3 0 4 0 2 
0 0 0 0 0 0 0 1 2 
0 0 0 0 0 0 0 0 4 
0 0 0 0 0 0 0 1 1 
0 0 0 0 0 0 0 0 0 
0 0 0 0 0 0 0 0 0 
0 0 0 0 0 0 0 0 0 
0 0 0 0 0 0 0 0 0 
0 0 0 0 0 0 0 0 0 
0 0 0 0 0 0 0 0 0 
0 0 0 0 0 0 0 0 0 
0 0 0 0 0 0 0 0 0 
0 0 0 0 0 0 0 0 0 
0 0 0 0 0 0 0 0 0 
0 0 0 0 0 0 0 0 0 
0 0 0 0 0 0 0 0 0 
0 0 0 0 0 0 0 0 0 
0 0 0 0 0 0 0 0 0 
0 0 0 0 0 0 0 0 0 
0 0 0 0 0 0 0 0 0 
0 0 0 0 0 0 0 0 0 
0 0 0 0 0 0 0 0 0 
0 0 0 0 0 0 0 0 0 
0 0 0 0 0 0 0 0 0 
0 0 0 0 0 0 0 0 0 
0 0 0 0 0 0 0 0 0 
0 0 0 0 0 0 0 0 0 
0 0 0 0 0 0 0 0 0 
0 0 0 0 0 0 0 0 0 
0 0 0 0 0 0 0 0 0 
0 0 0 0 0 0 0 0 0 
0 0 0 0 0 0 0 0 0 
0 0 0 0 0 0 0 0 1 
0 0 0 0 0 0 0 0 0 
0 0 0 0 0 0 0 0 0 
0 0 0 0 0 0 0 0 0 
0 0 0 0 0 0 0 0 0 
0 0 0 0 0 0 0 0 0 
0 0 0 0 0 0 0 0 0 
0 0 0 0 0 0 0 0 0 
0 1 0 0 0 0 0 0 0 
0 0 0 0 0 0 0 0 2 
0 0 0 0 0 0 0 0 0 
0 0 0 0 0 0 0 0 0 
0 0 0 0 0 0 0 0 0 
0 0 0 0 0 0 0 0 0 
0 0 0 0 0 0 0 0 0 
0 0 0 0 0 0 0 0 0 
0 0 0 0 0 1 0 0 0 
0 0 0 0 1 0 3 1 2 
0 0 0 0 1 0 1 1 1 
0 0 0 0 0 0 1 0 0 
0 0 0 0 0 0 0 0 0 
1 0 0 0 0 0 0 0 1 
0 0 0 0 0 0 0 0 0 
0 0 0 0 0 0 0 0 0 
0 0 0 0 0 0 0 0 0 
0 0 0 0 0 0 0 0 0 
0 0 0 0 0 0 0 0 0 
1 0 0 1 2 7 6 3 1 
0 0 0 2 3 6 5 8 4 
1 1 0 0 0 2 4 2 6 
0 0 0 0 2 0 0 4 0 
0 0 0 0 0 0 0 2 0 
0 0 0 0 1 0 0 0 0 
0 0 0 0 0 0 0 0 0 
0 0 0 0 1 0 0 0 0 
0 0 0 0 0 0 0 0 0 
0 0 0 0 0 0 0 0 0 
0 0 0 0 0 0 0 0 0 
0 0 0 0 0 0 0 0 0 
0 0 0 1 2 8 7 2 5 
0 0 0 0 0 0 4 4 3 
0 0 0 0 0 0 0 2 1 
1 0 0 0 0 0 0 1 2 
0 0 0 0 0 0 0 0 0 
0 0 0 0 0 0 0 0 0 
0 0 0 0 0 0 0 0 0 
0 0 0 0 0 0 0 0 0 
0 0 0 0 0 0 0 0 0 
0 0 0 0 0 0 0 0 0 
0 0 0 0 0 0 0 0 0 
0 0 0 0 0 0 0 0 0 
0 0 0 0 0 0 0 0 0 
0 0 0 0 0 0 0 0 0 
0 0 0 0 0 0 0 0 0 
0 0 0 0 0 0 0 0 0 
0 0 0 0 0 0 0 0 0 
0 0 0 0 0 0 0 0 0 
0 0 0 0 0 0 0 0 0 
0 0 0 0 0 0 0 0 0 
0 0 0 0 0 0 0 0 0 
0 0 0 0 0 0 0 0 0 
0 0 0 0 0 0 0 0 0 
0 0 0 0 0 0 0 0 0 
