0 0 0 0 0 0 0 0 
0 0 0 0 0 0 0 0 
0 0 0 0 0 0 0 0 
0 0 0 0 0 0 0 0 
0 0 0 0 0 0 0 0 
0 0 0 0 0 0 0 0 
0 0 0 0 0 0 0 0 
0 0 0 0 0 0 0 0 
0 0 0 0 0 0 0 0 
0 0 0 0 0 0 0 0 
0 0 0 0 0 0 0 0 
0 0 0 0 0 0 0 0 
0 0 0 0 0 0 0 0 
0 0 0 0 0 0 0 0 
0 0 0 0 0 0 0 0 
0 0 0 0 0 0 0 0 
0 0 0 0 0 0 0 0 
0 0 0 0 0 0 0 0 
0 0 0 0 0 0 0 0 
0 0 0 0 0 0 0 0 
0 0 0 0 0 0 0 0 
0 0 0 0 0 0 0 0 
0 0 0 0 0 0 0 0 
0 0 0 0 0 0 0 0 
0 0 0 0 0 0 0 0 
0 0 0 0 0 0 0 0 
0 0 0 0 0 0 0 0 
0 0 0 0 0 0 0 0 
0 0 0 0 0 0 0 0 
0 0 0 0 0 0 0 0 
0 0 0 0 0 0 0 0 
0 0 0 0 0 0 0 0 
0 0 0 0 0 0 0 0 
0 0 0 0 0 0 0 0 
0 0 0 0 0 0 0 0 
0 0 0 0 0 0 0 0 
38 41 42 17 13 4 1 1 
25 26 15 12 4 3 1 0 
15 9 8 5 5 0 0 0 
18 4 5 2 2 0 0 0 
12 6 1 0 2 0 1 0 
5 1 0 0 0 0 1 0 
4 1 4 0 0 0 0 0 
1 1 0 0 0 0 0 0 
1 0 0 0 0 0 0 0 
0 0 0 0 0 0 0 0 
0 0 0 0 0 0 0 0 
0 0 0 0 0 0 0 0 
97 74 41 27 12 6 0 0 
50 25 26 14 1 2 0 1 
27 29 5 2 4 0 0 0 
22 11 3 1 1 0 0 0 
7 6 0 2 0 0 0 0 
0 0 0 0 0 0 0 0 
0 0 0 0 0 0 0 0 
0 0 0 0 0 0 0 0 
0 0 0 0 0 0 0 0 
0 0 0 0 0 0 0 0 
0 0 0 0 0 0 0 0 
0 0 0 0 0 0 0 0 
0 0 0 0 0 0 0 0 
0 0 0 0 0 0 0 0 
0 0 0 0 0 0 0 0 
0 0 0 0 0 0 0 0 
0 0 0 0 0 0 0 0 
0 0 0 0 0 0 0 0 
0 0 0 0 0 0 0 0 
0 0 0 0 0 0 0 0 
0 0 0 0 0 0 0 0 
0 0 0 0 0 0 0 0 
0 0 0 0 0 0 0 0 
0 0 0 0 0 0 0 0 
0 0 0 0 0 0 0 0 
0 0 0 0 0 0 0 0 
0 0 0 0 0 0 0 0 
0 0 0 0 0 0 0 0 
0 0 0 0 0 0 0 0 
0 0 0 0 0 0 0 0 
0 0 0 0 0 0 0 0 
0 0 0 0 0 0 0 0 
0 0 0 0 0 0 0 0 
0 0 0 0 0 0 0 0 
0 0 0 0 0 0 0 0 
0 0 0 0 0 0 0 0 
0 0 0 0 0 0 0 0 
0 0 0 0 0 0 0 0 
0 0 0 0 0 0 0 0 
0 0 0 0 0 0 0 0 
1 1 2 0 2 0 0 0 
1 1 0 0 1 0 0 0 
1 0 2 1 0 2 1 0 
0 0 1 2 0 0 0 0 
0 0 2 0 0 0 0 0 
0 0 0 1 0 0 0 0 
0 0 0 0 0 0 0 0 
0 0 1 0 1 0 0 0 
0 0 0 0 0 0 0 0 
3 0 3 3 1 0 0 0 
22 19 13 17 10 3 1 0 
31 17 24 10 7 5 1 2 
26 16 15 12 11 2 0 0 
12 11 11 2 5 0 1 0 
12 4 8 1 6 0 0 0 
7 3 2 5 0 1 0 0 
7 2 0 2 1 1 0 0 
6 5 0 3 2 0 0 0 
4 1 1 0 0 1 0 0 
2 0 2 1 0 0 0 0 
80 106 79 38 17 8 1 0 
117 101 84 48 41 9 6 2 
67 64 42 40 11 8 2 1 
38 50 30 19 6 4 2 0 
24 23 14 10 3 0 0 1 
17 16 14 8 5 0 0 0 
17 7 8 3 2 2 0 0 
6 6 6 1 0 0 0 0 
6 4 2 0 0 0 0 0 
2 2 1 0 0 0 0 0 
0 0 0 0 0 0 0 0 
0 0 0 0 0 0 0 0 
59 67 48 15 7 1 0 0 
41 36 19 5 1 0 0 0 
33 16 10 3 1 0 0 1 
12 11 3 0 0 0 0 0 
6 6 0 0 0 1 0 1 
2 0 0 0 0 0 0 0 
0 0 0 0 0 0 0 0 
0 0 0 0 0 0 0 0 
0 0 0 0 0 0 0 0 
0 0 0 0 0 0 0 0 
0 0 0 0 0 0 0 0 
0 0 0 0 0 0 0 0 
0 0 0 0 0 0 0 0 
0 0 0 0 0 0 0 0 
0 0 0 0 0 0 0 0 
0 0 0 0 0 0 0 0 
0 0 0 0 0 0 0 0 
0 0 0 0 0 0 0 0 
0 0 0 0 0 0 0 0 
0 0 0 0 0 0 0 0 
0 0 0 0 0 0 0 0 
0 0 0 0 0 0 0 0 
0 0 0 0 0 0 0 0 
0 0 0 0 0 0 0 0 
0 0 0 0 0 0 0 0 
0 0 0 0 0 0 0 0 
0 0 0 0 0 0 0 0 
0 0 0 0 0 0 0 0 
0 0 0 0 0 0 0 0 
0 0 0 0 0 0 0 0 
0 0 0 0 0 0 0 0 
3 0 1 2 0 0 0 0 
1 0 0 0 2 1 0 0 
1 0 0 0 1 0 2 0 
0 0 0 1 0 0 0 0 
0 1 1 0 1 0 0 0 
0 0 0 0 0 0 0 0 
0 0 0 0 0 0 0 0 
0 0 0 0 0 0 0 0 
0 0 0 0 0 0 0 0 
8 1 0 5 3 1 0 1 
12 3 3 3 3 3 1 0 
13 2 1 6 3 1 1 0 
8 0 3 3 4 2 0 0 
3 1 3 2 2 1 1 0 
1 1 0 0 0 0 0 0 
1 0 0 0 1 0 0 0 
1 0 2 4 0 2 0 0 
0 0 0 0 0 0 0 0 
0 1 0 1 0 0 0 0 
11 5 13 9 10 2 1 2 
13 6 16 9 14 5 1 1 
19 6 16 16 5 4 1 1 
11 5 8 7 3 3 0 0 
7 3 4 2 4 0 0 0 
7 2 2 2 3 0 0 0 
8 2 5 1 2 1 1 0 
1 2 1 0 0 0 0 0 
0 0 1 0 0 0 0 1 
2 1 3 1 0 0 0 0 
20 41 27 17 6 1 1 1 
31 47 44 22 11 5 1 1 
19 31 22 8 6 2 3 0 
7 13 17 5 1 1 1 0 
6 10 9 0 2 2 2 0 
7 8 3 2 3 1 0 0 
4 4 3 0 1 1 0 0 
1 0 3 0 0 0 0 0 
1 1 1 1 0 0 0 0 
1 0 2 1 0 0 0 0 
0 0 0 0 0 0 0 0 
0 0 0 0 0 0 0 0 
22 33 11 6 2 2 0 0 
7 19 6 2 2 1 0 0 
6 10 3 2 1 0 0 0 
2 2 2 0 0 0 0 0 
2 1 0 0 1 0 0 0 
1 0 0 0 0 0 0 0 
0 0 0 0 0 0 0 0 
0 0 0 0 0 0 0 0 
0 0 0 0 0 0 0 0 
0 0 0 0 0 0 0 0 
0 0 0 0 0 0 0 0 
0 0 0 0 0 0 0 0 
0 0 0 0 0 0 0 0 
0 0 0 0 0 0 0 0 
0 0 0 0 0 0 0 0 
0 0 0 0 0 0 0 0 
0 0 0 0 0 0 0 0 
0 0 0 0 0 0 0 0 
0 0 0 0 0 0 0 0 
0 0 0 0 0 0 0 0 
0 0 0 0 0 0 0 0 
0 0 0 0 0 0 0 0 
0 0 0 0 0 0 0 0 
0 0 0 0 0 0 0 0 
0 0 0 0 0 0 0 0 
0 0 0 0 0 0 0 0 
0 0 0 0 0 0 0 0 
0 0 0 0 0 0 0 0 
0 0 0 0 0 0 0 0 
0 0 0 0 0 0 0 0 
0 0 0 0 0 0 0 0 
2 0 0 1 0 1 0 0 
3 1 0 1 1 1 0 0 
4 1 0 2 1 1 0 0 
0 0 1 0 2 0 0 0 
0 0 0 0 1 0 0 0 
0 0 0 0 0 0 0 0 
0 0 0 0 0 0 0 0 
0 0 0 0 0 0 0 0 
0 0 0 0 0 0 0 0 
2 0 1 0 1 1 0 0 
2 1 1 2 3 0 0 0 
3 1 2 3 4 0 0 0 
3 2 4 5 3 1 0 0 
3 1 0 0 2 0 0 0 
2 0 3 0 2 2 1 0 
0 0 1 2 0 0 0 0 
0 0 0 0 0 0 0 0 
0 0 0 0 0 0 0 0 
0 0 0 0 0 0 0 0 
5 1 4 6 4 2 1 0 
6 4 6 3 4 4 1 1 
10 4 7 7 3 1 0 0 
5 2 3 5 2 1 0 0 
4 1 4 1 1 0 1 1 
3 4 1 3 2 0 0 0 
1 1 0 1 1 1 0 0 
0 1 0 1 0 0 0 0 
1 0 0 1 0 1 0 0 
0 1 0 1 2 1 0 0 
5 19 19 8 3 0 0 1 
9 17 24 13 9 1 0 0 
8 11 18 6 3 2 0 0 
4 4 6 2 2 0 0 1 
1 5 6 6 3 1 0 0 
0 2 4 0 0 0 0 0 
0 5 3 0 0 1 0 0 
1 5 0 0 0 0 0 0 
0 0 1 0 0 0 0 0 
0 1 0 0 0 0 1 0 
0 0 0 0 0 0 0 0 
0 0 0 0 0 0 0 0 
6 11 11 4 2 0 0 0 
3 8 6 4 2 0 0 0 
3 5 2 1 0 0 0 0 
3 1 2 0 0 0 0 0 
0 0 0 0 0 0 0 0 
0 0 0 0 0 0 0 0 
0 0 0 0 0 0 0 0 
0 0 0 0 0 0 0 0 
0 0 0 0 0 0 0 0 
0 0 0 0 0 0 0 0 
0 0 0 0 0 0 0 0 
0 0 0 0 0 0 0 0 
0 0 0 0 0 0 0 0 
0 0 0 0 0 0 0 0 
0 0 0 0 0 0 0 0 
0 0 0 0 0 0 0 0 
0 0 0 0 0 0 0 0 
0 0 0 0 0 0 0 0 
0 0 0 0 0 0 0 0 
0 0 0 0 0 0 0 0 
0 0 0 0 0 0 0 0 
0 0 0 0 0 0 0 0 
0 0 0 0 0 0 0 0 
0 0 0 0 0 0 0 0 
0 0 0 0 0 0 0 0 
0 0 0 0 0 0 0 0 
0 0 0 0 0 0 0 0 
0 0 0 0 0 0 0 0 
0 0 0 0 0 0 0 0 
0 0 0 0 0 0 0 0 
0 0 0 0 0 0 0 0 
1 0 1 0 0 1 0 1 
0 1 0 0 0 1 0 2 
0 0 1 1 0 0 0 0 
1 0 0 0 1 1 1 0 
1 0 0 0 1 1 2 0 
0 0 0 0 0 0 0 0 
0 0 0 0 0 0 0 0 
0 0 0 0 0 0 0 0 
0 0 0 0 0 0 0 0 
1 1 3 0 0 0 0 0 
1 0 1 4 4 1 0 0 
2 1 2 1 5 3 1 0 
6 0 0 1 1 2 0 1 
2 0 1 0 1 1 0 2 
2 0 1 0 1 0 0 0 
0 0 0 1 0 0 0 0 
0 0 0 1 0 0 0 0 
0 0 0 0 0 0 0 0 
0 0 0 1 0 0 0 0 
3 1 6 9 9 1 1 0 
7 8 6 6 6 2 0 0 
3 1 1 8 5 3 1 0 
1 3 2 1 1 1 1 0 
1 1 2 1 3 1 0 1 
2 2 1 2 2 0 0 0 
1 0 2 2 3 0 0 0 
1 0 1 0 0 0 0 0 
0 0 0 0 1 0 2 0 
0 0 0 2 1 0 0 0 
4 10 9 6 9 3 0 0 
6 11 23 21 8 6 2 0 
3 8 12 12 8 0 0 0 
5 5 4 3 2 0 0 0 
4 5 3 3 1 1 0 0 
1 1 7 4 0 0 1 0 
0 0 1 3 0 0 0 0 
0 0 0 0 0 0 0 0 
0 0 0 0 0 0 0 0 
0 0 0 0 0 0 0 0 
0 0 0 0 0 0 0 0 
0 0 0 0 0 0 0 0 
10 20 9 6 2 1 1 0 
3 8 8 5 1 0 0 0 
2 4 5 1 0 0 0 0 
0 5 1 0 0 0 0 0 
0 0 0 0 0 0 0 0 
0 0 0 0 0 0 0 0 
0 0 0 0 0 0 0 0 
0 0 0 0 0 0 0 0 
0 0 0 0 0 0 0 0 
0 0 0 0 0 0 0 0 
0 0 0 0 0 0 0 0 
0 0 0 0 0 0 0 0 
0 0 0 0 0 0 0 0 
0 0 0 0 0 0 0 0 
0 0 0 0 0 0 0 0 
0 0 0 0 0 0 0 0 
0 0 0 0 0 0 0 0 
0 0 0 0 0 0 0 0 
0 0 0 0 0 0 0 0 
0 0 0 0 0 0 0 0 
0 0 0 0 0 0 0 0 
0 0 0 0 0 0 0 0 
0 0 0 0 0 0 0 0 
0 0 0 0 0 0 0 0 
0 0 0 0 0 0 0 0 
0 0 0 0 0 0 0 0 
0 0 0 0 0 0 0 0 
0 0 0 0 0 0 0 0 
0 0 0 0 0 0 0 0 
0 0 0 0 0 0 0 0 
0 0 0 0 0 0 0 0 
0 0 0 0 0 0 0 1 
1 0 0 0 0 1 1 0 
0 0 0 0 2 0 1 0 
0 0 0 0 0 1 0 0 
0 0 0 0 0 0 0 0 
0 0 0 0 0 0 0 0 
0 0 0 0 0 0 0 0 
0 0 0 0 0 0 0 0 
0 0 0 0 0 0 0 0 
2 0 0 0 0 0 0 0 
3 3 0 2 4 1 0 0 
1 1 1 0 1 0 3 0 
2 0 0 1 0 1 0 2 
3 0 0 2 0 1 1 2 
0 0 0 0 0 0 0 0 
0 0 1 0 1 0 0 0 
0 0 0 0 0 0 0 0 
0 0 0 0 0 0 0 0 
0 0 0 0 0 0 0 0 
2 2 2 5 5 3 3 0 
2 3 1 4 7 4 1 1 
5 2 3 4 5 5 1 0 
4 1 1 1 0 1 3 0 
0 0 1 3 2 0 0 0 
3 1 0 3 0 1 0 0 
1 0 0 0 1 1 0 0 
0 0 0 0 0 0 0 0 
0 0 0 0 0 1 0 0 
0 0 0 0 1 1 0 0 
6 15 9 21 9 1 2 0 
1 10 10 15 11 4 1 0 
2 6 9 12 12 1 1 0 
1 3 4 4 3 2 2 0 
1 1 5 7 6 0 0 0 
1 1 2 2 1 0 0 0 
0 0 3 2 0 0 0 0 
0 0 0 0 1 0 0 0 
0 0 0 0 1 0 0 0 
0 0 0 0 0 0 0 0 
0 0 0 0 0 0 0 0 
0 0 0 0 0 0 0 0 
5 14 18 6 7 1 0 0 
4 3 8 1 2 0 0 0 
0 5 4 3 0 0 0 0 
0 1 4 1 0 0 0 0 
0 0 1 1 0 0 0 0 
0 0 0 0 0 0 0 0 
0 0 0 0 0 0 0 0 
0 0 0 0 0 0 0 0 
0 0 0 0 0 0 0 0 
0 0 0 0 0 0 0 0 
0 0 0 0 0 0 0 0 
0 0 0 0 0 0 0 0 
0 0 0 0 0 0 0 0 
0 0 0 0 0 0 0 0 
0 0 0 0 0 0 0 0 
0 0 0 0 0 0 0 0 
0 0 0 0 0 0 0 0 
0 0 0 0 0 0 0 0 
0 0 0 0 0 0 0 0 
0 0 0 0 0 0 0 0 
0 0 0 0 0 0 0 0 
0 0 0 0 0 0 0 0 
0 0 0 0 0 0 0 0 
0 0 0 0 0 0 0 0 
0 0 0 0 0 0 0 0 
0 0 0 0 0 0 0 0 
0 0 0 0 0 0 0 0 
0 0 0 0 0 0 0 0 
0 0 0 0 0 0 0 0 
0 0 0 0 0 0 0 0 
0 0 0 0 0 0 0 0 
0 0 0 0 0 0 0 0 
0 0 0 0 0 0 0 0 
0 0 0 0 0 0 0 0 
2 0 0 0 0 0 0 1 
2 0 0 0 0 0 0 0 
0 0 0 0 0 0 0 0 
0 0 0 0 0 0 0 0 
0 0 0 0 0 0 0 0 
0 0 0 0 0 0 0 0 
0 0 0 0 0 0 0 0 
1 0 0 0 0 1 0 0 
0 0 0 0 0 1 0 0 
0 0 1 0 0 0 0 0 
1 0 0 0 0 0 0 1 
0 0 0 0 0 0 0 0 
0 0 0 0 0 0 0 0 
0 0 0 0 0 0 0 0 
0 0 0 0 0 0 0 0 
0 0 0 0 0 0 0 0 
0 1 0 0 4 2 0 0 
2 0 0 1 2 2 3 0 
1 0 0 0 0 1 1 1 
0 0 0 0 0 1 0 1 
1 0 0 0 0 0 0 0 
0 0 0 0 0 0 0 0 
0 0 0 0 0 0 0 0 
0 0 0 0 0 1 1 0 
0 0 0 0 0 0 0 0 
0 0 0 0 0 0 0 0 
3 1 4 7 2 3 1 0 
2 3 10 9 6 8 0 0 
2 0 4 2 5 0 1 0 
0 1 1 1 3 0 0 0 
0 1 2 0 1 2 0 0 
0 1 0 1 2 1 0 0 
1 0 2 1 0 0 0 0 
0 0 0 0 0 0 0 0 
0 0 0 0 0 0 0 0 
0 0 0 0 0 0 0 0 
0 0 0 0 0 0 0 0 
0 0 0 0 0 0 0 0 
1 2 6 3 7 2 0 1 
0 3 2 5 0 0 0 0 
0 2 4 4 0 0 0 0 
1 0 1 1 0 0 0 0 
0 0 0 0 0 0 0 0 
0 0 0 0 0 0 0 0 
0 0 0 0 0 0 0 0 
0 0 0 0 0 0 0 0 
0 0 0 0 0 0 0 0 
0 0 0 0 0 0 0 0 
0 0 0 0 0 0 0 0 
0 0 0 0 0 0 0 0 
0 0 0 0 0 0 0 0 
0 0 0 0 0 0 0 0 
0 0 0 0 0 0 0 0 
0 0 0 0 0 0 0 0 
0 0 0 0 0 0 0 0 
0 0 0 0 0 0 0 0 
0 0 0 0 0 0 0 0 
0 0 0 0 0 0 0 0 
0 0 0 0 0 0 0 0 
0 0 0 0 0 0 0 0 
0 0 0 0 0 0 0 0 
0 0 0 0 0 0 0 0 
0 0 0 0 0 0 0 0 
0 0 0 0 0 0 0 0 
0 0 0 0 0 0 0 0 
0 0 0 0 0 0 0 0 
0 0 0 0 0 0 0 0 
0 0 0 0 0 0 0 0 
0 0 0 0 0 0 0 0 
1 0 0 0 0 0 0 0 
0 0 0 0 0 0 0 0 
0 0 0 0 0 0 0 0 
0 0 0 0 0 0 0 0 
0 0 0 0 0 0 0 0 
0 0 0 0 0 0 0 0 
0 0 0 0 0 0 0 0 
0 0 0 0 0 0 0 0 
0 0 0 0 0 0 0 0 
0 0 0 0 0 0 0 0 
2 0 0 0 0 0 0 0 
0 0 0 0 0 0 0 1 
0 0 0 0 0 0 0 0 
0 0 0 0 0 0 0 0 
0 0 0 0 0 0 0 0 
0 0 0 0 0 0 1 0 
0 0 0 0 0 0 0 0 
0 0 0 0 0 0 0 0 
0 0 0 0 0 0 0 1 
0 0 0 0 0 0 0 1 
0 1 0 0 3 1 2 0 
1 0 0 0 0 0 0 2 
0 0 0 0 0 0 0 0 
0 0 0 0 0 0 0 0 
0 0 0 0 0 1 0 0 
0 0 0 0 0 0 0 0 
0 0 0 0 0 0 0 0 
0 0 0 0 0 0 0 0 
0 0 0 0 0 0 0 0 
3 0 1 4 1 3 1 0 
1 0 1 6 3 3 0 0 
2 1 0 0 3 6 0 0 
1 0 0 1 3 2 0 1 
0 1 0 2 1 0 0 0 
0 0 0 0 0 0 0 0 
0 0 0 1 0 0 0 0 
0 0 0 0 0 0 0 0 
0 0 0 0 0 0 0 0 
0 0 0 0 0 0 0 0 
0 0 0 0 0 0 0 0 
0 0 0 0 0 0 0 0 
0 2 7 4 0 0 0 0 
0 0 2 1 0 0 0 0 
0 0 2 4 0 0 0 0 
0 0 0 1 1 0 0 0 
0 0 0 1 0 0 0 0 
0 0 0 0 0 0 0 0 
0 0 0 0 0 0 0 0 
0 0 0 0 0 0 0 0 
0 0 0 0 0 0 0 0 
0 0 0 0 0 0 0 0 
0 0 0 0 0 0 0 0 
0 0 0 0 0 0 0 0 
0 0 0 0 0 0 0 0 
0 0 0 0 0 0 0 0 
0 0 0 0 0 0 0 0 
0 0 0 0 0 0 0 0 
0 0 0 0 0 0 0 0 
0 0 0 0 0 0 0 0 
0 0 0 0 0 0 0 0 
0 0 0 0 0 0 0 0 
0 0 0 0 0 0 0 0 
0 0 0 0 0 0 0 0 
0 0 0 0 0 0 0 0 
0 0 0 0 0 0 0 0 
0 0 0 0 0 0 0 0 
0 0 0 0 0 0 0 0 
0 0 0 0 0 0 0 0 
0 0 0 0 0 0 0 0 
0 0 0 0 0 0 0 0 
0 0 0 0 0 0 0 0 
0 0 0 0 0 0 0 0 
0 0 0 0 0 0 0 0 
0 0 0 0 0 0 0 0 
0 0 0 0 0 0 0 0 
0 0 0 0 0 0 0 0 
0 0 0 0 0 0 0 0 
0 0 0 0 0 0 0 0 
0 0 0 0 0 0 0 0 
0 0 0 0 0 0 0 0 
0 0 0 0 0 0 0 0 
0 0 0 0 0 0 0 0 
0 0 1 0 0 0 0 3 
0 0 0 0 0 0 0 0 
0 0 0 0 0 0 1 1 
0 0 0 1 0 0 1 0 
0 0 0 0 0 0 0 0 
0 0 0 0 0 0 0 0 
0 0 0 0 0 0 0 0 
0 0 0 0 0 0 0 0 
0 0 0 0 0 0 0 0 
2 0 0 1 0 0 2 0 
2 0 0 1 0 1 1 1 
1 1 1 1 0 1 0 0 
0 0 0 0 0 0 0 0 
0 0 0 0 0 1 1 0 
0 0 0 0 0 0 0 1 
0 0 0 0 0 0 0 0 
0 0 0 0 0 0 0 0 
0 0 0 0 0 0 0 0 
0 0 1 0 0 0 0 0 
0 0 0 0 5 7 2 2 
1 1 2 4 5 7 9 2 
1 0 0 1 2 4 5 2 
0 0 1 0 5 1 2 1 
1 0 0 1 1 0 1 0 
0 0 0 0 1 0 0 0 
0 0 0 0 0 1 1 2 
0 0 0 0 0 0 0 0 
0 0 0 0 0 1 0 0 
0 0 0 0 0 0 1 0 
0 0 0 0 0 0 0 0 
0 0 0 0 0 0 0 0 
2 1 9 4 7 3 1 0 
0 1 0 0 9 3 0 0 
0 0 0 4 4 3 0 0 
0 0 0 1 3 1 0 0 
0 0 0 0 0 0 0 0 
0 0 0 0 1 1 0 0 
0 0 0 0 0 0 0 0 
0 0 0 0 0 0 0 0 
0 0 0 0 0 0 0 0 
0 0 0 0 0 0 0 0 
0 0 0 0 0 0 0 0 
0 0 0 0 0 0 0 0 
0 0 0 0 0 0 0 0 
0 0 0 0 0 0 0 0 
0 0 0 0 0 0 0 0 
0 0 0 0 0 0 0 0 
0 0 0 0 0 0 0 0 
0 0 0 0 0 0 0 0 
0 0 0 0 0 0 0 0 
0 0 0 0 0 0 0 0 
0 0 0 0 0 0 0 0 
0 0 0 0 0 0 0 0 
0 0 0 0 0 0 0 0 
0 0 0 0 0 0 0 0 
0 0 0 0 0 0 0 0 
0 0 0 0 0 0 0 0 
0 0 0 0 0 0 0 0 
0 0 0 0 0 0 0 0 
0 0 0 0 0 0 0 0 
0 0 0 0 0 0 0 0 
0 0 0 0 0 0 0 0 
0 0 0 0 0 0 0 0 
0 0 0 0 0 0 0 0 
0 0 0 0 0 0 0 0 
0 0 0 0 0 0 0 0 
0 0 0 0 0 0 0 0 
0 0 0 0 0 0 0 0 
0 0 0 0 0 0 0 0 
0 0 0 0 0 0 0 0 
0 0 0 0 0 0 0 0 
0 0 0 0 0 0 0 0 
0 0 0 0 0 0 0 0 
0 0 0 0 0 0 0 0 
0 0 0 0 0 0 0 0 
0 0 0 0 0 0 0 0 
0 0 0 0 0 0 0 0 
0 0 0 0 0 0 0 0 
0 0 0 0 0 0 0 0 
0 0 0 0 0 0 0 0 
0 0 0 0 0 0 0 0 
0 0 0 0 0 0 0 0 
0 0 0 0 0 0 0 0 
0 0 0 0 0 0 0 0 
0 0 0 0 0 0 0 0 
0 0 0 0 0 0 0 0 
0 0 0 0 0 0 0 0 
0 0 0 0 0 0 0 0 
0 0 0 0 0 0 0 0 
0 0 0 0 0 0 0 0 
0 0 0 0 0 0 0 0 
51 27 41 27 9 2 1 1 
25 27 14 10 4 1 0 1 
13 11 15 3 0 0 0 0 
14 8 8 1 0 0 0 0 
8 4 4 1 0 1 0 0 
6 4 1 1 0 0 0 0 
1 2 0 0 0 0 0 0 
0 0 1 0 0 0 0 0 
0 0 2 0 0 0 0 0 
0 0 1 0 0 0 0 0 
0 0 0 0 0 0 0 0 
0 0 0 0 0 0 0 0 
80 65 56 17 9 3 2 0 
48 36 23 6 4 1 0 0 
35 15 9 9 2 0 0 0 
15 7 2 3 1 0 0 0 
6 2 0 0 0 0 0 0 
0 0 0 0 0 0 0 0 
0 0 0 0 0 0 0 0 
0 0 0 0 0 0 0 0 
0 0 0 0 0 0 0 0 
0 0 0 0 0 0 0 0 
0 0 0 0 0 0 0 0 
0 0 0 0 0 0 0 0 
0 0 0 0 0 0 0 0 
0 0 0 0 0 0 0 0 
0 0 0 0 0 0 0 0 
0 0 0 0 0 0 0 0 
0 0 0 0 0 0 0 0 
0 0 0 0 0 0 0 0 
0 0 0 0 0 0 0 0 
0 0 0 0 0 0 0 0 
0 0 0 0 0 0 0 0 
0 0 0 0 0 0 0 0 
0 0 0 0 0 0 0 0 
0 0 0 0 0 0 0 0 
0 0 0 0 0 0 0 0 
0 0 0 0 0 0 0 0 
0 0 0 0 0 0 0 0 
0 0 0 0 0 0 0 0 
0 0 0 0 0 0 0 0 
0 0 0 0 0 0 0 0 
0 0 0 0 0 0 0 0 
0 0 0 0 0 0 0 0 
0 0 0 0 0 0 0 0 
0 0 0 0 0 0 0 0 
0 0 0 0 0 0 0 0 
0 0 0 0 0 0 0 0 
0 0 0 0 0 0 0 0 
0 0 0 0 0 0 0 0 
0 0 0 0 0 0 0 0 
0 0 0 0 0 0 0 0 
1 0 0 2 1 0 1 0 
1 1 1 1 0 1 0 1 
2 1 0 0 0 0 1 0 
1 0 0 0 0 0 0 0 
0 0 1 0 0 0 0 0 
1 0 0 0 0 0 0 0 
1 0 0 0 0 0 0 0 
0 0 1 0 0 0 0 0 
0 0 0 0 0 0 0 0 
3 2 1 2 1 0 0 0 
23 16 13 14 9 5 1 0 
31 20 10 11 8 6 3 0 
18 15 14 14 7 4 2 0 
11 7 9 5 4 1 0 0 
5 4 5 6 4 2 0 0 
13 2 2 1 2 0 2 0 
1 3 3 0 0 0 0 0 
5 3 4 1 0 0 1 0 
2 0 0 1 1 1 0 0 
0 3 0 0 2 0 0 0 
90 93 90 52 19 4 6 1 
104 98 88 58 40 9 2 1 
51 58 45 26 17 8 1 2 
33 45 27 12 9 2 1 1 
32 21 14 9 3 2 0 0 
31 24 9 1 3 1 0 0 
14 5 5 3 0 0 0 0 
6 3 4 2 1 1 0 0 
2 4 1 2 0 0 0 0 
2 2 0 1 0 0 0 0 
0 1 0 0 0 0 0 0 
0 0 0 0 0 0 0 0 
59 63 29 20 7 3 0 0 
32 40 13 8 3 1 0 0 
25 21 9 0 1 0 1 0 
9 8 1 2 0 0 0 0 
6 3 1 1 0 0 0 0 
3 0 0 0 0 0 0 0 
0 0 0 0 0 0 0 0 
0 0 0 0 0 0 0 0 
0 0 0 0 0 0 0 0 
0 0 0 0 0 0 0 0 
0 0 0 0 0 0 0 0 
0 0 0 0 0 0 0 0 
0 0 0 0 0 0 0 0 
0 0 0 0 0 0 0 0 
0 0 0 0 0 0 0 0 
0 0 0 0 0 0 0 0 
0 0 0 0 0 0 0 0 
0 0 0 0 0 0 0 0 
0 0 0 0 0 0 0 0 
0 0 0 0 0 0 0 0 
0 0 0 0 0 0 0 0 
0 0 0 0 0 0 0 0 
0 0 0 0 0 0 0 0 
0 0 0 0 0 0 0 0 
0 0 0 0 0 0 0 0 
0 0 0 0 0 0 0 0 
0 0 0 0 0 0 0 0 
0 0 0 0 0 0 0 0 
0 0 0 0 0 0 0 0 
0 0 0 0 0 0 0 0 
2 0 1 0 0 0 0 0 
0 0 0 2 0 1 0 0 
2 0 0 1 0 1 0 0 
1 0 0 1 0 0 0 0 
0 0 0 0 0 0 0 0 
0 0 1 0 0 0 0 0 
0 0 0 0 0 0 0 0 
0 0 0 0 0 0 0 0 
0 0 0 0 0 0 0 0 
0 0 0 0 0 0 0 0 
2 2 2 1 2 1 0 1 
10 2 4 7 3 3 2 0 
9 2 3 2 7 5 0 0 
1 0 4 1 2 1 0 1 
4 0 0 2 1 1 0 0 
1 0 2 0 3 0 0 0 
4 0 1 1 2 0 0 0 
0 0 2 2 0 0 0 0 
0 0 0 0 0 0 0 0 
2 2 1 2 2 0 0 0 
8 10 10 18 5 4 0 1 
19 9 10 9 8 3 0 0 
22 5 7 9 4 6 2 0 
12 2 4 4 1 0 3 0 
10 2 1 1 1 1 1 0 
8 3 6 1 0 0 0 1 
7 1 1 2 1 1 0 0 
1 0 2 1 0 0 0 0 
1 0 1 0 0 0 0 0 
0 1 1 0 0 1 0 0 
20 26 38 22 4 4 1 1 
28 32 42 18 7 4 2 1 
20 20 30 17 5 4 0 0 
11 12 14 5 4 0 0 0 
6 5 9 5 3 0 0 0 
2 10 4 1 2 0 0 0 
7 1 4 1 0 0 0 0 
4 1 5 0 0 0 0 0 
1 0 1 1 0 0 0 0 
2 1 1 0 0 0 0 0 
0 0 0 0 0 0 0 0 
0 0 0 0 0 0 0 0 
14 27 20 5 3 1 1 0 
7 8 7 3 0 0 0 0 
8 7 0 2 0 0 0 0 
6 6 1 0 0 0 0 0 
1 2 4 0 0 0 0 0 
0 0 0 0 0 0 0 0 
0 0 0 0 0 0 0 0 
0 0 0 0 0 0 0 0 
0 0 0 0 0 0 0 0 
0 0 0 0 0 0 0 0 
0 0 0 0 0 0 0 0 
0 0 0 0 0 0 0 0 
0 0 0 0 0 0 0 0 
0 0 0 0 0 0 0 0 
0 0 0 0 0 0 0 0 
0 0 0 0 0 0 0 0 
0 0 0 0 0 0 0 0 
0 0 0 0 0 0 0 0 
0 0 0 0 0 0 0 0 
0 0 0 0 0 0 0 0 
0 0 0 0 0 0 0 0 
0 0 0 0 0 0 0 0 
0 0 0 0 0 0 0 0 
0 0 0 0 0 0 0 0 
0 0 0 0 0 0 0 0 
0 0 0 0 0 0 0 0 
0 0 0 0 0 0 0 0 
0 0 0 0 0 0 0 0 
0 0 0 0 0 0 0 0 
0 0 0 0 0 0 0 0 
0 0 0 0 0 0 0 0 
0 0 1 1 0 2 0 0 
2 0 1 1 0 1 0 0 
2 0 0 2 0 2 1 0 
1 0 0 0 0 0 1 0 
4 0 0 2 1 0 0 1 
0 0 0 0 0 0 0 0 
0 0 0 0 0 0 0 0 
0 0 0 0 0 0 0 0 
0 0 0 0 0 0 0 0 
3 0 0 1 1 2 0 1 
3 0 0 2 0 0 0 0 
7 1 1 1 4 2 1 0 
3 0 0 1 3 0 0 0 
2 0 3 1 1 0 0 0 
3 0 0 1 0 0 0 0 
2 1 0 1 0 0 0 0 
0 0 0 1 0 0 0 0 
0 0 0 0 0 0 0 0 
0 1 0 0 0 0 0 0 
3 3 4 3 2 3 0 0 
7 4 5 7 8 1 2 0 
10 3 9 10 6 3 3 1 
6 2 1 5 4 2 0 0 
7 2 3 1 1 3 0 0 
4 1 1 1 0 0 0 0 
8 0 1 0 0 2 0 0 
4 0 1 4 0 0 0 0 
0 0 0 0 0 0 0 0 
0 0 1 0 0 0 0 0 
6 19 16 10 5 0 0 0 
12 12 17 17 7 1 2 0 
6 11 19 8 6 0 2 0 
5 6 8 2 0 1 1 0 
5 3 3 5 1 0 0 0 
0 2 4 1 0 0 0 0 
3 4 3 3 2 0 0 0 
2 0 0 1 1 0 0 0 
0 2 0 0 0 0 0 0 
0 0 1 0 0 0 0 0 
0 0 0 0 0 0 0 0 
0 0 0 0 0 0 0 0 
6 14 10 7 2 0 0 2 
2 10 6 2 1 0 0 0 
1 3 1 2 0 0 0 0 
2 3 1 1 0 0 0 0 
1 1 0 1 0 0 0 0 
0 0 0 0 0 0 0 0 
0 0 0 0 0 0 0 0 
0 0 0 0 0 0 0 0 
0 0 0 0 0 0 0 0 
0 0 0 0 0 0 0 0 
0 0 0 0 0 0 0 0 
0 0 0 0 0 0 0 0 
0 0 0 0 0 0 0 0 
0 0 0 0 0 0 0 0 
0 0 0 0 0 0 0 0 
0 0 0 0 0 0 0 0 
0 0 0 0 0 0 0 0 
0 0 0 0 0 0 0 0 
0 0 0 0 0 0 0 0 
0 0 0 0 0 0 0 0 
0 0 0 0 0 0 0 0 
0 0 0 0 0 0 0 0 
0 0 0 0 0 0 0 0 
0 0 0 0 0 0 0 0 
0 0 0 0 0 0 0 0 
0 0 0 0 0 0 0 0 
0 0 0 0 0 0 0 0 
0 0 0 0 0 0 0 0 
0 0 0 0 0 0 0 0 
0 0 0 0 0 0 0 0 
0 0 0 0 0 0 0 0 
0 0 0 0 1 0 2 0 
3 0 0 0 0 0 0 0 
1 1 0 0 0 2 0 0 
3 1 1 0 0 2 2 0 
1 0 1 0 2 0 1 0 
0 0 0 0 0 0 0 0 
0 0 0 0 0 0 0 0 
0 0 0 0 0 0 0 0 
0 0 0 0 0 0 0 0 
0 0 3 1 0 0 0 0 
3 0 0 3 6 1 0 1 
8 0 1 0 1 1 4 1 
3 0 1 1 4 2 0 1 
2 0 1 1 1 2 0 0 
3 0 0 0 1 0 1 0 
0 0 0 1 1 1 0 0 
1 0 0 0 0 0 0 0 
0 0 0 0 0 0 0 0 
0 0 0 0 0 0 0 0 
4 0 7 7 6 0 1 0 
8 6 7 4 7 3 2 0 
6 3 2 6 3 2 4 0 
3 0 2 6 4 1 0 0 
5 1 4 4 0 2 0 0 
3 2 1 0 1 1 1 0 
1 2 2 1 2 0 0 0 
0 0 0 3 0 0 0 0 
3 0 1 0 0 0 0 0 
0 1 0 0 0 0 0 0 
5 12 18 16 8 3 1 0 
7 13 18 10 8 1 2 1 
4 4 8 9 5 0 0 0 
2 3 8 8 3 2 0 0 
2 4 5 5 1 0 0 0 
1 6 4 1 1 1 0 0 
2 1 0 3 0 0 0 0 
2 1 1 1 0 0 0 0 
0 0 1 1 0 0 0 0 
1 1 1 1 0 0 0 0 
1 0 0 0 0 0 0 0 
0 0 0 0 0 0 0 0 
7 21 12 10 4 1 0 0 
3 10 4 0 1 0 0 0 
2 6 3 1 0 0 0 0 
0 1 3 2 1 0 0 0 
0 0 0 0 0 0 0 0 
0 0 0 0 0 0 0 0 
0 0 0 0 0 0 0 0 
0 0 0 0 0 0 0 0 
0 0 0 0 0 0 0 0 
0 0 0 0 0 0 0 0 
0 0 0 0 0 0 0 0 
0 0 0 0 0 0 0 0 
0 0 0 0 0 0 0 0 
0 0 0 0 0 0 0 0 
0 0 0 0 0 0 0 0 
0 0 0 0 0 0 0 0 
0 0 0 0 0 0 0 0 
0 0 0 0 0 0 0 0 
0 0 0 0 0 0 0 0 
0 0 0 0 0 0 0 0 
0 0 0 0 0 0 0 0 
0 0 0 0 0 0 0 0 
0 0 0 0 0 0 0 0 
0 0 0 0 0 0 0 0 
0 0 0 0 0 0 0 0 
0 0 0 0 0 0 0 0 
0 0 0 0 0 0 0 0 
0 0 0 0 0 0 0 0 
0 0 0 0 0 0 0 0 
0 0 0 0 0 0 0 0 
0 0 0 0 0 0 0 0 
1 0 0 0 1 0 1 0 
2 0 0 0 0 1 1 0 
1 0 0 0 0 1 0 0 
1 0 0 0 0 0 2 1 
0 0 0 0 0 0 3 0 
0 0 0 0 0 0 0 0 
0 0 0 0 0 0 0 0 
0 0 0 0 0 0 0 0 
0 0 0 0 0 0 0 0 
0 0 0 0 0 1 0 0 
3 0 0 0 0 0 2 0 
1 1 2 1 0 1 1 0 
2 0 0 0 1 0 0 2 
0 0 1 0 0 1 0 0 
0 0 0 0 1 0 0 0 
0 0 0 0 0 0 0 0 
0 0 0 0 0 0 0 0 
0 0 0 0 0 0 0 0 
0 0 0 0 0 1 0 0 
1 2 1 1 9 1 2 1 
3 3 0 1 5 3 1 2 
4 3 5 2 1 3 2 0 
1 0 1 4 2 2 1 0 
3 0 1 1 3 2 1 0 
1 2 0 1 2 1 0 0 
1 0 0 2 1 0 0 0 
0 1 0 0 0 0 1 0 
0 1 0 1 0 0 0 0 
0 0 0 0 1 0 0 0 
1 10 15 9 7 4 0 0 
4 7 12 18 8 5 0 1 
2 3 11 8 6 2 0 0 
1 6 2 8 2 0 1 0 
3 0 4 1 0 0 0 0 
2 1 1 2 0 0 0 0 
0 1 4 3 0 0 0 0 
0 0 1 2 0 0 0 0 
0 0 0 0 1 0 0 0 
0 0 0 0 0 0 0 0 
0 0 0 0 0 0 0 0 
0 0 0 0 0 0 0 0 
6 16 8 9 2 1 0 0 
3 4 10 2 1 0 0 0 
2 3 2 2 0 0 0 0 
1 7 3 1 0 0 1 0 
0 0 0 0 1 0 0 0 
0 0 0 0 0 0 0 0 
0 0 0 0 0 0 0 0 
0 0 0 0 0 0 0 0 
0 0 0 0 0 0 0 0 
0 0 0 0 0 0 0 0 
0 0 0 0 0 0 0 0 
0 0 0 0 0 0 0 0 
0 0 0 0 0 0 0 0 
0 0 0 0 0 0 0 0 
0 0 0 0 0 0 0 0 
0 0 0 0 0 0 0 0 
0 0 0 0 0 0 0 0 
0 0 0 0 0 0 0 0 
0 0 0 0 0 0 0 0 
0 0 0 0 0 0 0 0 
0 0 0 0 0 0 0 0 
0 0 0 0 0 0 0 0 
0 0 0 0 0 0 0 0 
0 0 0 0 0 0 0 0 
0 0 0 0 0 0 0 0 
0 0 0 0 0 0 0 0 
0 0 0 0 0 0 0 0 
0 0 0 0 0 0 0 0 
0 0 0 0 0 0 0 0 
0 0 0 0 0 0 0 0 
0 0 0 0 0 0 0 0 
0 0 0 0 0 0 0 0 
0 0 0 0 0 0 0 0 
0 0 0 0 0 0 1 1 
0 0 0 0 0 0 0 0 
0 0 0 0 0 0 0 0 
0 0 0 0 0 0 0 0 
0 0 0 0 0 0 0 0 
0 0 0 0 0 0 0 0 
0 0 0 0 0 0 0 0 
0 0 0 0 0 0 0 2 
0 1 0 0 1 0 3 1 
0 0 0 0 0 0 0 0 
0 0 0 0 0 1 0 1 
0 0 0 0 0 0 0 1 
0 0 0 0 0 0 0 0 
0 0 0 0 0 0 0 0 
0 0 0 0 0 0 1 0 
0 0 0 0 0 0 0 0 
1 0 0 0 0 0 0 0 
0 0 1 0 2 4 1 0 
0 0 0 1 1 0 1 0 
0 0 0 0 2 4 0 1 
4 0 1 1 0 1 2 1 
1 0 0 0 0 2 0 1 
0 0 0 1 1 0 0 0 
0 0 0 0 0 0 0 0 
0 0 0 0 0 0 0 0 
0 0 0 0 0 0 0 0 
0 0 0 0 0 0 0 0 
3 3 6 7 6 4 2 0 
2 1 5 5 4 2 2 0 
1 1 0 5 6 1 0 0 
1 0 4 4 2 4 1 0 
2 0 1 0 1 0 0 0 
1 2 1 1 2 1 0 0 
0 0 0 0 0 0 0 0 
0 0 0 0 0 0 0 0 
0 0 0 0 0 0 0 0 
0 0 0 0 0 0 0 0 
0 0 0 0 0 0 0 0 
0 0 0 0 0 0 0 0 
0 7 7 7 1 1 0 0 
1 1 6 6 1 0 0 0 
0 1 3 0 0 0 0 0 
0 0 3 1 0 0 0 0 
0 0 0 0 0 0 0 0 
0 0 0 0 0 0 0 0 
0 0 0 0 0 0 0 0 
0 0 0 0 0 0 0 0 
0 0 0 0 0 0 0 0 
0 0 0 0 0 0 0 0 
0 0 0 0 0 0 0 0 
0 0 0 0 0 0 0 0 
0 0 0 0 0 0 0 0 
0 0 0 0 0 0 0 0 
0 0 0 0 0 0 0 0 
0 0 0 0 0 0 0 0 
0 0 0 0 0 0 0 0 
0 0 0 0 0 0 0 0 
0 0 0 0 0 0 0 0 
0 0 0 0 0 0 0 0 
0 0 0 0 0 0 0 0 
0 0 0 0 0 0 0 0 
0 0 0 0 0 0 0 0 
0 0 0 0 0 0 0 0 
0 0 0 0 0 0 0 0 
0 0 0 0 0 0 0 0 
0 0 0 0 0 0 0 0 
0 0 0 0 0 0 0 0 
0 0 0 0 0 0 0 0 
0 0 0 0 0 0 0 0 
0 0 0 0 0 0 0 0 
0 0 0 0 0 0 0 1 
0 0 0 0 0 0 0 0 
0 0 0 0 0 0 0 0 
0 0 0 0 0 0 0 0 
0 0 0 0 0 0 0 0 
0 0 0 0 0 0 0 0 
0 0 0 0 0 0 0 0 
0 0 0 0 0 0 0 0 
0 0 0 0 0 0 0 0 
0 0 0 0 0 0 0 0 
0 0 1 0 1 0 0 0 
0 0 0 0 0 0 0 0 
1 0 0 0 0 0 0 0 
0 0 0 0 0 0 0 0 
0 0 0 0 0 0 1 0 
0 0 0 0 0 1 0 0 
0 0 0 0 0 0 0 0 
0 0 0 0 0 0 0 0 
0 0 0 0 0 0 0 0 
0 1 0 0 0 0 2 1 
0 1 1 0 1 0 0 1 
0 1 0 0 1 0 0 1 
0 0 0 0 0 0 1 0 
0 0 0 0 0 0 0 0 
0 0 0 0 1 0 0 0 
0 0 0 0 0 0 0 0 
0 0 0 0 0 0 0 0 
0 0 0 0 0 0 1 0 
0 0 0 0 0 0 0 0 
2 0 1 4 2 3 2 0 
0 1 2 1 6 3 1 0 
0 0 0 0 4 3 0 0 
0 0 1 0 4 1 1 0 
1 0 0 0 1 0 0 0 
0 0 0 0 0 0 0 0 
0 0 0 1 0 0 0 0 
0 0 0 0 0 0 0 0 
0 0 0 0 0 0 0 0 
0 0 0 0 0 0 0 0 
0 0 0 0 0 0 0 0 
0 0 0 0 0 0 0 0 
1 3 3 8 3 1 0 0 
0 0 4 4 1 2 0 0 
0 0 1 1 3 0 0 0 
0 0 0 3 1 0 0 0 
0 0 1 1 0 0 0 0 
0 0 0 0 0 0 0 0 
0 0 0 0 0 0 0 0 
0 0 0 0 0 0 0 0 
0 0 0 0 0 0 0 0 
0 0 0 0 0 0 0 0 
0 0 0 0 0 0 0 0 
0 0 0 0 0 0 0 0 
0 0 0 0 0 0 0 0 
0 0 0 0 0 0 0 0 
0 0 0 0 0 0 0 0 
0 0 0 0 0 0 0 0 
0 0 0 0 0 0 0 0 
0 0 0 0 0 0 0 0 
0 0 0 0 0 0 0 0 
0 0 0 0 0 0 0 0 
0 0 0 0 0 0 0 0 
0 0 0 0 0 0 0 0 
0 0 0 0 0 0 0 0 
0 0 0 0 0 0 0 0 
0 0 0 0 0 0 0 0 
0 0 0 0 0 0 0 0 
0 0 0 0 0 0 0 0 
0 0 0 0 0 0 0 0 
0 0 0 0 0 0 0 0 
0 0 0 0 0 0 0 0 
0 0 0 0 0 0 0 0 
0 0 0 0 0 0 0 0 
0 0 0 0 0 0 0 0 
0 0 0 0 0 0 0 1 
0 0 0 0 0 0 0 0 
0 0 0 0 0 0 0 0 
0 0 0 0 0 0 0 0 
0 0 0 0 0 0 0 0 
0 0 0 0 0 0 0 0 
0 0 0 0 0 0 0 0 
0 0 0 0 0 0 0 0 
0 1 0 0 0 0 0 1 
0 0 0 0 0 0 1 1 
0 0 0 0 0 0 0 0 
0 0 0 0 0 0 0 0 
0 0 0 0 0 0 0 0 
0 0 0 0 0 0 0 0 
0 0 0 0 0 0 0 0 
0 0 0 0 0 0 0 0 
0 0 0 0 1 0 0 0 
4 0 0 0 1 1 4 1 
0 0 0 0 1 2 1 0 
0 0 0 0 1 0 1 0 
0 0 0 0 0 0 1 0 
1 0 0 0 0 1 1 1 
0 0 0 0 0 0 0 0 
0 0 0 0 0 0 0 0 
0 0 0 0 0 0 0 0 
0 0 0 0 0 0 1 0 
0 0 0 0 0 0 0 0 
2 0 0 4 5 8 1 4 
2 0 2 2 12 6 5 4 
2 0 1 2 4 5 3 0 
0 0 2 1 3 3 1 0 
1 0 0 0 1 1 1 0 
0 1 0 0 0 0 1 1 
0 0 0 0 1 0 1 1 
0 1 0 0 0 0 1 0 
0 0 0 0 0 0 0 0 
0 0 0 0 0 0 0 0 
0 0 0 0 0 0 0 0 
0 0 0 0 0 0 0 0 
1 1 4 6 7 5 2 2 
0 0 3 2 6 2 1 0 
0 0 1 1 2 2 0 0 
1 0 0 3 3 1 0 0 
0 0 0 0 0 0 0 0 
0 0 0 0 0 0 0 0 
0 0 0 0 0 0 0 0 
0 0 0 0 0 0 0 0 
0 0 0 0 0 0 0 0 
0 0 0 0 0 0 0 0 
0 0 0 0 0 0 0 0 
0 0 0 0 0 0 0 0 
0 0 0 0 0 0 0 0 
0 0 0 0 0 0 0 0 
0 0 0 0 0 0 0 0 
0 0 0 0 0 0 0 0 
0 0 0 0 0 0 0 0 
0 0 0 0 0 0 0 0 
0 0 0 0 0 0 0 0 
0 0 0 0 0 0 0 0 
0 0 0 0 0 0 0 0 
0 0 0 0 0 0 0 0 
0 0 0 0 0 0 0 0 
0 0 0 0 0 0 0 0 
