0 0 0 0 0 0 0 0 0 0 0 0 0 0 0 0 0 0 0 0 0 0 0 0 0 0 0 0 0 0 0 0 
0 0 0 0 0 0 0 0 0 0 0 0 0 0 0 0 0 0 0 0 0 0 0 0 0 0 0 0 0 0 0 0 
0 0 0 0 0 0 0 0 0 0 0 0 0 0 0 0 0 0 0 0 0 0 0 0 0 0 0 0 0 0 0 0 
0 0 0 0 0 0 0 0 0 0 0 0 0 0 0 0 0 0 0 0 0 0 0 0 0 0 0 0 0 0 0 0 
0 0 0 0 0 0 0 0 0 0 0 0 0 0 0 0 0 0 0 0 0 0 0 0 0 0 0 0 0 0 0 0 
0 0 0 0 0 0 0 0 0 0 0 0 0 0 0 0 0 0 0 0 0 0 0 0 0 0 0 0 0 0 0 0 
0 0 0 0 0 0 0 0 0 0 0 0 0 0 0 0 0 0 0 0 0 0 0 0 0 0 0 0 0 0 0 0 
0 0 0 0 0 0 0 0 0 0 0 0 0 0 0 0 0 0 0 0 0 0 0 0 0 0 0 0 0 0 0 0 
0 0 0 0 0 0 0 0 0 0 0 0 0 0 0 0 0 0 0 0 0 0 0 0 0 0 0 0 0 0 0 0 
0 0 0 0 0 0 0 0 0 0 0 0 0 0 0 0 0 0 0 0 0 0 0 0 0 0 0 0 0 0 0 0 
0 0 0 0 0 0 0 0 0 0 0 0 0 0 0 0 0 0 0 0 0 0 0 0 0 0 0 0 0 0 0 0 
0 0 0 0 0 0 0 0 0 0 0 0 0 0 0 0 0 0 0 0 0 0 0 0 0 0 0 0 0 0 0 0 
0 0 0 0 0 0 0 0 0 0 0 0 0 0 0 0 0 0 0 0 0 0 0 0 0 0 0 0 0 0 0 0 
0 0 0 0 0 0 0 0 0 0 0 0 0 0 0 0 0 0 0 0 0 0 0 0 0 0 0 0 0 0 0 0 
0 0 0 0 0 0 0 0 0 0 0 0 0 0 0 0 0 0 0 0 0 0 0 0 0 0 0 0 0 0 0 0 
0 0 0 0 0 0 0 0 0 0 0 0 0 0 0 0 0 0 0 0 0 0 0 0 0 0 0 0 0 0 0 0 
0 0 0 0 0 0 0 0 0 0 0 0 0 0 0 0 0 0 0 0 0 0 0 0 0 0 0 0 0 0 0 0 
0 0 0 0 0 0 0 0 0 0 0 0 0 0 0 0 0 0 0 0 0 0 0 0 0 0 0 0 0 0 0 0 
0 0 0 0 0 0 0 0 0 0 0 0 0 0 0 0 0 0 0 0 0 0 0 0 0 0 0 0 0 0 0 0 
0 0 0 0 0 0 0 0 0 0 0 0 0 0 0 0 0 0 0 0 0 0 0 0 0 0 0 0 0 0 0 0 
0 0 0 0 0 0 0 0 0 0 0 0 0 0 0 0 0 0 0 0 0 0 0 0 0 0 0 0 0 0 0 0 
0 0 0 0 0 0 0 0 0 0 0 0 0 0 0 0 0 0 0 0 0 0 0 0 0 0 0 0 0 0 0 0 
0 0 0 0 0 0 0 0 0 0 0 0 0 0 0 0 0 0 0 0 0 0 0 0 0 0 0 0 0 0 0 0 
0 0 0 0 0 0 0 0 0 0 0 0 0 0 0 0 0 0 0 0 0 0 0 0 0 0 0 0 0 0 0 0 
0 0 0 0 0 0 0 0 0 0 0 0 0 0 0 0 0 0 0 0 0 0 0 0 0 0 0 0 0 0 0 0 
0 0 0 0 0 0 0 0 0 0 0 0 0 0 0 0 0 0 0 0 0 0 0 0 0 0 0 0 0 0 0 0 
0 0 0 0 0 0 0 0 0 0 0 0 0 0 0 0 0 0 0 0 0 0 0 0 0 0 0 0 0 0 0 0 
0 0 0 0 0 0 0 0 0 0 0 0 0 0 0 0 0 0 0 0 0 0 0 0 0 0 0 0 0 0 0 0 
0 0 0 0 0 0 0 0 0 0 0 0 0 0 0 0 0 0 0 0 0 0 0 0 0 0 0 0 0 0 0 0 
0 0 0 0 0 0 0 0 0 0 0 0 0 0 0 0 0 0 0 0 0 0 0 0 0 0 0 0 0 0 0 0 
0 0 0 0 0 0 0 0 0 0 0 0 0 0 0 0 0 0 0 0 0 0 0 0 0 0 0 0 0 0 0 0 
0 0 0 0 0 0 0 0 0 0 0 0 0 0 0 0 0 0 0 0 0 0 0 0 0 0 0 0 0 0 0 0 
0 0 0 0 0 0 0 0 0 0 0 0 0 0 0 0 0 0 0 0 0 0 0 0 0 0 0 0 0 0 0 0 
0 0 0 0 0 0 0 0 0 0 0 0 0 0 0 0 0 0 0 0 0 0 0 0 0 0 0 0 0 0 0 0 
0 0 0 0 0 0 0 0 0 0 0 0 0 0 0 0 0 0 0 0 0 0 0 0 0 0 0 0 0 0 0 0 
0 0 0 0 0 0 0 6 0 0 0 0 0 0 0 2 0 0 0 0 0 0 0 2 0 0 0 0 0 0 0 10 
0 0 0 0 467 481 447 452 0 0 0 0 92 97 96 103 0 0 0 0 40 59 37 43 0 0 0 0 608 643 583 605 
0 0 0 0 312 357 356 326 0 0 0 0 92 90 70 70 0 0 0 0 41 51 41 42 0 0 0 0 454 503 472 447 
0 0 0 0 241 210 233 228 0 0 0 0 65 54 51 54 0 0 0 0 23 41 26 30 0 0 0 0 333 309 316 315 
0 0 0 0 174 162 181 164 0 0 0 0 46 39 34 42 0 0 0 0 25 27 28 13 0 0 0 0 250 234 248 226 
0 0 0 0 123 120 108 111 0 0 0 0 30 28 31 25 0 0 0 0 21 19 23 24 0 0 0 0 177 167 167 162 
0 0 0 0 72 88 77 75 0 0 0 0 18 21 17 21 0 0 0 0 12 17 11 15 0 0 0 0 103 128 106 118 
0 0 0 0 47 37 34 48 0 0 0 0 9 11 6 8 0 0 0 0 7 8 10 7 0 0 0 0 64 57 51 63 
0 0 0 0 19 13 14 15 0 0 0 0 1 1 2 5 0 0 0 0 4 2 2 1 0 0 0 0 25 16 18 21 
0 0 0 0 6 6 2 2 0 0 0 0 1 1 0 4 0 0 0 0 0 1 0 0 0 0 0 0 8 9 3 7 
0 0 0 0 0 1 2 0 0 0 0 0 0 0 0 0 0 0 0 0 0 0 1 1 0 0 0 0 0 1 3 1 
0 0 0 0 0 0 0 0 0 0 0 0 0 0 0 0 0 0 0 0 0 0 0 0 0 0 0 0 0 0 0 0 
0 0 0 0 0 0 0 28 0 0 0 0 0 0 0 8 0 0 0 0 0 0 0 3 0 0 0 0 0 0 0 39 
0 0 0 0 1038 965 966 921 0 0 0 0 193 211 196 202 0 0 0 0 110 96 95 118 0 0 0 0 1354 1292 1273 1261 
0 0 0 0 666 630 617 631 0 0 0 0 154 126 152 123 0 0 0 0 99 77 82 84 0 0 0 0 931 848 860 851 
0 0 0 0 421 457 433 376 0 0 0 0 104 101 89 98 0 0 0 0 59 58 57 49 0 0 0 0 597 631 589 530 
0 0 0 0 194 233 169 196 0 0 0 0 44 55 62 49 0 0 0 0 22 22 34 32 0 0 0 0 272 313 271 281 
0 0 0 0 60 65 63 51 0 0 0 0 12 13 17 19 0 0 0 0 11 9 11 3 0 0 0 0 84 90 93 75 
0 0 0 0 9 8 8 4 0 0 0 0 2 0 1 0 0 0 0 0 2 0 1 1 0 0 0 0 13 8 11 5 
0 0 0 0 0 0 0 0 0 0 0 0 0 0 0 0 0 0 0 0 0 0 0 0 0 0 0 0 0 0 0 0 
0 0 0 0 0 0 0 0 0 0 0 0 0 0 0 0 0 0 0 0 0 0 0 0 0 0 0 0 0 0 0 0 
0 0 0 0 0 0 0 0 0 0 0 0 0 0 0 0 0 0 0 0 0 0 0 0 0 0 0 0 0 0 0 0 
0 0 0 0 0 0 0 0 0 0 0 0 0 0 0 0 0 0 0 0 0 0 0 0 0 0 0 0 0 0 0 0 
0 0 0 0 0 0 0 0 0 0 0 0 0 0 0 0 0 0 0 0 0 0 0 0 0 0 0 0 0 0 0 0 
0 0 0 0 0 0 0 0 0 0 0 0 0 0 0 0 0 0 0 0 0 0 0 0 0 0 0 0 0 0 0 0 
0 0 0 0 0 0 0 0 0 0 0 0 0 0 0 0 0 0 0 0 0 0 0 0 0 0 0 0 0 0 0 0 
0 0 0 0 0 0 0 0 0 0 0 0 0 0 0 0 0 0 0 0 0 0 0 0 0 0 0 0 0 0 0 0 
0 0 0 0 0 0 0 0 0 0 0 0 0 0 0 0 0 0 0 0 0 0 0 0 0 0 0 0 0 0 0 0 
0 0 0 0 0 0 0 0 0 0 0 0 0 0 0 0 0 0 0 0 0 0 0 0 0 0 0 0 0 0 0 0 
0 0 0 0 0 0 0 0 0 0 0 0 0 0 0 0 0 0 0 0 0 0 0 0 0 0 0 0 0 0 0 0 
0 0 0 0 0 0 0 0 0 0 0 0 0 0 0 0 0 0 0 0 0 0 0 0 0 0 0 0 0 0 0 0 
0 0 0 0 0 0 0 0 0 0 0 0 0 0 0 0 0 0 0 0 0 0 0 0 0 0 0 0 0 0 0 0 
0 0 0 0 0 0 0 0 0 0 0 0 0 0 0 0 0 0 0 0 0 0 0 0 0 0 0 0 0 0 0 0 
0 0 0 0 0 0 0 0 0 0 0 0 0 0 0 0 0 0 0 0 0 0 0 0 0 0 0 0 0 0 0 0 
0 0 0 0 0 0 0 0 0 0 0 0 0 0 0 0 0 0 0 0 0 0 0 0 0 0 0 0 0 0 0 0 
0 0 0 0 0 0 0 0 0 0 0 0 0 0 0 0 0 0 0 0 0 0 0 0 0 0 0 0 0 0 0 0 
0 0 0 0 0 0 0 0 0 0 0 0 0 0 0 0 0 0 0 0 0 0 0 0 0 0 0 0 0 0 0 0 
0 0 0 0 0 0 0 0 0 0 0 0 0 0 0 0 0 0 0 0 0 0 0 0 0 0 0 0 0 0 0 0 
0 0 0 0 0 0 0 0 0 0 0 0 0 0 0 0 0 0 0 0 0 0 0 0 0 0 0 0 0 0 0 0 
0 0 0 0 0 0 0 0 0 0 0 0 0 0 0 0 0 0 0 0 0 0 0 0 0 0 0 0 0 0 0 0 
0 0 0 0 0 0 0 0 0 0 0 0 0 0 0 0 0 0 0 0 0 0 0 0 0 0 0 0 0 0 0 0 
0 0 0 0 0 0 0 0 0 0 0 0 0 0 0 0 0 0 0 0 0 0 0 0 0 0 0 0 0 0 0 0 
0 0 0 0 0 0 0 0 0 0 0 0 0 0 0 0 0 0 0 0 0 0 0 0 0 0 0 0 0 0 0 0 
0 0 0 0 0 0 0 0 0 0 0 0 0 0 0 0 0 0 0 0 0 0 0 0 0 0 0 0 0 0 0 0 
0 0 0 0 0 0 0 0 0 0 0 0 0 0 0 0 0 0 0 0 0 0 0 0 0 0 0 0 0 0 0 0 
0 0 0 0 0 0 0 0 0 0 0 0 0 0 0 0 0 0 0 0 0 0 0 0 0 0 0 0 0 0 0 0 
0 0 0 0 0 0 0 0 0 0 0 0 0 0 0 0 0 0 0 0 0 0 0 0 0 0 0 0 0 0 0 0 
0 0 0 0 0 0 0 0 0 0 0 0 0 0 0 0 0 0 0 0 0 0 0 0 0 0 0 0 0 0 0 0 
0 0 0 0 0 0 0 0 0 0 0 0 0 0 0 0 0 0 0 0 0 0 0 0 0 0 0 0 0 0 0 0 
0 0 0 0 0 0 0 0 0 0 0 0 0 0 0 0 0 0 0 0 0 0 0 0 0 0 0 0 1 0 1 1 
0 0 0 0 0 0 0 0 0 0 0 0 0 0 0 0 0 0 0 0 0 0 0 0 0 0 0 0 0 0 0 0 
0 0 0 0 0 0 0 0 0 0 0 0 0 0 0 0 0 0 0 0 0 0 0 0 0 0 0 0 0 0 0 0 
0 0 0 0 1 0 0 1 0 0 0 0 0 0 0 1 0 0 0 0 0 0 0 0 0 0 0 0 1 0 0 2 
0 0 0 0 25 21 13 17 0 0 0 0 8 3 5 3 0 0 0 0 3 2 2 1 0 0 0 0 37 28 21 21 
0 0 0 0 23 30 23 19 0 0 0 0 10 7 15 9 0 0 0 0 3 2 2 1 0 0 0 0 36 39 40 30 
0 0 0 0 20 18 12 14 0 0 0 0 9 8 13 9 0 0 0 0 6 2 2 2 0 0 0 0 36 28 27 25 
0 0 0 0 12 14 10 18 0 0 0 0 3 6 7 4 0 0 0 0 1 2 6 2 0 0 0 0 18 22 23 25 
0 0 0 0 9 9 9 10 0 0 0 0 2 6 1 4 0 0 0 0 1 2 2 0 0 0 0 0 12 17 12 14 
0 0 0 0 7 9 8 5 0 0 0 0 3 2 1 2 0 0 0 0 2 4 0 2 0 0 0 0 13 15 9 10 
0 0 0 0 8 7 6 7 0 0 0 0 1 4 3 0 0 0 0 0 1 3 3 3 0 0 0 0 10 15 12 10 
0 0 0 0 7 12 5 7 0 0 0 0 1 1 2 1 0 0 0 0 0 1 2 0 0 0 0 0 8 14 10 8 
0 0 0 0 0 0 0 2 0 0 0 0 0 0 0 1 0 0 0 0 0 0 0 0 0 0 0 0 5 5 7 5 
0 0 0 0 27 34 26 28 0 0 0 0 5 6 8 13 0 0 0 0 3 1 5 7 0 0 0 0 37 41 40 50 
0 0 0 0 303 303 311 314 0 0 0 0 76 76 58 72 0 0 0 0 42 37 45 40 0 0 0 0 430 422 425 435 
0 0 0 0 324 354 367 376 0 0 0 0 77 71 95 76 0 0 0 0 42 44 51 56 0 0 0 0 458 481 518 516 
0 0 0 0 299 286 296 271 0 0 0 0 84 59 68 75 0 0 0 0 52 51 37 36 0 0 0 0 443 406 406 389 
0 0 0 0 201 183 237 230 0 0 0 0 67 41 40 53 0 0 0 0 33 36 26 34 0 0 0 0 308 268 310 324 
0 0 0 0 143 157 135 134 0 0 0 0 37 31 31 26 0 0 0 0 26 35 23 31 0 0 0 0 208 231 193 195 
0 0 0 0 104 115 117 109 0 0 0 0 31 31 20 25 0 0 0 0 24 18 16 22 0 0 0 0 169 166 162 162 
0 0 0 0 89 75 85 76 0 0 0 0 26 14 24 20 0 0 0 0 25 21 13 19 0 0 0 0 144 111 129 118 
0 0 0 0 56 63 56 51 0 0 0 0 20 16 19 16 0 0 0 0 16 10 7 8 0 0 0 0 94 91 85 77 
0 0 0 0 47 51 55 45 0 0 0 0 12 10 13 3 0 0 0 0 11 11 12 6 0 0 0 0 71 73 82 56 
0 0 0 0 45 47 51 63 0 0 0 0 19 14 17 16 0 0 0 0 11 8 10 16 0 0 0 0 76 71 82 101 
0 0 0 0 1023 1088 993 1039 0 0 0 0 215 223 188 226 0 0 0 0 98 108 85 113 0 0 0 0 1351 1438 1287 1407 
0 0 0 0 1369 1305 1284 1283 0 0 0 0 288 304 293 299 0 0 0 0 141 158 185 149 0 0 0 0 1818 1790 1789 1756 
0 0 0 0 943 961 932 938 0 0 0 0 207 203 213 197 0 0 0 0 136 140 122 119 0 0 0 0 1304 1320 1286 1269 
0 0 0 0 659 644 636 652 0 0 0 0 153 189 191 164 0 0 0 0 95 93 86 82 0 0 0 0 922 948 930 921 
0 0 0 0 469 499 449 468 0 0 0 0 113 119 133 113 0 0 0 0 71 70 76 96 0 0 0 0 663 698 667 689 
0 0 0 0 357 306 329 303 0 0 0 0 84 81 92 88 0 0 0 0 60 54 53 58 0 0 0 0 511 454 486 459 
0 0 0 0 196 219 217 205 0 0 0 0 67 59 59 49 0 0 0 0 41 28 36 43 0 0 0 0 313 314 318 303 
0 0 0 0 131 124 138 120 0 0 0 0 38 38 36 40 0 0 0 0 26 20 24 26 0 0 0 0 198 186 203 191 
0 0 0 0 81 85 63 76 0 0 0 0 20 20 18 20 0 0 0 0 16 10 13 12 0 0 0 0 120 115 95 110 
0 0 0 0 50 24 30 46 0 0 0 0 9 8 12 16 0 0 0 0 7 8 11 7 0 0 0 0 67 45 57 74 
0 0 0 0 27 16 14 17 0 0 0 0 2 5 12 3 0 0 0 0 6 6 1 4 0 0 0 0 36 28 27 25 
0 0 0 0 1 2 2 17 0 0 0 0 0 2 0 3 0 0 0 0 1 0 0 3 0 0 0 0 2 4 2 23 
0 0 0 0 865 924 878 847 0 0 0 0 212 201 206 184 0 0 0 0 94 89 105 103 0 0 0 0 1185 1227 1212 1145 
0 0 0 0 615 622 640 613 0 0 0 0 131 146 140 143 0 0 0 0 59 66 73 75 0 0 0 0 814 846 863 843 
0 0 0 0 417 426 404 422 0 0 0 0 97 92 89 94 0 0 0 0 52 41 46 35 0 0 0 0 576 563 545 561 
0 0 0 0 216 223 201 196 0 0 0 0 50 49 60 51 0 0 0 0 19 21 31 34 0 0 0 0 288 297 298 285 
0 0 0 0 79 62 88 81 0 0 0 0 18 18 16 30 0 0 0 0 16 11 8 11 0 0 0 0 116 94 114 123 
0 0 0 0 10 10 9 13 0 0 0 0 3 1 5 0 0 0 0 0 5 2 2 1 0 0 0 0 18 13 16 15 
0 0 0 0 0 0 0 0 0 0 0 0 0 0 0 0 0 0 0 0 0 0 0 0 0 0 0 0 0 0 0 0 
0 0 0 0 0 0 0 0 0 0 0 0 0 0 0 0 0 0 0 0 0 0 0 0 0 0 0 0 0 0 0 0 
0 0 0 0 0 0 0 0 0 0 0 0 0 0 0 0 0 0 0 0 0 0 0 0 0 0 0 0 0 0 0 0 
0 0 0 0 0 0 0 0 0 0 0 0 0 0 0 0 0 0 0 0 0 0 0 0 0 0 0 0 0 0 0 0 
0 0 0 0 0 0 0 0 0 0 0 0 0 0 0 0 0 0 0 0 0 0 0 0 0 0 0 0 0 0 0 0 
0 0 0 0 0 0 0 0 0 0 0 0 0 0 0 0 0 0 0 0 0 0 0 0 0 0 0 0 0 0 0 0 
0 0 0 0 0 0 0 0 0 0 0 0 0 0 0 0 0 0 0 0 0 0 0 0 0 0 0 0 0 0 0 0 
0 0 0 0 0 0 0 0 0 0 0 0 0 0 0 0 0 0 0 0 0 0 0 0 0 0 0 0 0 0 0 0 
0 0 0 0 0 0 0 0 0 0 0 0 0 0 0 0 0 0 0 0 0 0 0 0 0 0 0 0 0 0 0 0 
0 0 0 0 0 0 0 0 0 0 0 0 0 0 0 0 0 0 0 0 0 0 0 0 0 0 0 0 0 0 0 0 
0 0 0 0 0 0 0 0 0 0 0 0 0 0 0 0 0 0 0 0 0 0 0 0 0 0 0 0 0 0 0 0 
0 0 0 0 0 0 0 0 0 0 0 0 0 0 0 0 0 0 0 0 0 0 0 0 0 0 0 0 0 0 0 0 
0 0 0 0 0 0 0 0 0 0 0 0 0 0 0 0 0 0 0 0 0 0 0 0 0 0 0 0 0 0 0 0 
0 0 0 0 0 0 0 0 0 0 0 0 0 0 0 0 0 0 0 0 0 0 0 0 0 0 0 0 0 0 0 0 
0 0 0 0 0 0 0 0 0 0 0 0 0 0 0 0 0 0 0 0 0 0 0 0 0 0 0 0 0 0 0 0 
0 0 0 0 0 0 0 0 0 0 0 0 0 0 0 0 0 0 0 0 0 0 0 0 0 0 0 0 0 0 0 0 
0 0 0 0 0 0 0 0 0 0 0 0 0 0 0 0 0 0 0 0 0 0 0 0 0 0 0 0 0 0 0 0 
0 0 0 0 0 0 0 0 0 0 0 0 0 0 0 0 0 0 0 0 0 0 0 0 0 0 0 0 0 0 0 0 
0 0 0 0 0 0 0 0 0 0 0 0 0 0 0 0 0 0 0 0 0 0 0 0 0 0 0 0 4 3 4 3 
0 0 0 0 0 0 0 0 0 0 0 0 0 0 0 0 0 0 0 0 0 0 0 0 0 0 0 0 0 0 0 0 
0 0 0 0 0 0 0 0 0 0 0 0 0 0 0 0 0 0 0 0 0 0 0 0 0 0 0 0 0 0 0 0 
0 0 0 0 0 0 0 0 0 0 0 0 0 0 0 0 0 0 0 0 0 0 0 0 0 0 0 0 0 0 0 0 
0 0 0 0 0 0 0 0 0 0 0 0 0 0 0 0 0 0 0 0 0 0 0 0 0 0 0 0 0 0 0 0 
0 0 0 0 0 0 0 0 0 0 0 0 0 0 0 0 0 0 0 0 0 0 0 0 0 0 0 0 0 0 0 0 
0 0 0 0 5 8 3 5 0 0 0 0 1 1 1 2 0 0 0 0 1 0 0 2 0 0 0 0 7 9 5 10 
0 0 0 0 26 25 22 24 0 0 0 0 6 8 4 9 0 0 0 0 0 4 2 1 0 0 0 0 34 37 28 34 
0 0 0 0 24 28 26 20 0 0 0 0 6 9 4 7 0 0 0 0 0 4 6 3 0 0 0 0 30 44 36 30 
0 0 0 0 28 39 41 37 0 0 0 0 10 6 5 7 0 0 0 0 2 3 4 8 0 0 0 0 41 48 51 52 
0 0 0 0 18 23 20 14 0 0 0 0 6 11 6 4 0 0 0 0 3 4 4 3 0 0 0 0 28 38 31 23 
0 0 0 0 28 37 20 33 0 0 0 0 8 10 4 11 0 0 0 0 6 5 8 7 0 0 0 0 45 54 32 51 
0 0 0 0 0 0 0 0 0 0 0 0 0 0 0 0 0 0 0 0 0 0 0 0 0 0 0 0 7 2 2 5 
0 0 0 0 0 0 0 0 0 0 0 0 0 0 0 0 0 0 0 0 0 0 0 0 0 0 0 0 0 0 0 0 
0 0 0 0 0 0 0 0 0 0 0 0 0 0 0 0 0 0 0 0 0 0 0 0 0 0 0 0 0 0 0 0 
0 0 0 0 0 0 0 3 0 0 0 0 0 0 0 0 0 0 0 0 0 0 0 1 0 0 0 0 0 0 0 4 
0 0 0 0 41 41 39 43 0 0 0 0 19 10 5 14 0 0 0 0 6 5 13 7 0 0 0 0 67 57 59 69 
0 0 0 0 104 116 103 107 0 0 0 0 24 24 30 21 0 0 0 0 12 17 13 18 0 0 0 0 144 164 147 146 
0 0 0 0 124 133 121 115 0 0 0 0 22 31 22 24 0 0 0 0 20 21 19 28 0 0 0 0 172 188 164 172 
0 0 0 0 96 89 91 109 0 0 0 0 25 21 29 38 0 0 0 0 11 10 15 19 0 0 0 0 133 123 141 169 
0 0 0 0 77 80 84 64 0 0 0 0 21 20 11 15 0 0 0 0 11 12 13 15 0 0 0 0 109 113 110 97 
0 0 0 0 60 59 47 54 0 0 0 0 12 20 15 18 0 0 0 0 11 12 10 5 0 0 0 0 86 94 74 78 
0 0 0 0 43 42 44 42 0 0 0 0 15 8 20 16 0 0 0 0 9 11 5 6 0 0 0 0 69 63 71 64 
0 0 0 0 35 57 53 40 0 0 0 0 14 13 16 10 0 0 0 0 7 7 6 7 0 0 0 0 59 78 77 57 
0 0 0 0 0 0 0 1 0 0 0 0 0 0 0 0 0 0 0 0 0 0 0 0 0 0 0 0 6 3 11 2 
0 0 0 0 19 12 22 17 0 0 0 0 1 1 3 5 0 0 0 0 3 1 1 0 0 0 0 0 23 14 26 24 
0 0 0 0 191 191 173 186 0 0 0 0 52 27 48 60 0 0 0 0 26 26 19 13 0 0 0 0 276 245 246 263 
0 0 0 0 261 260 247 255 0 0 0 0 53 47 88 64 0 0 0 0 31 43 38 28 0 0 0 0 346 353 381 351 
0 0 0 0 268 232 265 241 0 0 0 0 68 57 68 70 0 0 0 0 39 44 38 41 0 0 0 0 379 340 378 361 
0 0 0 0 154 186 167 157 0 0 0 0 59 40 42 42 0 0 0 0 27 22 33 24 0 0 0 0 247 253 246 227 
0 0 0 0 114 130 133 140 0 0 0 0 30 38 43 25 0 0 0 0 27 25 20 21 0 0 0 0 173 198 200 191 
0 0 0 0 103 97 109 108 0 0 0 0 18 35 24 24 0 0 0 0 20 24 18 17 0 0 0 0 144 160 152 150 
0 0 0 0 68 71 65 79 0 0 0 0 17 28 24 18 0 0 0 0 22 14 14 15 0 0 0 0 109 118 107 115 
0 0 0 0 53 54 50 45 0 0 0 0 18 17 16 15 0 0 0 0 9 10 13 19 0 0 0 0 82 83 83 80 
0 0 0 0 36 52 46 45 0 0 0 0 6 11 14 9 0 0 0 0 7 6 7 9 0 0 0 0 54 69 68 63 
0 0 0 0 40 52 34 45 0 0 0 0 17 15 9 18 0 0 0 0 9 18 15 9 0 0 0 0 66 85 60 75 
0 0 0 0 440 424 433 417 0 0 0 0 75 72 101 84 0 0 0 0 39 53 50 38 0 0 0 0 559 557 590 545 
0 0 0 0 581 578 573 537 0 0 0 0 136 127 138 139 0 0 0 0 68 60 67 72 0 0 0 0 795 778 795 754 
0 0 0 0 407 419 420 391 0 0 0 0 93 93 99 81 0 0 0 0 44 51 48 47 0 0 0 0 553 579 578 525 
0 0 0 0 288 319 284 273 0 0 0 0 69 80 59 61 0 0 0 0 44 39 50 39 0 0 0 0 405 445 401 381 
0 0 0 0 209 228 216 210 0 0 0 0 43 45 41 52 0 0 0 0 33 27 38 26 0 0 0 0 295 304 302 295 
0 0 0 0 166 104 149 142 0 0 0 0 42 31 41 37 0 0 0 0 23 27 31 22 0 0 0 0 231 165 225 205 
0 0 0 0 84 103 120 111 0 0 0 0 19 25 25 12 0 0 0 0 16 16 14 21 0 0 0 0 121 150 163 149 
0 0 0 0 59 68 57 47 0 0 0 0 16 18 17 16 0 0 0 0 12 9 11 9 0 0 0 0 89 97 87 73 
0 0 0 0 39 36 36 32 0 0 0 0 13 7 4 10 0 0 0 0 3 3 7 6 0 0 0 0 56 48 48 49 
0 0 0 0 23 20 22 18 0 0 0 0 9 4 6 2 0 0 0 0 5 5 5 6 0 0 0 0 40 29 33 26 
0 0 0 0 5 7 11 8 0 0 0 0 1 2 2 2 0 0 0 0 1 3 2 2 0 0 0 0 7 12 15 12 
0 0 0 0 1 0 1 7 0 0 0 0 0 0 0 3 0 0 0 0 0 0 0 1 0 0 0 0 1 0 1 12 
0 0 0 0 332 392 363 328 0 0 0 0 81 79 85 75 0 0 0 0 27 38 38 47 0 0 0 0 445 513 490 455 
0 0 0 0 228 228 243 224 0 0 0 0 51 55 44 58 0 0 0 0 25 29 33 26 0 0 0 0 307 317 328 313 
0 0 0 0 162 134 162 162 0 0 0 0 39 32 46 37 0 0 0 0 28 22 21 22 0 0 0 0 233 194 230 227 
0 0 0 0 98 85 96 95 0 0 0 0 15 18 18 21 0 0 0 0 8 12 10 10 0 0 0 0 122 119 127 127 
0 0 0 0 32 28 36 35 0 0 0 0 9 12 14 6 0 0 0 0 9 4 3 3 0 0 0 0 50 46 54 45 
0 0 0 0 3 5 6 6 0 0 0 0 0 2 4 0 0 0 0 0 2 0 4 0 0 0 0 0 5 7 13 6 
0 0 0 0 0 0 0 0 0 0 0 0 0 0 0 0 0 0 0 0 0 0 0 0 0 0 0 0 0 0 0 0 
0 0 0 0 0 0 0 0 0 0 0 0 0 0 0 0 0 0 0 0 0 0 0 0 0 0 0 0 0 0 0 0 
0 0 0 0 0 0 0 0 0 0 0 0 0 0 0 0 0 0 0 0 0 0 0 0 0 0 0 0 0 0 0 0 
0 0 0 0 0 0 0 0 0 0 0 0 0 0 0 0 0 0 0 0 0 0 0 0 0 0 0 0 0 0 0 0 
0 0 0 0 0 0 0 0 0 0 0 0 0 0 0 0 0 0 0 0 0 0 0 0 0 0 0 0 0 0 0 0 
0 0 0 0 0 0 0 0 0 0 0 0 0 0 0 0 0 0 0 0 0 0 0 0 0 0 0 0 0 0 0 0 
0 0 0 0 0 0 0 0 0 0 0 0 0 0 0 0 0 0 0 0 0 0 0 0 0 0 0 0 0 0 0 0 
0 0 0 0 0 0 0 0 0 0 0 0 0 0 0 0 0 0 0 0 0 0 0 0 0 0 0 0 0 0 0 0 
0 0 0 0 0 0 0 0 0 0 0 0 0 0 0 0 0 0 0 0 0 0 0 0 0 0 0 0 0 0 0 0 
0 0 0 0 0 0 0 0 0 0 0 0 0 0 0 0 0 0 0 0 0 0 0 0 0 0 0 0 0 0 0 0 
0 0 0 0 0 0 0 0 0 0 0 0 0 0 0 0 0 0 0 0 0 0 0 0 0 0 0 0 0 0 0 0 
0 0 0 0 0 0 0 0 0 0 0 0 0 0 0 0 0 0 0 0 0 0 0 0 0 0 0 0 0 0 0 0 
0 0 0 0 0 0 0 0 0 0 0 0 0 0 0 0 0 0 0 0 0 0 0 0 0 0 0 0 0 0 0 0 
0 0 0 0 0 0 0 0 0 0 0 0 0 0 0 0 0 0 0 0 0 0 0 0 0 0 0 0 0 0 0 0 
0 0 0 0 0 0 0 0 0 0 0 0 0 0 0 0 0 0 0 0 0 0 0 0 0 0 0 0 0 0 0 0 
0 0 0 0 0 0 0 0 0 0 0 0 0 0 0 0 0 0 0 0 0 0 0 0 0 0 0 0 0 0 0 0 
0 0 0 0 0 0 0 0 0 0 0 0 0 0 0 0 0 0 0 0 0 0 0 0 0 0 0 0 0 0 0 0 
0 0 0 0 0 0 0 0 0 0 0 0 0 0 0 0 0 0 0 0 0 0 0 0 0 0 0 0 0 0 0 0 
0 0 0 0 0 0 0 0 0 0 0 0 0 0 0 0 0 0 0 0 0 0 0 0 0 0 0 0 10 15 9 17 
0 0 0 0 0 0 0 0 0 0 0 0 0 0 0 0 0 0 0 0 0 0 0 0 0 0 0 0 0 0 0 0 
0 0 0 0 0 0 0 0 0 0 0 0 0 0 0 0 0 0 0 0 0 0 0 0 0 0 0 0 0 0 0 0 
0 0 0 0 0 0 0 0 0 0 0 0 0 0 0 0 0 0 0 0 0 0 0 0 0 0 0 0 0 0 0 0 
0 0 0 0 0 0 0 0 0 0 0 0 0 0 0 0 0 0 0 0 0 0 0 0 0 0 0 0 0 0 0 0 
0 0 0 0 0 0 0 0 0 0 0 0 0 0 0 0 0 0 0 0 0 0 0 0 0 0 0 0 0 0 0 0 
0 0 0 0 4 0 4 4 0 0 0 0 2 0 1 0 0 0 0 0 0 2 0 0 0 0 0 0 6 2 5 4 
0 0 0 0 29 29 22 23 0 0 0 0 4 8 7 6 0 0 0 0 7 1 4 2 0 0 0 0 39 39 34 31 
0 0 0 0 38 32 28 50 0 0 0 0 14 12 8 4 0 0 0 0 8 8 6 4 0 0 0 0 60 51 44 59 
0 0 0 0 47 41 30 54 0 0 0 0 13 14 16 9 0 0 0 0 4 4 2 3 0 0 0 0 67 61 49 68 
0 0 0 0 41 54 41 45 0 0 0 0 9 6 13 7 0 0 0 0 3 8 6 8 0 0 0 0 53 68 61 61 
0 0 0 0 69 76 69 72 0 0 0 0 23 28 14 8 0 0 0 0 10 10 14 11 0 0 0 0 102 116 100 94 
0 0 0 0 0 0 0 0 0 0 0 0 0 0 0 0 0 0 0 0 0 0 0 0 0 0 0 0 2 6 8 3 
0 0 0 0 0 0 0 0 0 0 0 0 0 0 0 0 0 0 0 0 0 0 0 0 0 0 0 0 0 0 0 0 
0 0 0 0 0 0 0 0 0 0 0 0 0 0 0 0 0 0 0 0 0 0 0 0 0 0 0 0 0 0 0 0 
0 0 0 0 0 1 0 0 0 0 0 0 0 0 0 0 0 0 0 0 0 0 0 0 0 0 0 0 0 1 0 0 
0 0 0 0 20 19 21 25 0 0 0 0 4 7 8 9 0 0 0 0 3 3 3 5 0 0 0 0 26 30 34 39 
0 0 0 0 59 57 69 51 0 0 0 0 13 15 21 12 0 0 0 0 8 4 8 5 0 0 0 0 82 77 98 71 
0 0 0 0 75 69 61 58 0 0 0 0 28 19 20 14 0 0 0 0 19 10 10 10 0 0 0 0 125 99 93 85 
0 0 0 0 49 63 67 60 0 0 0 0 16 21 15 20 0 0 0 0 11 7 6 7 0 0 0 0 76 93 89 89 
0 0 0 0 40 43 34 48 0 0 0 0 8 10 9 10 0 0 0 0 11 9 5 14 0 0 0 0 61 63 50 73 
0 0 0 0 37 27 30 40 0 0 0 0 4 7 7 11 0 0 0 0 8 6 4 8 0 0 0 0 51 40 41 60 
0 0 0 0 20 27 25 21 0 0 0 0 9 5 6 6 0 0 0 0 2 3 3 4 0 0 0 0 32 35 35 32 
0 0 0 0 33 29 31 36 0 0 0 0 9 9 6 5 0 0 0 0 4 9 5 3 0 0 0 0 46 48 43 46 
0 0 0 0 0 0 0 0 0 0 0 0 0 0 0 0 0 0 0 0 0 0 0 0 0 0 0 0 1 1 4 1 
0 0 0 0 7 10 8 14 0 0 0 0 2 1 0 1 0 0 0 0 1 0 2 1 0 0 0 0 11 11 10 16 
0 0 0 0 111 119 117 96 0 0 0 0 38 34 23 22 0 0 0 0 13 13 12 11 0 0 0 0 164 167 153 129 
0 0 0 0 165 148 148 170 0 0 0 0 46 47 36 32 0 0 0 0 24 21 18 26 0 0 0 0 239 217 202 232 
0 0 0 0 131 123 153 125 0 0 0 0 24 30 26 32 0 0 0 0 16 14 23 23 0 0 0 0 173 170 207 184 
0 0 0 0 112 110 99 105 0 0 0 0 23 22 33 21 0 0 0 0 18 21 12 12 0 0 0 0 155 156 145 141 
0 0 0 0 80 80 72 62 0 0 0 0 23 30 30 15 0 0 0 0 12 8 11 18 0 0 0 0 117 119 117 97 
0 0 0 0 43 53 47 44 0 0 0 0 13 19 13 15 0 0 0 0 9 4 6 5 0 0 0 0 66 77 68 67 
0 0 0 0 44 50 38 49 0 0 0 0 15 9 12 10 0 0 0 0 9 6 10 9 0 0 0 0 69 69 61 68 
0 0 0 0 33 25 22 36 0 0 0 0 12 10 7 15 0 0 0 0 4 3 4 7 0 0 0 0 50 38 34 58 
0 0 0 0 19 14 21 27 0 0 0 0 4 6 4 6 0 0 0 0 4 4 1 2 0 0 0 0 29 25 26 35 
0 0 0 0 32 16 20 39 0 0 0 0 9 4 7 9 0 0 0 0 3 3 4 5 0 0 0 0 44 24 33 55 
0 0 0 0 212 256 241 216 0 0 0 0 48 54 51 45 0 0 0 0 29 28 21 19 0 0 0 0 294 341 319 286 
0 0 0 0 328 324 295 267 0 0 0 0 67 59 68 80 0 0 0 0 33 31 36 37 0 0 0 0 434 421 403 387 
0 0 0 0 192 238 210 192 0 0 0 0 50 44 57 43 0 0 0 0 19 23 29 26 0 0 0 0 268 309 301 267 
0 0 0 0 146 142 149 173 0 0 0 0 35 47 36 30 0 0 0 0 17 25 20 15 0 0 0 0 199 216 208 220 
0 0 0 0 121 114 107 127 0 0 0 0 38 21 27 23 0 0 0 0 16 21 23 21 0 0 0 0 176 156 158 175 
0 0 0 0 75 80 77 82 0 0 0 0 18 16 25 16 0 0 0 0 16 11 15 14 0 0 0 0 114 112 118 115 
0 0 0 0 62 56 52 45 0 0 0 0 15 20 16 18 0 0 0 0 10 11 10 13 0 0 0 0 87 89 79 76 
0 0 0 0 26 38 25 40 0 0 0 0 7 9 11 11 0 0 0 0 4 8 2 5 0 0 0 0 37 56 39 56 
0 0 0 0 18 17 13 13 0 0 0 0 4 4 7 6 0 0 0 0 1 4 7 3 0 0 0 0 24 26 27 22 
0 0 0 0 12 11 6 8 0 0 0 0 3 2 3 5 0 0 0 0 1 1 2 1 0 0 0 0 16 14 12 15 
0 0 0 0 3 8 5 6 0 0 0 0 1 1 1 3 0 0 0 0 1 2 1 0 0 0 0 0 5 11 7 10 
0 0 0 0 0 0 0 2 0 0 0 0 0 0 0 0 0 0 0 0 0 0 0 0 0 0 0 0 0 0 0 2 
0 0 0 0 172 183 181 171 0 0 0 0 36 40 37 36 0 0 0 0 19 14 19 21 0 0 0 0 228 240 235 233 
0 0 0 0 110 130 108 118 0 0 0 0 28 37 27 20 0 0 0 0 11 16 10 12 0 0 0 0 152 183 147 155 
0 0 0 0 71 78 105 77 0 0 0 0 22 17 16 17 0 0 0 0 15 19 7 14 0 0 0 0 109 115 129 109 
0 0 0 0 42 37 31 59 0 0 0 0 12 11 8 12 0 0 0 0 11 5 3 4 0 0 0 0 65 54 42 76 
0 0 0 0 19 16 10 24 0 0 0 0 3 7 4 3 0 0 0 0 2 2 0 2 0 0 0 0 24 25 15 29 
0 0 0 0 1 3 2 2 0 0 0 0 1 0 0 0 0 0 0 0 0 2 0 0 0 0 0 0 3 5 2 3 
0 0 0 0 0 0 0 0 0 0 0 0 0 0 0 0 0 0 0 0 0 0 0 0 0 0 0 0 0 0 0 0 
0 0 0 0 0 0 0 0 0 0 0 0 0 0 0 0 0 0 0 0 0 0 0 0 0 0 0 0 0 0 0 0 
0 0 0 0 0 0 0 0 0 0 0 0 0 0 0 0 0 0 0 0 0 0 0 0 0 0 0 0 0 0 0 0 
0 0 0 0 0 0 0 0 0 0 0 0 0 0 0 0 0 0 0 0 0 0 0 0 0 0 0 0 0 0 0 0 
0 0 0 0 0 0 0 0 0 0 0 0 0 0 0 0 0 0 0 0 0 0 0 0 0 0 0 0 0 0 0 0 
0 0 0 0 0 0 0 0 0 0 0 0 0 0 0 0 0 0 0 0 0 0 0 0 0 0 0 0 0 0 0 0 
0 0 0 0 0 0 0 0 0 0 0 0 0 0 0 0 0 0 0 0 0 0 0 0 0 0 0 0 0 0 0 0 
0 0 0 0 0 0 0 0 0 0 0 0 0 0 0 0 0 0 0 0 0 0 0 0 0 0 0 0 0 0 0 0 
0 0 0 0 0 0 0 0 0 0 0 0 0 0 0 0 0 0 0 0 0 0 0 0 0 0 0 0 0 0 0 0 
0 0 0 0 0 0 0 0 0 0 0 0 0 0 0 0 0 0 0 0 0 0 0 0 0 0 0 0 0 0 0 0 
0 0 0 0 0 0 0 0 0 0 0 0 0 0 0 0 0 0 0 0 0 0 0 0 0 0 0 0 0 0 0 0 
0 0 0 0 0 0 0 0 0 0 0 0 0 0 0 0 0 0 0 0 0 0 0 0 0 0 0 0 0 0 0 0 
0 0 0 0 0 0 0 0 0 0 0 0 0 0 0 0 0 0 0 0 0 0 0 0 0 0 0 0 0 0 0 0 
0 0 0 0 0 0 0 0 0 0 0 0 0 0 0 0 0 0 0 0 0 0 0 0 0 0 0 0 0 0 0 0 
0 0 0 0 0 0 0 0 0 0 0 0 0 0 0 0 0 0 0 0 0 0 0 0 0 0 0 0 0 0 0 0 
0 0 0 0 0 0 0 0 0 0 0 0 0 0 0 0 0 0 0 0 0 0 0 0 0 0 0 0 0 0 0 0 
0 0 0 0 0 0 0 0 0 0 0 0 0 0 0 0 0 0 0 0 0 0 0 0 0 0 0 0 0 0 0 0 
0 0 0 0 0 0 0 0 0 0 0 0 0 0 0 0 0 0 0 0 0 0 0 0 0 0 0 0 0 0 0 1 
0 0 0 0 0 0 0 0 0 0 0 0 0 0 0 0 0 0 0 0 0 0 0 0 0 0 0 0 14 11 10 8 
0 0 0 0 0 0 0 0 0 0 0 0 0 0 0 0 0 0 0 0 0 0 0 0 0 0 0 0 0 0 0 0 
0 0 0 0 0 0 0 0 0 0 0 0 0 0 0 0 0 0 0 0 0 0 0 0 0 0 0 0 0 0 0 0 
0 0 0 0 0 0 0 0 0 0 0 0 0 0 0 0 0 0 0 0 0 0 0 0 0 0 0 0 0 0 0 0 
0 0 0 0 0 0 0 0 0 0 0 0 0 0 0 0 0 0 0 0 0 0 0 0 0 0 0 0 0 0 0 0 
0 0 0 0 0 0 0 0 0 0 0 0 0 0 0 0 0 0 0 0 0 0 0 0 0 0 0 0 0 0 0 0 
0 0 0 0 6 2 1 4 0 0 0 0 3 0 0 0 0 0 0 0 0 0 0 0 0 0 0 0 9 2 2 5 
0 0 0 0 20 24 27 23 0 0 0 0 3 11 1 4 0 0 0 0 2 1 5 8 0 0 0 0 25 38 33 35 
0 0 0 0 39 41 31 46 0 0 0 0 11 13 10 10 0 0 0 0 6 5 5 2 0 0 0 0 58 60 46 62 
0 0 0 0 46 47 53 44 0 0 0 0 9 14 11 14 0 0 0 0 13 3 5 9 0 0 0 0 69 65 71 69 
0 0 0 0 57 57 46 39 0 0 0 0 11 8 18 6 0 0 0 0 5 12 6 10 0 0 0 0 75 78 72 55 
0 0 0 0 93 84 80 70 0 0 0 0 22 24 24 16 0 0 0 0 13 13 18 10 0 0 0 0 132 123 126 97 
0 0 0 0 0 0 0 0 0 0 0 0 0 0 0 0 0 0 0 0 0 0 0 0 0 0 0 0 3 5 4 1 
0 0 0 0 0 0 0 0 0 0 0 0 0 0 0 0 0 0 0 0 0 0 0 0 0 0 0 0 0 0 0 0 
0 0 0 0 0 0 0 0 0 0 0 0 0 0 0 0 0 0 0 0 0 0 0 0 0 0 0 0 0 0 0 0 
0 0 0 0 0 0 0 3 0 0 0 0 0 0 0 0 0 0 0 0 0 0 0 0 0 0 0 0 0 0 0 3 
0 0 0 0 31 26 34 25 0 0 0 0 7 8 4 4 0 0 0 0 1 6 2 2 0 0 0 0 40 40 41 31 
0 0 0 0 73 62 63 69 0 0 0 0 14 14 14 17 0 0 0 0 12 8 12 15 0 0 0 0 100 86 91 101 
0 0 0 0 87 86 73 82 0 0 0 0 21 16 23 13 0 0 0 0 7 7 12 15 0 0 0 0 118 112 112 111 
0 0 0 0 61 58 66 83 0 0 0 0 15 18 22 20 0 0 0 0 14 13 7 9 0 0 0 0 95 90 95 115 
0 0 0 0 43 47 57 53 0 0 0 0 14 11 14 16 0 0 0 0 7 17 7 8 0 0 0 0 66 76 81 77 
0 0 0 0 37 33 37 31 0 0 0 0 7 4 11 8 0 0 0 0 11 10 5 10 0 0 0 0 57 47 55 49 
0 0 0 0 22 31 32 27 0 0 0 0 4 5 3 5 0 0 0 0 3 4 3 8 0 0 0 0 29 42 39 40 
0 0 0 0 33 40 37 34 0 0 0 0 6 10 13 6 0 0 0 0 8 11 6 5 0 0 0 0 47 62 59 47 
0 0 0 0 0 0 0 1 0 0 0 0 0 0 0 0 0 0 0 0 0 0 0 0 0 0 0 0 1 2 4 2 
0 0 0 0 5 4 5 15 0 0 0 0 3 2 2 2 0 0 0 0 2 0 1 0 0 0 0 0 10 6 8 17 
0 0 0 0 111 119 109 118 0 0 0 0 30 21 28 15 0 0 0 0 18 14 20 9 0 0 0 0 160 156 162 147 
0 0 0 0 166 163 139 156 0 0 0 0 41 29 35 41 0 0 0 0 26 20 24 26 0 0 0 0 235 212 202 225 
0 0 0 0 139 138 142 133 0 0 0 0 36 41 38 28 0 0 0 0 20 28 29 19 0 0 0 0 201 211 214 184 
0 0 0 0 105 107 116 120 0 0 0 0 30 26 29 21 0 0 0 0 11 23 17 17 0 0 0 0 149 158 166 158 
0 0 0 0 75 78 77 94 0 0 0 0 13 21 16 27 0 0 0 0 12 16 6 18 0 0 0 0 101 117 101 144 
0 0 0 0 62 56 66 69 0 0 0 0 10 19 15 18 0 0 0 0 9 8 15 10 0 0 0 0 81 87 99 100 
0 0 0 0 25 51 48 37 0 0 0 0 7 14 8 17 0 0 0 0 9 14 16 6 0 0 0 0 42 81 74 60 
0 0 0 0 37 27 35 24 0 0 0 0 11 8 10 13 0 0 0 0 9 11 9 13 0 0 0 0 57 46 55 51 
0 0 0 0 25 29 31 22 0 0 0 0 3 6 5 3 0 0 0 0 3 1 8 8 0 0 0 0 31 37 44 34 
0 0 0 0 28 16 21 21 0 0 0 0 6 6 10 4 0 0 0 0 5 5 10 9 0 0 0 0 40 27 42 36 
0 0 0 0 207 220 224 233 0 0 0 0 48 55 45 55 0 0 0 0 20 24 26 21 0 0 0 0 279 305 298 310 
0 0 0 0 301 282 305 348 0 0 0 0 64 72 84 67 0 0 0 0 32 33 26 42 0 0 0 0 400 393 421 469 
0 0 0 0 219 244 228 228 0 0 0 0 50 46 54 46 0 0 0 0 24 36 41 36 0 0 0 0 299 335 328 319 
0 0 0 0 154 163 170 155 0 0 0 0 43 31 36 37 0 0 0 0 20 23 31 19 0 0 0 0 222 221 239 218 
0 0 0 0 101 115 101 108 0 0 0 0 28 30 29 24 0 0 0 0 12 16 28 20 0 0 0 0 143 165 165 155 
0 0 0 0 68 91 62 80 0 0 0 0 15 24 19 12 0 0 0 0 18 13 12 19 0 0 0 0 105 132 94 115 
0 0 0 0 44 53 57 64 0 0 0 0 15 12 12 9 0 0 0 0 8 11 10 11 0 0 0 0 70 78 80 84 
0 0 0 0 34 37 40 37 0 0 0 0 10 6 13 8 0 0 0 0 5 5 10 7 0 0 0 0 50 49 64 53 
0 0 0 0 20 20 14 18 0 0 0 0 7 6 7 3 0 0 0 0 4 5 7 4 0 0 0 0 31 31 28 26 
0 0 0 0 7 11 12 12 0 0 0 0 4 4 2 1 0 0 0 0 4 4 1 1 0 0 0 0 17 19 15 14 
0 0 0 0 4 6 7 4 0 0 0 0 2 0 1 4 0 0 0 0 0 0 1 0 0 0 0 0 8 6 9 8 
0 0 0 0 1 0 0 3 0 0 0 0 0 0 0 1 0 0 0 0 0 0 0 1 0 0 0 0 1 0 0 5 
0 0 0 0 175 184 165 200 0 0 0 0 44 39 39 36 0 0 0 0 25 26 25 18 0 0 0 0 250 253 231 259 
0 0 0 0 136 139 126 131 0 0 0 0 25 34 26 28 0 0 0 0 14 15 21 11 0 0 0 0 177 188 173 175 
0 0 0 0 83 73 73 92 0 0 0 0 25 14 22 14 0 0 0 0 12 12 12 8 0 0 0 0 124 101 107 117 
0 0 0 0 40 39 44 54 0 0 0 0 10 6 14 9 0 0 0 0 4 7 6 2 0 0 0 0 57 53 66 66 
0 0 0 0 16 15 16 14 0 0 0 0 2 3 4 3 0 0 0 0 1 4 3 3 0 0 0 0 20 22 24 20 
0 0 0 0 3 3 1 1 0 0 0 0 0 0 0 0 0 0 0 0 0 0 0 0 0 0 0 0 3 3 1 1 
0 0 0 0 0 0 0 0 0 0 0 0 0 0 0 0 0 0 0 0 0 0 0 0 0 0 0 0 0 0 0 0 
0 0 0 0 0 0 0 0 0 0 0 0 0 0 0 0 0 0 0 0 0 0 0 0 0 0 0 0 0 0 0 0 
0 0 0 0 0 0 0 0 0 0 0 0 0 0 0 0 0 0 0 0 0 0 0 0 0 0 0 0 0 0 0 0 
0 0 0 0 0 0 0 0 0 0 0 0 0 0 0 0 0 0 0 0 0 0 0 0 0 0 0 0 0 0 0 0 
0 0 0 0 0 0 0 0 0 0 0 0 0 0 0 0 0 0 0 0 0 0 0 0 0 0 0 0 0 0 0 0 
0 0 0 0 0 0 0 0 0 0 0 0 0 0 0 0 0 0 0 0 0 0 0 0 0 0 0 0 0 0 0 0 
0 0 0 0 0 0 0 0 0 0 0 0 0 0 0 0 0 0 0 0 0 0 0 0 0 0 0 0 0 0 0 0 
0 0 0 0 0 0 0 0 0 0 0 0 0 0 0 0 0 0 0 0 0 0 0 0 0 0 0 0 0 0 0 0 
0 0 0 0 0 0 0 0 0 0 0 0 0 0 0 0 0 0 0 0 0 0 0 0 0 0 0 0 0 0 0 0 
0 0 0 0 0 0 0 0 0 0 0 0 0 0 0 0 0 0 0 0 0 0 0 0 0 0 0 0 0 0 0 0 
0 0 0 0 0 0 0 0 0 0 0 0 0 0 0 0 0 0 0 0 0 0 0 0 0 0 0 0 0 0 0 0 
0 0 0 0 0 0 0 0 0 0 0 0 0 0 0 0 0 0 0 0 0 0 0 0 0 0 0 0 0 0 0 0 
0 0 0 0 0 0 0 0 0 0 0 0 0 0 0 0 0 0 0 0 0 0 0 0 0 0 0 0 0 0 0 0 
0 0 0 0 0 0 0 0 0 0 0 0 0 0 0 0 0 0 0 0 0 0 0 0 0 0 0 0 0 0 0 0 
0 0 0 0 0 0 0 0 0 0 0 0 0 0 0 0 0 0 0 0 0 0 0 0 0 0 0 0 0 0 0 0 
0 0 0 0 0 0 0 0 0 0 0 0 0 0 0 0 0 0 0 0 0 0 0 0 0 0 0 0 0 0 0 0 
0 0 0 0 0 0 0 0 0 0 0 0 0 0 0 0 0 0 0 0 0 0 0 0 0 0 0 0 0 0 0 0 
0 0 0 0 0 0 0 0 0 0 0 0 0 0 0 0 0 0 0 0 0 0 0 0 0 0 0 0 0 0 0 0 
0 0 0 0 0 0 0 0 0 0 0 0 0 0 0 0 0 0 0 0 0 0 0 0 0 0 0 0 9 11 4 9 
0 0 0 0 0 0 0 0 0 0 0 0 0 0 0 0 0 0 0 0 0 0 0 0 0 0 0 0 0 0 0 0 
0 0 0 0 0 0 0 0 0 0 0 0 0 0 0 0 0 0 0 0 0 0 0 0 0 0 0 0 0 0 0 0 
0 0 0 0 0 0 0 0 0 0 0 0 0 0 0 0 0 0 0 0 0 0 0 0 0 0 0 0 0 0 0 0 
0 0 0 0 0 0 0 0 0 0 0 0 0 0 0 0 0 0 0 0 0 0 0 0 0 0 0 0 0 0 0 0 
0 0 0 0 0 0 0 0 0 0 0 0 0 0 0 0 0 0 0 0 0 0 0 0 0 0 0 0 0 0 0 0 
0 0 0 0 3 1 1 4 0 0 0 0 0 2 0 0 0 0 0 0 0 0 0 0 0 0 0 0 3 3 1 4 
0 0 0 0 21 21 16 24 0 0 0 0 1 7 8 2 0 0 0 0 2 4 1 3 0 0 0 0 24 33 26 31 
0 0 0 0 37 38 28 30 0 0 0 0 4 6 5 7 0 0 0 0 8 12 4 6 0 0 0 0 51 57 37 43 
0 0 0 0 38 38 48 41 0 0 0 0 8 10 8 6 0 0 0 0 7 9 4 7 0 0 0 0 55 57 60 56 
0 0 0 0 64 49 47 56 0 0 0 0 13 14 8 7 0 0 0 0 7 6 5 4 0 0 0 0 85 69 62 68 
0 0 0 0 91 74 68 58 0 0 0 0 27 13 21 17 0 0 0 0 6 7 14 9 0 0 0 0 126 96 104 87 
0 0 0 0 0 0 0 0 0 0 0 0 0 0 0 0 0 0 0 0 0 0 0 0 0 0 0 0 10 3 5 7 
0 0 0 0 0 0 0 0 0 0 0 0 0 0 0 0 0 0 0 0 0 0 0 0 0 0 0 0 0 0 0 0 
0 0 0 0 0 0 0 0 0 0 0 0 0 0 0 0 0 0 0 0 0 0 0 0 0 0 0 0 0 0 0 0 
0 0 0 0 0 0 0 0 0 0 0 0 0 0 0 0 0 0 0 0 0 0 0 0 0 0 0 0 0 0 0 0 
0 0 0 0 25 17 26 22 0 0 0 0 9 5 3 5 0 0 0 0 2 4 4 1 0 0 0 0 36 26 34 27 
0 0 0 0 52 43 47 44 0 0 0 0 12 9 12 12 0 0 0 0 8 11 10 9 0 0 0 0 73 63 68 68 
0 0 0 0 72 69 78 69 0 0 0 0 18 13 16 10 0 0 0 0 7 13 6 12 0 0 0 0 98 98 101 93 
0 0 0 0 60 48 65 49 0 0 0 0 17 13 13 10 0 0 0 0 12 13 10 7 0 0 0 0 91 74 89 66 
0 0 0 0 48 38 36 38 0 0 0 0 8 7 8 11 0 0 0 0 5 7 3 5 0 0 0 0 61 52 47 56 
0 0 0 0 32 32 21 32 0 0 0 0 7 9 8 8 0 0 0 0 5 4 7 4 0 0 0 0 44 49 36 44 
0 0 0 0 23 29 31 17 0 0 0 0 4 5 8 9 0 0 0 0 5 5 2 3 0 0 0 0 33 40 42 30 
0 0 0 0 25 26 33 30 0 0 0 0 8 5 6 10 0 0 0 0 6 6 3 8 0 0 0 0 40 39 45 49 
0 0 0 0 0 0 0 0 0 0 0 0 0 0 0 0 0 0 0 0 0 0 0 0 0 0 0 0 1 0 3 2 
0 0 0 0 10 6 9 11 0 0 0 0 1 3 2 1 0 0 0 0 1 0 0 1 0 0 0 0 11 10 12 13 
0 0 0 0 69 85 102 113 0 0 0 0 8 26 18 18 0 0 0 0 10 10 13 12 0 0 0 0 87 121 136 143 
0 0 0 0 151 136 152 134 0 0 0 0 22 30 25 28 0 0 0 0 19 21 18 15 0 0 0 0 195 190 200 180 
0 0 0 0 135 125 130 121 0 0 0 0 32 22 29 33 0 0 0 0 28 18 16 20 0 0 0 0 197 165 179 180 
0 0 0 0 92 95 91 93 0 0 0 0 18 14 27 19 0 0 0 0 15 13 12 14 0 0 0 0 125 127 134 127 
0 0 0 0 79 70 56 73 0 0 0 0 15 14 23 14 0 0 0 0 14 19 10 12 0 0 0 0 110 107 92 102 
0 0 0 0 50 48 48 57 0 0 0 0 20 11 16 12 0 0 0 0 14 8 14 10 0 0 0 0 87 70 78 81 
0 0 0 0 37 43 32 43 0 0 0 0 8 9 7 11 0 0 0 0 0 6 6 6 0 0 0 0 46 59 46 61 
0 0 0 0 35 24 23 24 0 0 0 0 7 6 1 2 0 0 0 0 9 10 8 6 0 0 0 0 53 40 39 33 
0 0 0 0 21 21 15 17 0 0 0 0 5 1 0 4 0 0 0 0 11 3 3 4 0 0 0 0 37 26 19 25 
0 0 0 0 14 22 17 29 0 0 0 0 2 5 5 8 0 0 0 0 5 6 9 7 0 0 0 0 21 33 31 45 
0 0 0 0 169 218 211 156 0 0 0 0 40 41 38 44 0 0 0 0 22 21 19 23 0 0 0 0 234 284 271 226 
0 0 0 0 231 270 275 266 0 0 0 0 55 61 47 54 0 0 0 0 37 29 30 34 0 0 0 0 329 366 358 356 
0 0 0 0 173 216 169 206 0 0 0 0 30 34 35 39 0 0 0 0 23 24 22 27 0 0 0 0 229 278 229 278 
0 0 0 0 158 134 123 144 0 0 0 0 32 24 31 18 0 0 0 0 17 22 15 20 0 0 0 0 210 182 170 183 
0 0 0 0 83 88 92 96 0 0 0 0 25 24 23 21 0 0 0 0 22 15 18 14 0 0 0 0 135 129 137 131 
0 0 0 0 77 78 78 53 0 0 0 0 14 14 22 11 0 0 0 0 17 10 13 19 0 0 0 0 110 110 114 83 
0 0 0 0 41 34 44 35 0 0 0 0 9 12 15 18 0 0 0 0 5 7 8 5 0 0 0 0 59 53 67 58 
0 0 0 0 28 28 28 26 0 0 0 0 7 8 5 6 0 0 0 0 6 8 4 5 0 0 0 0 41 44 38 38 
0 0 0 0 21 9 12 15 0 0 0 0 2 4 2 7 0 0 0 0 3 3 4 5 0 0 0 0 26 16 18 27 
0 0 0 0 17 11 9 5 0 0 0 0 2 4 3 1 0 0 0 0 2 4 3 0 0 0 0 0 21 19 15 6 
0 0 0 0 6 5 5 11 0 0 0 0 1 0 1 3 0 0 0 0 0 3 3 4 0 0 0 0 7 8 9 18 
0 0 0 0 1 0 0 4 0 0 0 0 0 0 0 0 0 0 0 0 0 0 0 0 0 0 0 0 1 0 0 4 
0 0 0 0 152 176 146 140 0 0 0 0 46 26 37 31 0 0 0 0 13 16 23 22 0 0 0 0 215 220 209 194 
0 0 0 0 93 101 99 104 0 0 0 0 23 26 24 29 0 0 0 0 7 21 16 16 0 0 0 0 128 151 143 153 
0 0 0 0 59 73 66 61 0 0 0 0 17 4 11 18 0 0 0 0 10 11 12 12 0 0 0 0 88 89 90 92 
0 0 0 0 28 38 30 33 0 0 0 0 10 7 9 4 0 0 0 0 6 13 7 6 0 0 0 0 45 60 46 44 
0 0 0 0 10 6 11 8 0 0 0 0 2 6 3 4 0 0 0 0 1 1 2 3 0 0 0 0 13 14 16 15 
0 0 0 0 1 4 2 2 0 0 0 0 1 0 1 1 0 0 0 0 0 0 0 0 0 0 0 0 2 4 3 3 
0 0 0 0 0 0 0 0 0 0 0 0 0 0 0 0 0 0 0 0 0 0 0 0 0 0 0 0 0 0 0 0 
0 0 0 0 0 0 0 0 0 0 0 0 0 0 0 0 0 0 0 0 0 0 0 0 0 0 0 0 0 0 0 0 
0 0 0 0 0 0 0 0 0 0 0 0 0 0 0 0 0 0 0 0 0 0 0 0 0 0 0 0 0 0 0 0 
0 0 0 0 0 0 0 0 0 0 0 0 0 0 0 0 0 0 0 0 0 0 0 0 0 0 0 0 0 0 0 0 
0 0 0 0 0 0 0 0 0 0 0 0 0 0 0 0 0 0 0 0 0 0 0 0 0 0 0 0 0 0 0 0 
0 0 0 0 0 0 0 0 0 0 0 0 0 0 0 0 0 0 0 0 0 0 0 0 0 0 0 0 0 0 0 0 
0 0 0 0 0 0 0 0 0 0 0 0 0 0 0 0 0 0 0 0 0 0 0 0 0 0 0 0 0 0 0 0 
0 0 0 0 0 0 0 0 0 0 0 0 0 0 0 0 0 0 0 0 0 0 0 0 0 0 0 0 0 0 0 0 
0 0 0 0 0 0 0 0 0 0 0 0 0 0 0 0 0 0 0 0 0 0 0 0 0 0 0 0 0 0 0 0 
0 0 0 0 0 0 0 0 0 0 0 0 0 0 0 0 0 0 0 0 0 0 0 0 0 0 0 0 0 0 0 0 
0 0 0 0 0 0 0 0 0 0 0 0 0 0 0 0 0 0 0 0 0 0 0 0 0 0 0 0 0 0 0 0 
0 0 0 0 0 0 0 0 0 0 0 0 0 0 0 0 0 0 0 0 0 0 0 0 0 0 0 0 0 0 0 0 
0 0 0 0 0 0 0 0 0 0 0 0 0 0 0 0 0 0 0 0 0 0 0 0 0 0 0 0 0 0 0 0 
0 0 0 0 0 0 0 0 0 0 0 0 0 0 0 0 0 0 0 0 0 0 0 0 0 0 0 0 0 0 0 0 
0 0 0 0 0 0 0 0 0 0 0 0 0 0 0 0 0 0 0 0 0 0 0 0 0 0 0 0 0 0 0 0 
0 0 0 0 0 0 0 0 0 0 0 0 0 0 0 0 0 0 0 0 0 0 0 0 0 0 0 0 0 0 0 0 
0 0 0 0 0 0 0 0 0 0 0 0 0 0 0 0 0 0 0 0 0 0 0 0 0 0 0 0 0 0 0 0 
0 0 0 0 0 0 0 0 0 0 0 0 0 0 0 0 0 0 0 0 0 0 0 0 0 0 0 0 0 0 0 0 
0 0 0 0 0 0 0 0 0 0 0 0 0 0 0 0 0 0 0 0 0 0 0 0 0 0 0 0 4 2 5 3 
0 0 0 0 0 0 0 0 0 0 0 0 0 0 0 0 0 0 0 0 0 0 0 0 0 0 0 0 0 0 0 0 
0 0 0 0 0 0 0 0 0 0 0 0 0 0 0 0 0 0 0 0 0 0 0 0 0 0 0 0 0 0 0 0 
0 0 0 0 0 0 0 0 0 0 0 0 0 0 0 0 0 0 0 0 0 0 0 0 0 0 0 0 0 0 0 0 
0 0 0 0 0 0 0 0 0 0 0 0 0 0 0 0 0 0 0 0 0 0 0 0 0 0 0 0 0 0 0 0 
0 0 0 0 0 0 0 0 0 0 0 0 0 0 0 0 0 0 0 0 0 0 0 0 0 0 0 0 0 0 0 0 
0 0 0 0 2 2 3 1 0 0 0 0 0 0 0 0 0 0 0 0 0 0 0 0 0 0 0 0 3 2 3 1 
0 0 0 0 11 10 8 8 0 0 0 0 3 2 5 3 0 0 0 0 0 1 1 1 0 0 0 0 15 13 14 12 
0 0 0 0 14 11 11 12 0 0 0 0 2 3 2 3 0 0 0 0 0 5 1 1 0 0 0 0 16 20 15 16 
0 0 0 0 16 28 12 18 0 0 0 0 2 8 1 3 0 0 0 0 3 4 3 4 0 0 0 0 21 38 17 25 
0 0 0 0 24 12 25 25 0 0 0 0 2 2 5 1 0 0 0 0 4 2 2 4 0 0 0 0 31 16 32 31 
0 0 0 0 27 32 31 28 0 0 0 0 3 11 8 5 0 0 0 0 4 5 0 3 0 0 0 0 36 47 40 39 
0 0 0 0 0 0 0 0 0 0 0 0 0 0 0 0 0 0 0 0 0 0 0 0 0 0 0 0 0 2 3 2 
0 0 0 0 0 0 0 0 0 0 0 0 0 0 0 0 0 0 0 0 0 0 0 0 0 0 0 0 0 0 0 0 
0 0 0 0 0 0 0 0 0 0 0 0 0 0 0 0 0 0 0 0 0 0 0 0 0 0 0 0 0 0 0 0 
0 0 0 0 0 0 0 0 0 0 0 0 0 0 0 0 0 0 0 0 0 0 0 0 0 0 0 0 0 0 0 0 
0 0 0 0 15 10 8 9 0 0 0 0 0 1 3 4 0 0 0 0 1 1 4 2 0 0 0 0 18 12 15 15 
0 0 0 0 25 21 15 19 0 0 0 0 3 6 7 6 0 0 0 0 2 3 3 2 0 0 0 0 31 30 25 30 
0 0 0 0 40 27 21 38 0 0 0 0 4 5 3 4 0 0 0 0 3 3 12 5 0 0 0 0 49 35 37 48 
0 0 0 0 25 22 30 23 0 0 0 0 3 5 8 3 0 0 0 0 3 1 3 2 0 0 0 0 32 29 41 30 
0 0 0 0 20 12 12 23 0 0 0 0 3 3 9 5 0 0 0 0 1 6 2 3 0 0 0 0 25 22 24 32 
0 0 0 0 12 10 10 11 0 0 0 0 0 3 1 4 0 0 0 0 3 1 7 4 0 0 0 0 17 14 18 19 
0 0 0 0 6 10 10 9 0 0 0 0 3 1 3 1 0 0 0 0 0 0 0 1 0 0 0 0 10 11 13 11 
0 0 0 0 13 6 18 9 0 0 0 0 5 4 2 2 0 0 0 0 1 2 2 1 0 0 0 0 20 12 22 12 
0 0 0 0 0 0 0 0 0 0 0 0 0 0 0 0 0 0 0 0 0 0 0 0 0 0 0 0 1 1 0 0 
0 0 0 0 3 4 5 1 0 0 0 0 0 0 0 1 0 0 0 0 0 0 1 0 0 0 0 0 3 4 6 2 
0 0 0 0 37 46 33 35 0 0 0 0 8 3 6 12 0 0 0 0 4 3 5 7 0 0 0 0 50 53 45 57 
0 0 0 0 62 55 67 64 0 0 0 0 13 14 16 10 0 0 0 0 9 4 5 7 0 0 0 0 85 76 89 81 
0 0 0 0 51 68 39 51 0 0 0 0 13 10 7 10 0 0 0 0 6 6 12 9 0 0 0 0 70 84 59 70 
0 0 0 0 31 48 40 49 0 0 0 0 5 5 9 10 0 0 0 0 6 4 11 6 0 0 0 0 44 58 63 67 
0 0 0 0 20 32 29 35 0 0 0 0 3 7 5 6 0 0 0 0 3 7 8 7 0 0 0 0 27 48 44 50 
0 0 0 0 28 26 19 12 0 0 0 0 7 5 5 6 0 0 0 0 3 3 4 5 0 0 0 0 39 35 29 23 
0 0 0 0 9 18 16 13 0 0 0 0 3 6 3 4 0 0 0 0 3 2 3 4 0 0 0 0 15 28 23 21 
0 0 0 0 10 11 12 7 0 0 0 0 1 2 4 2 0 0 0 0 3 3 3 3 0 0 0 0 14 16 19 12 
0 0 0 0 7 10 4 9 0 0 0 0 4 2 1 1 0 0 0 0 2 2 0 1 0 0 0 0 13 15 5 11 
0 0 0 0 8 5 12 7 0 0 0 0 4 4 1 6 0 0 0 0 1 0 1 0 0 0 0 0 13 10 14 13 
0 0 0 0 81 89 77 90 0 0 0 0 15 17 15 13 0 0 0 0 4 9 12 10 0 0 0 0 104 117 106 115 
0 0 0 0 128 103 85 114 0 0 0 0 20 35 20 31 0 0 0 0 15 20 13 18 0 0 0 0 166 159 121 163 
0 0 0 0 78 70 66 70 0 0 0 0 17 12 9 25 0 0 0 0 10 17 17 10 0 0 0 0 107 99 94 107 
0 0 0 0 47 62 63 42 0 0 0 0 13 10 4 16 0 0 0 0 12 4 11 11 0 0 0 0 74 78 80 71 
0 0 0 0 47 41 32 31 0 0 0 0 8 9 7 9 0 0 0 0 5 5 5 8 0 0 0 0 61 56 45 51 
0 0 0 0 34 35 21 34 0 0 0 0 5 8 6 4 0 0 0 0 5 3 2 6 0 0 0 0 45 48 30 45 
0 0 0 0 13 25 25 24 0 0 0 0 3 4 4 5 0 0 0 0 5 1 4 6 0 0 0 0 21 30 34 36 
0 0 0 0 10 14 13 12 0 0 0 0 3 0 1 2 0 0 0 0 1 3 1 3 0 0 0 0 14 17 15 17 
0 0 0 0 14 13 6 5 0 0 0 0 1 4 1 3 0 0 0 0 2 1 2 2 0 0 0 0 17 19 9 10 
0 0 0 0 4 1 9 3 0 0 0 0 0 0 2 2 0 0 0 0 0 1 1 2 0 0 0 0 4 2 12 7 
0 0 0 0 1 1 4 1 0 0 0 0 0 0 0 0 0 0 0 0 0 0 0 2 0 0 0 0 1 1 4 3 
0 0 0 0 0 0 1 0 0 0 0 0 0 0 0 0 0 0 0 0 0 0 0 0 0 0 0 0 0 0 1 0 
0 0 0 0 63 84 65 79 0 0 0 0 15 14 9 10 0 0 0 0 8 9 17 7 0 0 0 0 87 107 92 99 
0 0 0 0 46 46 41 46 0 0 0 0 12 9 13 10 0 0 0 0 9 7 4 9 0 0 0 0 68 63 62 66 
0 0 0 0 33 27 29 32 0 0 0 0 8 4 6 5 0 0 0 0 2 2 7 2 0 0 0 0 44 33 43 39 
0 0 0 0 15 26 21 16 0 0 0 0 3 8 6 6 0 0 0 0 4 3 1 1 0 0 0 0 23 38 30 23 
0 0 0 0 5 6 8 8 0 0 0 0 3 1 0 0 0 0 0 0 1 1 2 0 0 0 0 0 10 8 10 8 
0 0 0 0 0 0 2 4 0 0 0 0 0 0 0 0 0 0 0 0 2 0 0 0 0 0 0 0 2 0 2 4 
0 0 0 0 0 0 0 0 0 0 0 0 0 0 0 0 0 0 0 0 0 0 0 0 0 0 0 0 0 0 0 0 
0 0 0 0 0 0 0 0 0 0 0 0 0 0 0 0 0 0 0 0 0 0 0 0 0 0 0 0 0 0 0 0 
0 0 0 0 0 0 0 0 0 0 0 0 0 0 0 0 0 0 0 0 0 0 0 0 0 0 0 0 0 0 0 0 
0 0 0 0 0 0 0 0 0 0 0 0 0 0 0 0 0 0 0 0 0 0 0 0 0 0 0 0 0 0 0 0 
0 0 0 0 0 0 0 0 0 0 0 0 0 0 0 0 0 0 0 0 0 0 0 0 0 0 0 0 0 0 0 0 
0 0 0 0 0 0 0 0 0 0 0 0 0 0 0 0 0 0 0 0 0 0 0 0 0 0 0 0 0 0 0 0 
0 0 0 0 0 0 0 0 0 0 0 0 0 0 0 0 0 0 0 0 0 0 0 0 0 0 0 0 0 0 0 0 
0 0 0 0 0 0 0 0 0 0 0 0 0 0 0 0 0 0 0 0 0 0 0 0 0 0 0 0 0 0 0 0 
0 0 0 0 0 0 0 0 0 0 0 0 0 0 0 0 0 0 0 0 0 0 0 0 0 0 0 0 0 0 0 0 
0 0 0 0 0 0 0 0 0 0 0 0 0 0 0 0 0 0 0 0 0 0 0 0 0 0 0 0 0 0 0 0 
0 0 0 0 0 0 0 0 0 0 0 0 0 0 0 0 0 0 0 0 0 0 0 0 0 0 0 0 0 0 0 0 
0 0 0 0 0 0 0 0 0 0 0 0 0 0 0 0 0 0 0 0 0 0 0 0 0 0 0 0 0 0 0 0 
0 0 0 0 0 0 0 0 0 0 0 0 0 0 0 0 0 0 0 0 0 0 0 0 0 0 0 0 0 0 0 0 
0 0 0 0 0 0 0 0 0 0 0 0 0 0 0 0 0 0 0 0 0 0 0 0 0 0 0 0 0 0 0 0 
0 0 0 0 0 0 0 0 0 0 0 0 0 0 0 0 0 0 0 0 0 0 0 0 0 0 0 0 0 0 0 0 
0 0 0 0 0 0 0 0 0 0 0 0 0 0 0 0 0 0 0 0 0 0 0 0 0 0 0 0 0 0 0 0 
0 0 0 0 0 0 0 0 0 0 0 0 0 0 0 0 0 0 0 0 0 0 0 0 0 0 0 0 0 0 0 0 
0 0 0 0 0 0 0 0 0 0 0 0 0 0 0 0 0 0 0 0 0 0 0 0 0 0 0 0 0 0 0 0 
0 0 0 0 0 0 0 0 0 0 0 0 0 0 0 0 0 0 0 0 0 0 0 0 0 0 0 0 0 0 4 4 
0 0 0 0 0 0 0 0 0 0 0 0 0 0 0 0 0 0 0 0 0 0 0 0 0 0 0 0 0 0 0 0 
0 0 0 0 0 0 0 0 0 0 0 0 0 0 0 0 0 0 0 0 0 0 0 0 0 0 0 0 0 0 0 0 
0 0 0 0 0 0 0 0 0 0 0 0 0 0 0 0 0 0 0 0 0 0 0 0 0 0 0 0 0 0 0 0 
0 0 0 0 0 0 0 0 0 0 0 0 0 0 0 0 0 0 0 0 0 0 0 0 0 0 0 0 0 0 0 0 
0 0 0 0 0 0 0 0 0 0 0 0 0 0 0 0 0 0 0 0 0 0 0 0 0 0 0 0 0 0 0 0 
0 0 0 0 0 1 1 0 0 0 0 0 0 0 0 1 0 0 0 0 0 0 0 0 0 0 0 0 0 1 1 1 
0 0 0 0 4 8 6 7 0 0 0 0 1 0 0 0 0 0 0 0 0 2 1 1 0 0 0 0 5 10 7 8 
0 0 0 0 9 7 8 7 0 0 0 0 2 0 3 0 0 0 0 0 2 3 0 0 0 0 0 0 13 10 11 7 
0 0 0 0 11 11 5 7 0 0 0 0 3 1 2 2 0 0 0 0 3 0 0 0 0 0 0 0 17 12 9 11 
0 0 0 0 7 11 14 11 0 0 0 0 0 0 2 2 0 0 0 0 3 2 0 2 0 0 0 0 10 13 17 15 
0 0 0 0 22 16 14 14 0 0 0 0 2 1 4 4 0 0 0 0 6 4 0 4 0 0 0 0 30 21 18 23 
0 0 0 0 0 0 0 0 0 0 0 0 0 0 0 0 0 0 0 0 0 0 0 0 0 0 0 0 1 1 0 2 
0 0 0 0 0 0 0 0 0 0 0 0 0 0 0 0 0 0 0 0 0 0 0 0 0 0 0 0 0 0 0 0 
0 0 0 0 0 0 0 0 0 0 0 0 0 0 0 0 0 0 0 0 0 0 0 0 0 0 0 0 0 0 0 0 
0 0 0 0 0 0 0 0 0 0 0 0 0 0 0 0 0 0 0 0 0 0 0 0 0 0 0 0 0 0 0 0 
0 0 0 0 10 6 2 6 0 0 0 0 1 0 2 0 0 0 0 0 3 2 2 0 0 0 0 0 14 8 6 6 
0 0 0 0 16 10 14 13 0 0 0 0 3 0 4 6 0 0 0 0 0 1 2 2 0 0 0 0 21 12 21 21 
0 0 0 0 15 18 12 10 0 0 0 0 2 1 1 5 0 0 0 0 4 1 1 2 0 0 0 0 21 20 15 19 
0 0 0 0 9 12 11 11 0 0 0 0 4 7 2 1 0 0 0 0 0 1 3 2 0 0 0 0 14 20 16 14 
0 0 0 0 5 14 10 6 0 0 0 0 1 1 5 2 0 0 0 0 2 1 1 2 0 0 0 0 8 17 16 10 
0 0 0 0 8 3 8 7 0 0 0 0 1 1 1 0 0 0 0 0 0 0 2 1 0 0 0 0 9 4 11 8 
0 0 0 0 2 8 2 3 0 0 0 0 1 0 0 2 0 0 0 0 0 0 0 0 0 0 0 0 3 8 2 6 
0 0 0 0 7 5 11 5 0 0 0 0 2 0 4 2 0 0 0 0 1 3 2 1 0 0 0 0 10 8 18 8 
0 0 0 0 0 0 0 0 0 0 0 0 0 0 0 0 0 0 0 0 0 0 0 0 0 0 0 0 0 0 0 1 
0 0 0 0 1 0 0 1 0 0 0 0 0 0 0 1 0 0 0 0 1 0 0 0 0 0 0 0 2 0 0 2 
0 0 0 0 23 23 19 29 0 0 0 0 4 7 7 2 0 0 0 0 1 0 3 2 0 0 0 0 28 32 29 33 
0 0 0 0 30 30 25 28 0 0 0 0 1 10 6 7 0 0 0 0 3 7 5 6 0 0 0 0 36 48 36 42 
0 0 0 0 38 33 27 29 0 0 0 0 4 4 7 8 0 0 0 0 1 5 4 1 0 0 0 0 44 44 39 38 
0 0 0 0 14 19 27 25 0 0 0 0 6 3 3 5 0 0 0 0 3 3 4 3 0 0 0 0 23 25 34 34 
0 0 0 0 10 17 14 14 0 0 0 0 3 2 1 2 0 0 0 0 5 2 2 3 0 0 0 0 19 21 17 19 
0 0 0 0 10 7 8 12 0 0 0 0 5 2 2 1 0 0 0 0 2 3 1 2 0 0 0 0 17 12 11 16 
0 0 0 0 6 12 8 6 0 0 0 0 4 2 2 2 0 0 0 0 0 2 5 3 0 0 0 0 10 17 16 12 
0 0 0 0 8 8 3 1 0 0 0 0 1 3 0 1 0 0 0 0 1 5 1 1 0 0 0 0 10 16 4 3 
0 0 0 0 8 3 5 3 0 0 0 0 1 1 0 2 0 0 0 0 1 1 1 1 0 0 0 0 10 5 6 6 
0 0 0 0 3 4 4 4 0 0 0 0 3 2 1 3 0 0 0 0 1 1 1 0 0 0 0 0 8 7 6 8 
0 0 0 0 49 45 53 57 0 0 0 0 7 5 8 9 0 0 0 0 5 7 5 5 0 0 0 0 62 59 68 72 
0 0 0 0 47 46 56 49 0 0 0 0 7 11 14 8 0 0 0 0 9 7 8 12 0 0 0 0 63 63 79 71 
0 0 0 0 54 46 50 36 0 0 0 0 6 5 11 6 0 0 0 0 8 6 8 6 0 0 0 0 68 59 72 49 
0 0 0 0 27 33 32 35 0 0 0 0 3 5 6 6 0 0 0 0 5 4 5 4 0 0 0 0 36 42 44 46 
0 0 0 0 15 24 21 19 0 0 0 0 2 3 2 6 0 0 0 0 6 4 6 3 0 0 0 0 23 32 29 28 
0 0 0 0 13 15 11 16 0 0 0 0 0 4 2 4 0 0 0 0 3 4 1 3 0 0 0 0 16 23 14 23 
0 0 0 0 6 10 10 5 0 0 0 0 1 3 1 0 0 0 0 0 6 3 3 1 0 0 0 0 14 18 15 6 
0 0 0 0 7 5 7 7 0 0 0 0 1 2 2 2 0 0 0 0 1 0 1 1 0 0 0 0 10 8 10 10 
0 0 0 0 4 1 3 1 0 0 0 0 0 0 1 0 0 0 0 0 1 2 0 1 0 0 0 0 5 4 4 2 
0 0 0 0 3 0 3 2 0 0 0 0 1 0 0 0 0 0 0 0 1 0 1 2 0 0 0 0 5 0 4 4 
0 0 0 0 1 3 0 2 0 0 0 0 0 0 1 0 0 0 0 0 2 0 0 0 0 0 0 0 3 3 1 2 
0 0 0 0 0 0 0 0 0 0 0 0 0 0 0 0 0 0 0 0 0 0 0 0 0 0 0 0 0 0 0 0 
0 0 0 0 29 37 37 43 0 0 0 0 7 7 7 7 0 0 0 0 4 4 4 5 0 0 0 0 42 48 49 56 
0 0 0 0 18 25 20 28 0 0 0 0 4 7 7 2 0 0 0 0 2 5 5 3 0 0 0 0 25 37 33 34 
0 0 0 0 14 11 20 16 0 0 0 0 4 4 5 3 0 0 0 0 3 3 4 3 0 0 0 0 21 18 29 22 
0 0 0 0 9 6 12 7 0 0 0 0 1 3 1 2 0 0 0 0 2 2 3 5 0 0 0 0 12 11 16 14 
0 0 0 0 5 3 2 5 0 0 0 0 1 0 1 1 0 0 0 0 0 1 0 0 0 0 0 0 6 4 3 6 
0 0 0 0 1 0 0 0 0 0 0 0 0 0 0 0 0 0 0 0 0 0 1 0 0 0 0 0 1 0 1 0 
0 0 0 0 0 0 0 0 0 0 0 0 0 0 0 0 0 0 0 0 0 0 0 0 0 0 0 0 0 0 0 0 
0 0 0 0 0 0 0 0 0 0 0 0 0 0 0 0 0 0 0 0 0 0 0 0 0 0 0 0 0 0 0 0 
0 0 0 0 0 0 0 0 0 0 0 0 0 0 0 0 0 0 0 0 0 0 0 0 0 0 0 0 0 0 0 0 
0 0 0 0 0 0 0 0 0 0 0 0 0 0 0 0 0 0 0 0 0 0 0 0 0 0 0 0 0 0 0 0 
0 0 0 0 0 0 0 0 0 0 0 0 0 0 0 0 0 0 0 0 0 0 0 0 0 0 0 0 0 0 0 0 
0 0 0 0 0 0 0 0 0 0 0 0 0 0 0 0 0 0 0 0 0 0 0 0 0 0 0 0 0 0 0 0 
0 0 0 0 0 0 0 0 0 0 0 0 0 0 0 0 0 0 0 0 0 0 0 0 0 0 0 0 0 0 0 0 
0 0 0 0 0 0 0 0 0 0 0 0 0 0 0 0 0 0 0 0 0 0 0 0 0 0 0 0 0 0 0 0 
0 0 0 0 0 0 0 0 0 0 0 0 0 0 0 0 0 0 0 0 0 0 0 0 0 0 0 0 0 0 0 0 
0 0 0 0 0 0 0 0 0 0 0 0 0 0 0 0 0 0 0 0 0 0 0 0 0 0 0 0 0 0 0 0 
0 0 0 0 0 0 0 0 0 0 0 0 0 0 0 0 0 0 0 0 0 0 0 0 0 0 0 0 0 0 0 0 
0 0 0 0 0 0 0 0 0 0 0 0 0 0 0 0 0 0 0 0 0 0 0 0 0 0 0 0 0 0 0 0 
0 0 0 0 0 0 0 0 0 0 0 0 0 0 0 0 0 0 0 0 0 0 0 0 0 0 0 0 0 0 0 0 
0 0 0 0 0 0 0 0 0 0 0 0 0 0 0 0 0 0 0 0 0 0 0 0 0 0 0 0 0 0 0 0 
0 0 0 0 0 0 0 0 0 0 0 0 0 0 0 0 0 0 0 0 0 0 0 0 0 0 0 0 0 0 0 0 
0 0 0 0 0 0 0 0 0 0 0 0 0 0 0 0 0 0 0 0 0 0 0 0 0 0 0 0 0 0 0 0 
0 0 0 0 0 0 0 0 0 0 0 0 0 0 0 0 0 0 0 0 0 0 0 0 0 0 0 0 0 0 0 0 
0 0 0 0 0 0 0 0 0 0 0 0 0 0 0 0 0 0 0 0 0 0 0 0 0 0 0 0 0 0 0 0 
0 0 0 0 0 0 0 0 0 0 0 0 0 0 0 0 0 0 0 0 0 0 0 0 0 0 0 0 3 4 2 2 
0 0 0 0 0 0 0 0 0 0 0 0 0 0 0 0 0 0 0 0 0 0 0 0 0 0 0 0 0 0 0 0 
0 0 0 0 0 0 0 0 0 0 0 0 0 0 0 0 0 0 0 0 0 0 0 0 0 0 0 0 0 0 0 0 
0 0 0 0 0 0 0 0 0 0 0 0 0 0 0 0 0 0 0 0 0 0 0 0 0 0 0 0 0 0 0 0 
0 0 0 0 0 0 0 0 0 0 0 0 0 0 0 0 0 0 0 0 0 0 0 0 0 0 0 0 0 0 0 0 
0 0 0 0 0 0 0 0 0 0 0 0 0 0 0 0 0 0 0 0 0 0 0 0 0 0 0 0 0 0 0 0 
0 0 0 0 1 0 0 0 0 0 0 0 0 0 0 0 0 0 0 0 0 0 0 1 0 0 0 0 1 0 0 1 
0 0 0 0 6 5 5 7 0 0 0 0 1 1 0 1 0 0 0 0 0 0 2 0 0 0 0 0 7 6 7 8 
0 0 0 0 6 6 13 15 0 0 0 0 1 4 2 1 0 0 0 0 0 3 2 0 0 0 0 0 8 13 17 16 
0 0 0 0 10 15 11 11 0 0 0 0 0 2 4 4 0 0 0 0 3 0 0 2 0 0 0 0 13 17 16 17 
0 0 0 0 12 7 5 6 0 0 0 0 3 0 2 0 0 0 0 0 1 0 0 0 0 0 0 0 16 7 7 7 
0 0 0 0 19 15 20 20 0 0 0 0 4 2 2 3 0 0 0 0 0 3 2 1 0 0 0 0 23 20 25 24 
0 0 0 0 0 0 0 0 0 0 0 0 0 0 0 0 0 0 0 0 0 0 0 0 0 0 0 0 0 1 0 0 
0 0 0 0 0 0 0 0 0 0 0 0 0 0 0 0 0 0 0 0 0 0 0 0 0 0 0 0 0 0 0 0 
0 0 0 0 0 0 0 0 0 0 0 0 0 0 0 0 0 0 0 0 0 0 0 0 0 0 0 0 0 0 0 0 
0 0 0 0 0 0 0 0 0 0 0 0 0 0 0 0 0 0 0 0 0 0 0 0 0 0 0 0 0 0 0 0 
0 0 0 0 9 5 10 4 0 0 0 0 0 0 1 4 0 0 0 0 0 1 0 1 0 0 0 0 9 6 11 9 
0 0 0 0 9 12 16 13 0 0 0 0 2 3 5 2 0 0 0 0 2 2 3 2 0 0 0 0 14 17 24 17 
0 0 0 0 15 18 11 24 0 0 0 0 4 8 3 4 0 0 0 0 3 6 0 3 0 0 0 0 22 33 14 31 
0 0 0 0 15 13 11 11 0 0 0 0 2 7 4 4 0 0 0 0 2 2 5 1 0 0 0 0 20 24 20 16 
0 0 0 0 8 11 6 16 0 0 0 0 1 3 3 4 0 0 0 0 0 2 4 2 0 0 0 0 9 16 14 22 
0 0 0 0 9 6 8 8 0 0 0 0 0 1 4 2 0 0 0 0 1 2 1 3 0 0 0 0 10 9 13 14 
0 0 0 0 5 5 11 5 0 0 0 0 1 0 1 0 0 0 0 0 2 1 0 1 0 0 0 0 8 6 12 7 
0 0 0 0 7 9 8 4 0 0 0 0 0 1 1 1 0 0 0 0 0 0 0 0 0 0 0 0 7 10 9 5 
0 0 0 0 0 0 0 0 0 0 0 0 0 0 0 0 0 0 0 0 0 0 0 0 0 0 0 0 1 0 0 0 
0 0 0 0 1 0 1 1 0 0 0 0 0 0 0 0 0 0 0 0 0 0 0 0 0 0 0 0 1 0 1 1 
0 0 0 0 18 25 20 30 0 0 0 0 5 3 4 7 0 0 0 0 1 3 5 1 0 0 0 0 24 32 30 38 
0 0 0 0 34 27 38 31 0 0 0 0 4 6 4 2 0 0 0 0 2 4 2 5 0 0 0 0 40 40 44 39 
0 0 0 0 36 28 25 29 0 0 0 0 5 6 7 4 0 0 0 0 2 1 4 3 0 0 0 0 43 35 37 36 
0 0 0 0 21 20 24 25 0 0 0 0 1 6 5 8 0 0 0 0 5 3 2 2 0 0 0 0 27 30 34 36 
0 0 0 0 16 10 16 22 0 0 0 0 4 5 0 4 0 0 0 0 3 6 3 1 0 0 0 0 23 21 19 27 
0 0 0 0 13 23 8 13 0 0 0 0 0 3 2 4 0 0 0 0 3 3 2 2 0 0 0 0 16 30 13 20 
0 0 0 0 8 9 5 8 0 0 0 0 2 0 3 2 0 0 0 0 2 1 2 0 0 0 0 0 12 10 10 10 
0 0 0 0 6 1 5 5 0 0 0 0 2 1 1 0 0 0 0 0 2 2 2 1 0 0 0 0 10 4 8 6 
0 0 0 0 2 9 4 3 0 0 0 0 1 2 1 0 0 0 0 0 1 0 3 3 0 0 0 0 4 11 8 6 
0 0 0 0 4 7 7 6 0 0 0 0 0 0 0 0 0 0 0 0 1 1 2 2 0 0 0 0 5 8 9 9 
0 0 0 0 51 42 61 52 0 0 0 0 12 10 12 11 0 0 0 0 4 12 4 7 0 0 0 0 67 65 78 72 
0 0 0 0 64 64 51 70 0 0 0 0 6 15 13 13 0 0 0 0 8 9 7 6 0 0 0 0 79 90 71 91 
0 0 0 0 41 46 51 42 0 0 0 0 11 6 5 10 0 0 0 0 6 10 7 7 0 0 0 0 59 64 63 60 
0 0 0 0 25 27 41 34 0 0 0 0 6 3 5 7 0 0 0 0 3 7 5 3 0 0 0 0 38 41 55 45 
0 0 0 0 22 26 27 17 0 0 0 0 4 5 8 5 0 0 0 0 3 5 6 3 0 0 0 0 30 37 42 26 
0 0 0 0 12 23 24 19 0 0 0 0 2 1 5 3 0 0 0 0 3 4 9 6 0 0 0 0 18 28 38 28 
0 0 0 0 9 13 11 14 0 0 0 0 3 3 3 2 0 0 0 0 2 3 3 4 0 0 0 0 14 19 18 20 
0 0 0 0 5 10 8 5 0 0 0 0 0 2 0 3 0 0 0 0 7 1 0 0 0 0 0 0 12 13 8 9 
0 0 0 0 6 1 8 4 0 0 0 0 0 0 4 2 0 0 0 0 1 0 0 0 0 0 0 0 7 1 12 6 
0 0 0 0 5 1 4 1 0 0 0 0 2 0 0 1 0 0 0 0 1 1 0 0 0 0 0 0 8 2 4 3 
0 0 0 0 2 0 3 2 0 0 0 0 1 0 0 0 0 0 0 0 0 0 0 0 0 0 0 0 3 0 3 2 
0 0 0 0 0 0 1 2 0 0 0 0 0 0 0 1 0 0 0 0 0 1 0 0 0 0 0 0 0 1 1 3 
0 0 0 0 43 48 50 35 0 0 0 0 5 11 10 12 0 0 0 0 2 6 9 7 0 0 0 0 50 66 70 58 
0 0 0 0 23 22 18 20 0 0 0 0 2 7 5 5 0 0 0 0 5 2 3 3 0 0 0 0 31 32 26 29 
0 0 0 0 25 22 24 15 0 0 0 0 4 5 5 5 0 0 0 0 3 3 3 3 0 0 0 0 32 30 32 25 
0 0 0 0 9 7 5 12 0 0 0 0 1 2 1 2 0 0 0 0 4 4 4 1 0 0 0 0 14 14 10 15 
0 0 0 0 3 2 8 3 0 0 0 0 1 1 0 0 0 0 0 0 0 1 0 1 0 0 0 0 4 4 8 4 
0 0 0 0 0 0 0 0 0 0 0 0 0 0 0 1 0 0 0 0 2 0 0 0 0 0 0 0 2 0 0 1 
0 0 0 0 0 0 0 0 0 0 0 0 0 0 0 0 0 0 0 0 0 0 0 0 0 0 0 0 0 0 0 0 
0 0 0 0 0 0 0 0 0 0 0 0 0 0 0 0 0 0 0 0 0 0 0 0 0 0 0 0 0 0 0 0 
0 0 0 0 0 0 0 0 0 0 0 0 0 0 0 0 0 0 0 0 0 0 0 0 0 0 0 0 0 0 0 0 
0 0 0 0 0 0 0 0 0 0 0 0 0 0 0 0 0 0 0 0 0 0 0 0 0 0 0 0 0 0 0 0 
0 0 0 0 0 0 0 0 0 0 0 0 0 0 0 0 0 0 0 0 0 0 0 0 0 0 0 0 0 0 0 0 
0 0 0 0 0 0 0 0 0 0 0 0 0 0 0 0 0 0 0 0 0 0 0 0 0 0 0 0 0 0 0 0 
0 0 0 0 0 0 0 0 0 0 0 0 0 0 0 0 0 0 0 0 0 0 0 0 0 0 0 0 0 0 0 0 
0 0 0 0 0 0 0 0 0 0 0 0 0 0 0 0 0 0 0 0 0 0 0 0 0 0 0 0 0 0 0 0 
0 0 0 0 0 0 0 0 0 0 0 0 0 0 0 0 0 0 0 0 0 0 0 0 0 0 0 0 0 0 0 0 
0 0 0 0 0 0 0 0 0 0 0 0 0 0 0 0 0 0 0 0 0 0 0 0 0 0 0 0 0 0 0 0 
0 0 0 0 0 0 0 0 0 0 0 0 0 0 0 0 0 0 0 0 0 0 0 0 0 0 0 0 0 0 0 0 
0 0 0 0 0 0 0 0 0 0 0 0 0 0 0 0 0 0 0 0 0 0 0 0 0 0 0 0 0 0 0 0 
0 0 0 0 0 0 0 0 0 0 0 0 0 0 0 0 0 0 0 0 0 0 0 0 0 0 0 0 0 0 0 0 
0 0 0 0 0 0 0 0 0 0 0 0 0 0 0 0 0 0 0 0 0 0 0 0 0 0 0 0 0 0 0 0 
0 0 0 0 0 0 0 0 0 0 0 0 0 0 0 0 0 0 0 0 0 0 0 0 0 0 0 0 0 0 0 0 
0 0 0 0 0 0 0 0 0 0 0 0 0 0 0 0 0 0 0 0 0 0 0 0 0 0 0 0 0 0 0 0 
0 0 0 0 0 0 0 0 0 0 0 0 0 0 0 0 0 0 0 0 0 0 0 0 0 0 0 0 0 0 0 0 
0 0 0 0 0 0 0 0 0 0 0 0 0 0 0 0 0 0 0 0 0 0 0 0 0 0 0 0 0 0 0 0 
0 0 0 0 0 0 0 0 0 0 0 0 0 0 0 0 0 0 0 0 0 0 0 0 0 0 0 0 0 0 0 0 
0 0 0 0 0 0 0 0 0 0 0 0 0 0 0 0 0 0 0 0 0 0 0 0 0 0 0 0 0 0 0 0 
0 0 0 0 0 0 0 0 0 0 0 0 0 0 0 0 0 0 0 0 0 0 0 0 0 0 0 0 0 0 0 0 
0 0 0 0 0 0 0 0 0 0 0 0 0 0 0 0 0 0 0 0 0 0 0 0 0 0 0 0 0 0 0 0 
0 0 0 0 0 0 0 0 0 0 0 0 0 0 0 0 0 0 0 0 0 0 0 0 0 0 0 0 0 0 0 0 
0 0 0 0 0 0 0 0 0 0 0 0 0 0 0 0 0 0 0 0 0 0 0 0 0 0 0 0 0 0 0 0 
0 0 0 0 0 0 0 0 0 0 0 0 0 0 0 0 0 0 0 0 0 0 0 0 0 0 0 0 0 0 0 0 
0 0 0 0 0 0 0 0 0 0 0 0 0 0 0 0 0 0 0 0 0 0 0 0 0 0 0 0 0 0 0 0 
0 0 0 0 0 0 0 0 0 0 0 0 0 0 0 0 0 0 0 0 0 0 0 0 0 0 0 0 0 0 0 0 
0 0 0 0 0 0 0 0 0 0 0 0 0 0 0 0 0 0 0 0 0 0 0 0 0 0 0 0 0 0 0 0 
0 0 0 0 0 0 0 0 0 0 0 0 0 0 0 0 0 0 0 0 0 0 0 0 0 0 0 0 0 0 0 0 
0 0 0 0 0 0 0 0 0 0 0 0 0 0 0 0 0 0 0 0 0 0 0 0 0 0 0 0 0 0 0 0 
0 0 0 0 0 0 0 0 0 0 0 0 0 0 0 0 0 0 0 0 0 0 0 0 0 0 0 0 0 0 0 0 
0 0 0 0 0 0 0 0 0 0 0 0 0 0 0 0 0 0 0 0 0 0 0 0 0 0 0 0 0 0 0 0 
0 0 0 0 0 0 0 0 0 0 0 0 0 0 0 0 0 0 0 0 0 0 0 0 0 0 0 0 0 0 0 0 
0 0 0 0 0 0 0 0 0 0 0 0 0 0 0 0 0 0 0 0 0 0 0 0 0 0 0 0 0 0 0 0 
0 0 0 0 0 0 0 0 0 0 0 0 0 0 0 0 0 0 0 0 0 0 0 0 0 0 0 0 0 0 0 0 
0 0 0 0 0 0 0 0 0 0 0 0 0 0 0 0 0 0 0 0 0 0 0 0 0 0 0 0 0 0 0 0 
0 0 0 0 0 0 0 0 0 0 0 0 0 0 0 0 0 0 0 0 0 0 0 0 0 0 0 0 0 0 0 0 
0 0 0 0 0 0 0 0 0 0 0 0 0 0 0 0 0 0 0 0 0 0 0 0 0 0 0 0 0 0 0 0 
0 0 0 0 0 0 0 0 0 0 0 0 0 0 0 0 0 0 0 0 0 0 0 0 0 0 0 0 0 0 0 0 
0 0 0 0 0 0 0 0 0 0 0 0 0 0 0 0 0 0 0 0 0 0 0 0 0 0 0 0 0 0 0 0 
0 0 0 0 0 0 0 0 0 0 0 0 0 0 0 0 0 0 0 0 0 0 0 0 0 0 0 0 0 0 0 0 
0 0 0 0 0 0 0 0 0 0 0 0 0 0 0 0 0 0 0 0 0 0 0 0 0 0 0 0 0 0 0 0 
0 0 0 0 0 0 0 0 0 0 0 0 0 0 0 0 0 0 0 0 0 0 0 0 0 0 0 0 0 0 0 0 
0 0 0 0 0 0 0 0 0 0 0 0 0 0 0 0 0 0 0 0 0 0 0 0 0 0 0 0 0 0 0 0 
0 0 0 0 0 0 0 0 0 0 0 0 0 0 0 0 0 0 0 0 0 0 0 0 0 0 0 0 0 0 0 0 
0 0 0 0 0 0 0 0 0 0 0 0 0 0 0 0 0 0 0 0 0 0 0 0 0 0 0 0 0 0 0 0 
0 0 0 0 0 0 0 0 0 0 0 0 0 0 0 0 0 0 0 0 0 0 0 0 0 0 0 0 0 0 0 0 
0 0 0 0 0 0 0 0 0 0 0 0 0 0 0 0 0 0 0 0 0 0 0 0 0 0 0 0 0 0 0 0 
0 0 0 0 0 0 0 0 0 0 0 0 0 0 0 0 0 0 0 0 0 0 0 0 0 0 0 0 0 0 0 0 
0 0 0 0 0 0 0 0 0 0 0 0 0 0 0 0 0 0 0 0 0 0 0 0 0 0 0 0 0 0 0 0 
0 0 0 0 0 0 0 0 0 0 0 0 0 0 0 0 0 0 0 0 0 0 0 0 0 0 0 0 0 0 0 0 
0 0 0 0 0 0 0 0 0 0 0 0 0 0 0 0 0 0 0 0 0 0 0 0 0 0 0 0 0 0 0 0 
0 0 0 0 0 0 0 0 0 0 0 0 0 0 0 0 0 0 0 0 0 0 0 0 0 0 0 0 0 0 0 0 
0 0 0 0 0 0 0 21 0 0 0 0 0 0 0 1 0 0 0 0 0 0 0 1 0 0 0 0 0 0 0 24 
0 0 0 0 537 536 484 488 0 0 0 0 129 129 111 117 0 0 0 0 79 81 83 86 0 0 0 0 756 759 691 708 
0 0 0 0 343 398 374 398 0 0 0 0 91 97 97 89 0 0 0 0 52 64 56 39 0 0 0 0 493 567 532 536 
0 0 0 0 286 259 263 238 0 0 0 0 51 63 59 60 0 0 0 0 65 39 45 41 0 0 0 0 406 369 375 343 
0 0 0 0 168 181 189 166 0 0 0 0 49 43 49 62 0 0 0 0 27 31 43 22 0 0 0 0 253 259 290 256 
0 0 0 0 125 117 129 143 0 0 0 0 34 34 41 29 0 0 0 0 16 20 24 21 0 0 0 0 180 174 197 196 
0 0 0 0 101 69 88 80 0 0 0 0 19 27 18 25 0 0 0 0 15 13 11 10 0 0 0 0 136 112 120 116 
0 0 0 0 45 50 34 38 0 0 0 0 13 13 18 11 0 0 0 0 1 5 10 3 0 0 0 0 59 69 62 54 
0 0 0 0 16 19 16 16 0 0 0 0 3 9 4 5 0 0 0 0 3 1 3 1 0 0 0 0 23 30 24 22 
0 0 0 0 7 5 7 8 0 0 0 0 0 1 1 0 0 0 0 0 3 2 2 1 0 0 0 0 10 9 10 9 
0 0 0 0 1 6 3 0 0 0 0 0 0 1 0 1 0 0 0 0 0 1 0 0 0 0 0 0 1 8 3 1 
0 0 0 0 0 0 0 0 0 0 0 0 0 0 0 0 0 0 0 0 0 0 0 0 0 0 0 0 0 0 0 0 
0 0 0 0 0 0 0 24 0 0 0 0 0 0 0 9 0 0 0 0 0 0 0 2 0 0 0 0 0 0 0 38 
0 0 0 0 1136 1126 1043 999 0 0 0 0 273 241 237 235 0 0 0 0 122 136 132 135 0 0 0 0 1553 1522 1434 1391 
0 0 0 0 737 693 679 731 0 0 0 0 151 187 152 188 0 0 0 0 90 89 82 82 0 0 0 0 991 989 926 1018 
0 0 0 0 459 471 476 409 0 0 0 0 113 125 116 107 0 0 0 0 67 66 64 46 0 0 0 0 649 676 670 578 
0 0 0 0 229 233 190 204 0 0 0 0 42 55 44 45 0 0 0 0 37 35 37 26 0 0 0 0 309 330 276 279 
0 0 0 0 64 73 81 56 0 0 0 0 22 21 20 21 0 0 0 0 12 3 13 9 0 0 0 0 98 97 118 87 
0 0 0 0 4 4 9 7 0 0 0 0 3 1 3 4 0 0 0 0 0 3 1 0 0 0 0 0 7 8 13 11 
0 0 0 0 0 0 0 0 0 0 0 0 0 0 0 0 0 0 0 0 0 0 0 0 0 0 0 0 0 0 0 0 
0 0 0 0 0 0 0 0 0 0 0 0 0 0 0 0 0 0 0 0 0 0 0 0 0 0 0 0 0 0 0 0 
0 0 0 0 0 0 0 0 0 0 0 0 0 0 0 0 0 0 0 0 0 0 0 0 0 0 0 0 0 0 0 0 
0 0 0 0 0 0 0 0 0 0 0 0 0 0 0 0 0 0 0 0 0 0 0 0 0 0 0 0 0 0 0 0 
0 0 0 0 0 0 0 0 0 0 0 0 0 0 0 0 0 0 0 0 0 0 0 0 0 0 0 0 0 0 0 0 
0 0 0 0 0 0 0 0 0 0 0 0 0 0 0 0 0 0 0 0 0 0 0 0 0 0 0 0 0 0 0 0 
0 0 0 0 0 0 0 0 0 0 0 0 0 0 0 0 0 0 0 0 0 0 0 0 0 0 0 0 0 0 0 0 
0 0 0 0 0 0 0 0 0 0 0 0 0 0 0 0 0 0 0 0 0 0 0 0 0 0 0 0 0 0 0 0 
0 0 0 0 0 0 0 0 0 0 0 0 0 0 0 0 0 0 0 0 0 0 0 0 0 0 0 0 0 0 0 0 
0 0 0 0 0 0 0 0 0 0 0 0 0 0 0 0 0 0 0 0 0 0 0 0 0 0 0 0 0 0 0 0 
0 0 0 0 0 0 0 0 0 0 0 0 0 0 0 0 0 0 0 0 0 0 0 0 0 0 0 0 0 0 0 0 
0 0 0 0 0 0 0 0 0 0 0 0 0 0 0 0 0 0 0 0 0 0 0 0 0 0 0 0 0 0 0 0 
0 0 0 0 0 0 0 0 0 0 0 0 0 0 0 0 0 0 0 0 0 0 0 0 0 0 0 0 0 0 0 0 
0 0 0 0 0 0 0 0 0 0 0 0 0 0 0 0 0 0 0 0 0 0 0 0 0 0 0 0 0 0 0 0 
0 0 0 0 0 0 0 0 0 0 0 0 0 0 0 0 0 0 0 0 0 0 0 0 0 0 0 0 0 0 0 0 
0 0 0 0 0 0 0 0 0 0 0 0 0 0 0 0 0 0 0 0 0 0 0 0 0 0 0 0 0 0 0 0 
0 0 0 0 0 0 0 0 0 0 0 0 0 0 0 0 0 0 0 0 0 0 0 0 0 0 0 0 0 0 0 0 
0 0 0 0 0 0 0 0 0 0 0 0 0 0 0 0 0 0 0 0 0 0 0 0 0 0 0 0 0 0 0 0 
0 0 0 0 0 0 0 0 0 0 0 0 0 0 0 0 0 0 0 0 0 0 0 0 0 0 0 0 0 0 0 0 
0 0 0 0 0 0 0 0 0 0 0 0 0 0 0 0 0 0 0 0 0 0 0 0 0 0 0 0 0 0 0 0 
0 0 0 0 0 0 0 0 0 0 0 0 0 0 0 0 0 0 0 0 0 0 0 0 0 0 0 0 0 0 0 0 
0 0 0 0 0 0 0 0 0 0 0 0 0 0 0 0 0 0 0 0 0 0 0 0 0 0 0 0 0 0 0 0 
0 0 0 0 0 0 0 0 0 0 0 0 0 0 0 0 0 0 0 0 0 0 0 0 0 0 0 0 0 0 0 0 
0 0 0 0 0 0 0 0 0 0 0 0 0 0 0 0 0 0 0 0 0 0 0 0 0 0 0 0 0 0 0 0 
0 0 0 0 0 0 0 0 0 0 0 0 0 0 0 0 0 0 0 0 0 0 0 0 0 0 0 0 0 0 0 0 
0 0 0 0 0 0 0 0 0 0 0 0 0 0 0 0 0 0 0 0 0 0 0 0 0 0 0 0 0 0 0 0 
0 0 0 0 0 0 0 0 0 0 0 0 0 0 0 0 0 0 0 0 0 0 0 0 0 0 0 0 0 0 0 0 
0 0 0 0 0 0 0 0 0 0 0 0 0 0 0 0 0 0 0 0 0 0 0 0 0 0 0 0 0 0 0 0 
0 0 0 0 0 0 0 0 0 0 0 0 0 0 0 0 0 0 0 0 0 0 0 0 0 0 0 0 0 0 0 0 
0 0 0 0 0 0 0 0 0 0 0 0 0 0 0 0 0 0 0 0 0 0 0 0 0 0 0 0 0 0 0 0 
0 0 0 0 0 0 0 0 0 0 0 0 0 0 0 0 0 0 0 0 0 0 0 0 0 0 0 0 3 4 1 1 
0 0 0 0 0 0 0 0 0 0 0 0 0 0 0 0 0 0 0 0 0 0 0 0 0 0 0 0 0 0 0 0 
0 0 0 0 0 0 0 0 0 0 0 0 0 0 0 0 0 0 0 0 0 0 0 0 0 0 0 0 0 0 0 0 
0 0 0 0 0 0 0 0 0 0 0 0 0 0 0 0 0 0 0 0 0 0 0 0 0 0 0 0 0 0 0 0 
0 0 0 0 26 23 19 27 0 0 0 0 9 4 5 7 0 0 0 0 6 9 9 8 0 0 0 0 43 38 34 42 
0 0 0 0 32 36 37 32 0 0 0 0 10 8 10 9 0 0 0 0 13 7 8 7 0 0 0 0 57 51 55 49 
0 0 0 0 21 20 21 24 0 0 0 0 6 2 6 6 0 0 0 0 7 5 7 9 0 0 0 0 34 27 34 39 
0 0 0 0 16 21 10 21 0 0 0 0 7 5 3 4 0 0 0 0 2 4 2 3 0 0 0 0 26 32 16 28 
0 0 0 0 17 16 15 18 0 0 0 0 3 10 9 3 0 0 0 0 5 5 2 4 0 0 0 0 25 31 26 25 
0 0 0 0 11 7 12 16 0 0 0 0 0 7 5 4 0 0 0 0 2 3 6 3 0 0 0 0 13 18 23 24 
0 0 0 0 12 8 8 8 0 0 0 0 2 1 5 3 0 0 0 0 0 6 2 0 0 0 0 0 14 15 16 11 
0 0 0 0 13 3 9 9 0 0 0 0 2 6 5 5 0 0 0 0 3 3 1 2 0 0 0 0 19 12 15 16 
0 0 0 0 0 0 0 0 0 0 0 0 0 0 0 0 0 0 0 0 0 0 0 0 0 0 0 0 13 12 12 11 
0 0 0 0 36 46 46 40 0 0 0 0 11 5 11 6 0 0 0 0 4 5 10 9 0 0 0 0 53 58 67 55 
0 0 0 0 321 338 351 399 0 0 0 0 95 110 97 93 0 0 0 0 58 69 60 74 0 0 0 0 478 521 518 573 
0 0 0 0 413 420 436 426 0 0 0 0 112 120 105 114 0 0 0 0 87 99 87 95 0 0 0 0 626 646 633 638 
0 0 0 0 344 350 314 335 0 0 0 0 119 85 101 109 0 0 0 0 67 69 72 54 0 0 0 0 540 516 494 506 
0 0 0 0 231 273 250 250 0 0 0 0 81 64 77 85 0 0 0 0 58 48 61 47 0 0 0 0 375 392 395 389 
0 0 0 0 181 191 184 175 0 0 0 0 49 50 47 59 0 0 0 0 22 42 33 26 0 0 0 0 254 291 268 265 
0 0 0 0 140 143 134 141 0 0 0 0 47 53 31 48 0 0 0 0 34 41 26 35 0 0 0 0 222 244 196 224 
0 0 0 0 127 94 99 107 0 0 0 0 30 35 33 24 0 0 0 0 24 15 27 26 0 0 0 0 183 150 163 165 
0 0 0 0 94 69 79 81 0 0 0 0 34 32 30 29 0 0 0 0 23 26 28 11 0 0 0 0 152 129 141 125 
0 0 0 0 70 70 51 64 0 0 0 0 21 17 20 15 0 0 0 0 20 16 10 19 0 0 0 0 112 106 86 99 
0 0 0 0 65 58 61 78 0 0 0 0 31 30 18 25 0 0 0 0 12 18 16 23 0 0 0 0 110 108 96 130 
0 0 0 0 1151 1172 1130 1152 0 0 0 0 247 274 241 251 0 0 0 0 170 157 188 155 0 0 0 0 1587 1621 1588 1582 
0 0 0 0 1494 1480 1413 1435 0 0 0 0 365 335 376 366 0 0 0 0 229 219 257 236 0 0 0 0 2119 2062 2085 2069 
0 0 0 0 1150 1084 1083 1055 0 0 0 0 289 313 279 276 0 0 0 0 161 192 171 165 0 0 0 0 1628 1614 1551 1525 
0 0 0 0 744 729 710 732 0 0 0 0 203 217 234 187 0 0 0 0 114 131 111 103 0 0 0 0 1081 1097 1069 1040 
0 0 0 0 550 570 509 504 0 0 0 0 138 159 153 139 0 0 0 0 65 82 90 72 0 0 0 0 770 830 762 735 
0 0 0 0 379 378 366 406 0 0 0 0 142 103 127 127 0 0 0 0 63 59 70 63 0 0 0 0 599 553 580 608 
0 0 0 0 231 235 254 246 0 0 0 0 64 83 61 83 0 0 0 0 33 44 33 39 0 0 0 0 333 368 353 377 
0 0 0 0 131 160 148 141 0 0 0 0 49 47 51 51 0 0 0 0 26 28 23 26 0 0 0 0 216 240 227 223 
0 0 0 0 92 82 84 84 0 0 0 0 23 26 32 27 0 0 0 0 17 12 16 19 0 0 0 0 133 123 135 135 
0 0 0 0 49 48 43 38 0 0 0 0 14 22 14 14 0 0 0 0 9 15 8 6 0 0 0 0 72 86 65 58 
0 0 0 0 23 27 26 17 0 0 0 0 9 7 5 9 0 0 0 0 1 3 5 7 0 0 0 0 36 38 37 34 
0 0 0 0 0 2 2 20 0 0 0 0 0 1 0 5 0 0 0 0 0 0 3 1 0 0 0 0 0 3 6 27 
0 0 0 0 963 937 999 1018 0 0 0 0 224 229 234 230 0 0 0 0 124 123 139 94 0 0 0 0 1326 1312 1379 1354 
0 0 0 0 662 661 698 637 0 0 0 0 164 171 147 171 0 0 0 0 68 104 83 71 0 0 0 0 905 949 941 888 
0 0 0 0 431 443 439 396 0 0 0 0 124 111 104 107 0 0 0 0 47 63 52 49 0 0 0 0 609 624 601 564 
0 0 0 0 238 259 215 230 0 0 0 0 61 61 64 65 0 0 0 0 23 37 34 25 0 0 0 0 326 365 320 325 
0 0 0 0 91 94 83 82 0 0 0 0 26 23 25 16 0 0 0 0 7 14 10 10 0 0 0 0 125 134 119 110 
0 0 0 0 9 9 17 14 0 0 0 0 2 3 2 1 0 0 0 0 0 3 2 1 0 0 0 0 11 15 21 17 
0 0 0 0 0 0 0 0 0 0 0 0 0 0 0 0 0 0 0 0 0 0 0 0 0 0 0 0 0 0 0 0 
0 0 0 0 0 0 0 0 0 0 0 0 0 0 0 0 0 0 0 0 0 0 0 0 0 0 0 0 0 0 0 0 
0 0 0 0 0 0 0 0 0 0 0 0 0 0 0 0 0 0 0 0 0 0 0 0 0 0 0 0 0 0 0 0 
0 0 0 0 0 0 0 0 0 0 0 0 0 0 0 0 0 0 0 0 0 0 0 0 0 0 0 0 0 0 0 0 
0 0 0 0 0 0 0 0 0 0 0 0 0 0 0 0 0 0 0 0 0 0 0 0 0 0 0 0 0 0 0 0 
0 0 0 0 0 0 0 0 0 0 0 0 0 0 0 0 0 0 0 0 0 0 0 0 0 0 0 0 0 0 0 0 
0 0 0 0 0 0 0 0 0 0 0 0 0 0 0 0 0 0 0 0 0 0 0 0 0 0 0 0 0 0 0 0 
0 0 0 0 0 0 0 0 0 0 0 0 0 0 0 0 0 0 0 0 0 0 0 0 0 0 0 0 0 0 0 0 
0 0 0 0 0 0 0 0 0 0 0 0 0 0 0 0 0 0 0 0 0 0 0 0 0 0 0 0 0 0 0 0 
0 0 0 0 0 0 0 0 0 0 0 0 0 0 0 0 0 0 0 0 0 0 0 0 0 0 0 0 0 0 0 0 
0 0 0 0 0 0 0 0 0 0 0 0 0 0 0 0 0 0 0 0 0 0 0 0 0 0 0 0 0 0 0 0 
0 0 0 0 0 0 0 0 0 0 0 0 0 0 0 0 0 0 0 0 0 0 0 0 0 0 0 0 0 0 0 0 
0 0 0 0 0 0 0 0 0 0 0 0 0 0 0 0 0 0 0 0 0 0 0 0 0 0 0 0 0 0 0 0 
0 0 0 0 0 0 0 0 0 0 0 0 0 0 0 0 0 0 0 0 0 0 0 0 0 0 0 0 0 0 0 0 
0 0 0 0 0 0 0 0 0 0 0 0 0 0 0 0 0 0 0 0 0 0 0 0 0 0 0 0 0 0 0 0 
0 0 0 0 0 0 0 0 0 0 0 0 0 0 0 0 0 0 0 0 0 0 0 0 0 0 0 0 0 0 0 0 
0 0 0 0 0 0 0 0 0 0 0 0 0 0 0 0 0 0 0 0 0 0 0 0 0 0 0 0 0 0 0 0 
0 0 0 0 0 0 0 0 0 0 0 0 0 0 0 0 0 0 0 0 0 0 0 0 0 0 0 0 0 0 0 2 
0 0 0 0 0 0 0 0 0 0 0 0 0 0 0 0 0 0 0 0 0 0 0 0 0 0 0 0 39 31 40 27 
0 0 0 0 0 0 0 0 0 0 0 0 0 0 0 0 0 0 0 0 0 0 0 0 0 0 0 0 0 0 0 0 
0 0 0 0 0 0 0 0 0 0 0 0 0 0 0 0 0 0 0 0 0 0 0 0 0 0 0 0 0 0 0 0 
0 0 0 0 0 0 0 0 0 0 0 0 0 0 0 0 0 0 0 0 0 0 0 0 0 0 0 0 0 0 0 0 
0 0 0 0 0 0 0 0 0 0 0 0 0 0 0 0 0 0 0 0 0 0 0 0 0 0 0 0 0 0 0 0 
0 0 0 0 0 0 0 0 0 0 0 0 0 0 0 0 0 0 0 0 0 0 0 0 0 0 0 0 0 0 0 0 
0 0 0 0 6 4 5 7 0 0 0 0 1 2 2 3 0 0 0 0 2 3 2 2 0 0 0 0 9 9 9 13 
0 0 0 0 31 26 28 25 0 0 0 0 14 5 9 9 0 0 0 0 10 9 9 8 0 0 0 0 56 42 46 42 
0 0 0 0 42 39 45 47 0 0 0 0 17 13 12 17 0 0 0 0 13 11 18 9 0 0 0 0 72 64 77 76 
0 0 0 0 33 38 48 26 0 0 0 0 16 14 9 8 0 0 0 0 14 12 18 16 0 0 0 0 65 65 76 52 
0 0 0 0 38 34 38 32 0 0 0 0 6 12 7 8 0 0 0 0 10 12 9 18 0 0 0 0 54 60 54 58 
0 0 0 0 40 42 38 39 0 0 0 0 12 24 16 12 0 0 0 0 7 10 14 7 0 0 0 0 59 78 70 59 
0 0 0 0 0 0 0 0 0 0 0 0 0 0 0 0 0 0 0 0 0 0 0 0 0 0 0 0 28 20 31 37 
0 0 0 0 0 0 0 0 0 0 0 0 0 0 0 0 0 0 0 0 0 0 0 0 0 0 0 0 0 0 0 0 
0 0 0 0 0 0 0 0 0 0 0 0 0 0 0 0 0 0 0 0 0 0 0 0 0 0 0 0 0 0 0 0 
0 0 0 0 0 0 0 0 0 0 0 0 0 0 0 1 0 0 0 0 0 0 0 0 0 0 0 0 0 0 0 0 
0 0 0 0 56 64 54 54 0 0 0 0 17 11 19 17 0 0 0 0 15 12 13 16 0 0 0 0 89 90 88 89 
0 0 0 0 135 135 128 132 0 0 0 0 47 44 38 30 0 0 0 0 28 33 28 29 0 0 0 0 212 213 200 195 
0 0 0 0 148 163 134 165 0 0 0 0 38 40 41 45 0 0 0 0 40 34 37 32 0 0 0 0 231 241 217 244 
0 0 0 0 138 154 147 113 0 0 0 0 52 35 45 46 0 0 0 0 40 42 33 32 0 0 0 0 235 235 228 192 
0 0 0 0 90 116 96 107 0 0 0 0 27 43 29 35 0 0 0 0 30 25 31 36 0 0 0 0 153 189 161 180 
0 0 0 0 92 85 72 89 0 0 0 0 17 28 18 24 0 0 0 0 33 21 23 24 0 0 0 0 143 136 114 140 
0 0 0 0 58 60 58 69 0 0 0 0 24 18 7 18 0 0 0 0 19 19 17 21 0 0 0 0 101 99 83 108 
0 0 0 0 90 65 72 74 0 0 0 0 27 37 23 17 0 0 0 0 18 23 13 18 0 0 0 0 142 128 112 111 
0 0 0 0 0 0 0 3 0 0 0 0 0 0 0 0 0 0 0 0 0 0 0 0 0 0 0 0 22 18 11 20 
0 0 0 0 12 19 16 21 0 0 0 0 1 1 8 4 0 0 0 0 2 2 0 2 0 0 0 0 14 22 24 29 
0 0 0 0 228 208 198 212 0 0 0 0 56 64 58 50 0 0 0 0 50 34 43 32 0 0 0 0 336 310 306 300 
0 0 0 0 322 348 340 328 0 0 0 0 112 84 90 99 0 0 0 0 58 64 66 77 0 0 0 0 496 506 510 509 
0 0 0 0 326 349 334 329 0 0 0 0 95 86 78 87 0 0 0 0 70 69 54 66 0 0 0 0 500 507 474 486 
0 0 0 0 216 206 232 245 0 0 0 0 69 68 85 70 0 0 0 0 44 57 47 52 0 0 0 0 333 338 373 372 
0 0 0 0 172 163 164 159 0 0 0 0 60 44 43 66 0 0 0 0 49 38 31 29 0 0 0 0 285 255 246 256 
0 0 0 0 143 114 120 100 0 0 0 0 43 34 39 47 0 0 0 0 26 31 28 22 0 0 0 0 213 182 192 173 
0 0 0 0 78 86 99 100 0 0 0 0 31 20 34 26 0 0 0 0 28 21 25 19 0 0 0 0 141 131 159 146 
0 0 0 0 64 64 68 75 0 0 0 0 19 30 23 25 0 0 0 0 27 14 27 24 0 0 0 0 112 110 122 125 
0 0 0 0 43 45 50 55 0 0 0 0 11 9 13 23 0 0 0 0 11 14 6 12 0 0 0 0 68 71 71 93 
0 0 0 0 59 59 53 66 0 0 0 0 23 21 23 25 0 0 0 0 10 13 19 15 0 0 0 0 92 95 98 109 
0 0 0 0 469 483 486 476 0 0 0 0 111 101 113 113 0 0 0 0 63 61 82 73 0 0 0 0 654 656 691 676 
0 0 0 0 641 612 639 638 0 0 0 0 158 144 154 139 0 0 0 0 120 107 103 100 0 0 0 0 934 874 912 889 
0 0 0 0 471 463 460 452 0 0 0 0 122 119 109 116 0 0 0 0 81 74 72 75 0 0 0 0 682 671 648 647 
0 0 0 0 314 317 360 329 0 0 0 0 92 67 85 92 0 0 0 0 47 50 50 53 0 0 0 0 460 443 499 483 
0 0 0 0 224 258 237 233 0 0 0 0 49 86 78 65 0 0 0 0 37 30 36 42 0 0 0 0 317 380 356 344 
0 0 0 0 168 198 169 189 0 0 0 0 58 63 45 50 0 0 0 0 31 28 24 24 0 0 0 0 264 294 242 264 
0 0 0 0 120 110 117 109 0 0 0 0 40 34 27 30 0 0 0 0 15 16 12 22 0 0 0 0 177 165 160 162 
0 0 0 0 68 60 93 68 0 0 0 0 18 22 26 25 0 0 0 0 11 20 13 8 0 0 0 0 99 106 135 102 
0 0 0 0 44 45 44 40 0 0 0 0 15 8 10 17 0 0 0 0 6 10 10 5 0 0 0 0 66 65 64 62 
0 0 0 0 24 36 22 21 0 0 0 0 10 10 10 10 0 0 0 0 3 2 3 4 0 0 0 0 38 48 35 36 
0 0 0 0 7 5 12 15 0 0 0 0 2 3 4 9 0 0 0 0 3 2 3 0 0 0 0 0 14 10 19 24 
0 0 0 0 0 0 2 5 0 0 0 0 1 0 1 2 0 0 0 0 1 0 1 2 0 0 0 0 2 0 4 10 
0 0 0 0 415 382 419 392 0 0 0 0 78 110 94 98 0 0 0 0 58 45 42 45 0 0 0 0 556 544 564 547 
0 0 0 0 257 257 270 266 0 0 0 0 50 58 62 65 0 0 0 0 38 24 28 30 0 0 0 0 350 346 368 368 
0 0 0 0 143 187 181 181 0 0 0 0 44 46 26 42 0 0 0 0 16 22 28 24 0 0 0 0 206 258 238 252 
0 0 0 0 101 105 100 101 0 0 0 0 23 29 29 24 0 0 0 0 12 20 13 7 0 0 0 0 138 158 145 134 
0 0 0 0 34 40 35 31 0 0 0 0 16 11 10 8 0 0 0 0 5 3 6 6 0 0 0 0 56 54 52 46 
0 0 0 0 7 4 3 3 0 0 0 0 1 0 1 1 0 0 0 0 0 1 1 1 0 0 0 0 8 5 5 5 
0 0 0 0 1 0 0 0 0 0 0 0 0 0 0 0 0 0 0 0 0 0 0 0 0 0 0 0 1 0 0 0 
0 0 0 0 0 0 0 0 0 0 0 0 0 0 0 0 0 0 0 0 0 0 0 0 0 0 0 0 0 0 0 0 
0 0 0 0 0 0 0 0 0 0 0 0 0 0 0 0 0 0 0 0 0 0 0 0 0 0 0 0 0 0 0 0 
0 0 0 0 0 0 0 0 0 0 0 0 0 0 0 0 0 0 0 0 0 0 0 0 0 0 0 0 0 0 0 0 
0 0 0 0 0 0 0 0 0 0 0 0 0 0 0 0 0 0 0 0 0 0 0 0 0 0 0 0 0 0 0 0 
0 0 0 0 0 0 0 0 0 0 0 0 0 0 0 0 0 0 0 0 0 0 0 0 0 0 0 0 0 0 0 0 
0 0 0 0 0 0 0 0 0 0 0 0 0 0 0 0 0 0 0 0 0 0 0 0 0 0 0 0 0 0 0 0 
0 0 0 0 0 0 0 0 0 0 0 0 0 0 0 0 0 0 0 0 0 0 0 0 0 0 0 0 0 0 0 0 
0 0 0 0 0 0 0 0 0 0 0 0 0 0 0 0 0 0 0 0 0 0 0 0 0 0 0 0 0 0 0 0 
0 0 0 0 0 0 0 0 0 0 0 0 0 0 0 0 0 0 0 0 0 0 0 0 0 0 0 0 0 0 0 0 
0 0 0 0 0 0 0 0 0 0 0 0 0 0 0 0 0 0 0 0 0 0 0 0 0 0 0 0 0 0 0 0 
0 0 0 0 0 0 0 0 0 0 0 0 0 0 0 0 0 0 0 0 0 0 0 0 0 0 0 0 0 0 0 0 
0 0 0 0 0 0 0 0 0 0 0 0 0 0 0 0 0 0 0 0 0 0 0 0 0 0 0 0 0 0 0 0 
0 0 0 0 0 0 0 0 0 0 0 0 0 0 0 0 0 0 0 0 0 0 0 0 0 0 0 0 0 0 0 0 
0 0 0 0 0 0 0 0 0 0 0 0 0 0 0 0 0 0 0 0 0 0 0 0 0 0 0 0 0 0 0 0 
0 0 0 0 0 0 0 0 0 0 0 0 0 0 0 0 0 0 0 0 0 0 0 0 0 0 0 0 0 0 0 0 
0 0 0 0 0 0 0 0 0 0 0 0 0 0 0 0 0 0 0 0 0 0 0 0 0 0 0 0 0 0 0 0 
0 0 0 0 0 0 0 0 0 0 0 0 0 0 0 0 0 0 0 0 0 0 0 0 0 0 0 0 0 0 0 3 
0 0 0 0 0 0 0 0 0 0 0 0 0 0 0 0 0 0 0 0 0 0 0 0 0 0 0 0 75 87 97 98 
0 0 0 0 0 0 0 0 0 0 0 0 0 0 0 0 0 0 0 0 0 0 0 0 0 0 0 0 0 0 0 0 
0 0 0 0 0 0 0 0 0 0 0 0 0 0 0 0 0 0 0 0 0 0 0 0 0 0 0 0 0 0 0 0 
0 0 0 0 0 0 0 0 0 0 0 0 0 0 0 0 0 0 0 0 0 0 0 0 0 0 0 0 0 0 0 0 
0 0 0 0 0 0 0 0 0 0 0 0 0 0 0 0 0 0 0 0 0 0 0 0 0 0 0 0 0 0 0 0 
0 0 0 0 0 0 0 0 0 0 0 0 0 0 0 0 0 0 0 0 0 0 0 0 0 0 0 0 0 0 0 0 
0 0 0 0 2 5 7 5 0 0 0 0 0 0 0 0 0 0 0 0 1 5 2 1 0 0 0 0 3 11 9 6 
0 0 0 0 31 27 31 23 0 0 0 0 12 9 6 8 0 0 0 0 9 15 14 10 0 0 0 0 52 52 53 42 
0 0 0 0 49 58 45 45 0 0 0 0 20 20 18 15 0 0 0 0 11 13 19 20 0 0 0 0 83 90 83 81 
0 0 0 0 66 49 64 73 0 0 0 0 22 19 27 22 0 0 0 0 27 18 17 23 0 0 0 0 116 85 110 119 
0 0 0 0 82 89 81 70 0 0 0 0 17 35 23 32 0 0 0 0 26 25 22 30 0 0 0 0 127 151 129 132 
0 0 0 0 97 80 121 105 0 0 0 0 39 36 41 41 0 0 0 0 46 43 34 43 0 0 0 0 186 164 196 192 
0 0 0 0 0 0 0 0 0 0 0 0 0 0 0 0 0 0 0 0 0 0 0 0 0 0 0 0 18 20 24 20 
0 0 0 0 0 0 0 0 0 0 0 0 0 0 0 0 0 0 0 0 0 0 0 0 0 0 0 0 0 0 0 0 
0 0 0 0 0 0 0 0 0 0 0 0 0 0 0 0 0 0 0 0 0 0 0 0 0 0 0 0 0 0 0 0 
0 0 0 0 0 0 0 0 0 0 0 0 0 0 0 0 0 0 0 0 0 0 0 0 0 0 0 0 0 0 0 0 
0 0 0 0 24 32 23 30 0 0 0 0 10 4 13 5 0 0 0 0 3 6 6 7 0 0 0 0 39 43 42 42 
0 0 0 0 86 87 84 89 0 0 0 0 18 15 27 18 0 0 0 0 18 21 19 25 0 0 0 0 126 128 131 131 
0 0 0 0 110 107 93 120 0 0 0 0 25 28 39 32 0 0 0 0 29 23 24 34 0 0 0 0 165 161 160 188 
0 0 0 0 84 79 75 88 0 0 0 0 24 14 13 33 0 0 0 0 20 26 23 26 0 0 0 0 130 119 112 148 
0 0 0 0 57 58 56 56 0 0 0 0 26 19 21 19 0 0 0 0 16 15 20 14 0 0 0 0 101 95 101 89 
0 0 0 0 43 38 42 41 0 0 0 0 13 23 18 19 0 0 0 0 15 18 11 14 0 0 0 0 72 79 73 75 
0 0 0 0 45 39 35 27 0 0 0 0 12 15 14 13 0 0 0 0 10 12 8 10 0 0 0 0 69 68 57 51 
0 0 0 0 54 40 40 46 0 0 0 0 14 13 14 16 0 0 0 0 17 15 17 16 0 0 0 0 86 70 73 79 
0 0 0 0 0 0 0 0 0 0 0 0 0 0 0 0 0 0 0 0 0 0 0 0 0 0 0 0 9 7 11 13 
0 0 0 0 7 7 7 8 0 0 0 0 0 1 1 2 0 0 0 0 3 0 0 2 0 0 0 0 11 8 8 12 
0 0 0 0 143 98 134 126 0 0 0 0 34 29 29 32 0 0 0 0 16 33 19 21 0 0 0 0 197 162 184 182 
0 0 0 0 181 186 213 208 0 0 0 0 45 46 60 53 0 0 0 0 31 46 41 46 0 0 0 0 262 282 318 309 
0 0 0 0 189 151 168 180 0 0 0 0 60 43 48 45 0 0 0 0 29 37 32 36 0 0 0 0 282 233 251 264 
0 0 0 0 147 117 134 108 0 0 0 0 34 45 43 37 0 0 0 0 26 27 32 32 0 0 0 0 213 194 218 179 
0 0 0 0 86 103 93 98 0 0 0 0 34 22 32 24 0 0 0 0 17 20 18 16 0 0 0 0 143 148 145 141 
0 0 0 0 64 62 70 74 0 0 0 0 31 31 25 28 0 0 0 0 19 10 28 16 0 0 0 0 119 105 126 118 
0 0 0 0 44 52 66 42 0 0 0 0 24 14 22 13 0 0 0 0 5 11 12 16 0 0 0 0 75 78 102 73 
0 0 0 0 33 42 37 39 0 0 0 0 21 11 18 15 0 0 0 0 10 9 7 2 0 0 0 0 68 63 63 56 
0 0 0 0 33 38 29 34 0 0 0 0 15 7 15 7 0 0 0 0 7 11 8 9 0 0 0 0 56 59 54 50 
0 0 0 0 39 26 35 33 0 0 0 0 13 15 8 14 0 0 0 0 5 8 3 8 0 0 0 0 57 50 48 57 
0 0 0 0 235 246 270 264 0 0 0 0 63 82 63 50 0 0 0 0 37 27 29 27 0 0 0 0 343 359 366 351 
0 0 0 0 355 367 344 338 0 0 0 0 89 83 67 74 0 0 0 0 53 53 50 61 0 0 0 0 500 509 470 481 
0 0 0 0 264 274 253 242 0 0 0 0 56 53 72 66 0 0 0 0 34 34 40 33 0 0 0 0 358 363 373 348 
0 0 0 0 191 190 176 175 0 0 0 0 42 48 36 42 0 0 0 0 18 23 20 31 0 0 0 0 254 268 237 252 
0 0 0 0 113 141 138 127 0 0 0 0 43 34 38 45 0 0 0 0 21 21 21 18 0 0 0 0 179 200 201 194 
0 0 0 0 92 100 94 81 0 0 0 0 28 28 26 24 0 0 0 0 6 10 18 16 0 0 0 0 129 139 142 123 
0 0 0 0 73 57 62 60 0 0 0 0 14 24 25 16 0 0 0 0 10 15 12 10 0 0 0 0 98 98 101 88 
0 0 0 0 43 35 32 39 0 0 0 0 15 14 7 12 0 0 0 0 10 10 9 13 0 0 0 0 70 59 49 64 
0 0 0 0 28 31 26 24 0 0 0 0 5 7 5 7 0 0 0 0 6 5 3 2 0 0 0 0 40 43 35 36 
0 0 0 0 10 17 13 10 0 0 0 0 6 4 6 4 0 0 0 0 1 0 5 5 0 0 0 0 17 22 24 21 
0 0 0 0 12 5 13 4 0 0 0 0 4 4 2 3 0 0 0 0 0 1 2 0 0 0 0 0 16 10 18 7 
0 0 0 0 1 1 1 5 0 0 0 0 0 0 0 1 0 0 0 0 0 1 0 1 0 0 0 0 1 2 1 7 
0 0 0 0 195 210 207 178 0 0 0 0 36 59 62 39 0 0 0 0 15 31 28 29 0 0 0 0 252 301 305 250 
0 0 0 0 111 132 114 110 0 0 0 0 22 29 30 45 0 0 0 0 16 17 8 12 0 0 0 0 152 180 154 168 
0 0 0 0 97 92 81 97 0 0 0 0 24 29 29 21 0 0 0 0 15 8 12 8 0 0 0 0 137 131 125 127 
0 0 0 0 54 44 45 44 0 0 0 0 18 11 15 15 0 0 0 0 1 7 6 9 0 0 0 0 74 63 67 71 
0 0 0 0 19 21 26 26 0 0 0 0 8 7 4 4 0 0 0 0 4 3 3 5 0 0 0 0 31 31 33 36 
0 0 0 0 3 3 0 6 0 0 0 0 1 1 1 2 0 0 0 0 1 0 1 0 0 0 0 0 5 4 2 8 
0 0 0 0 0 0 0 0 0 0 0 0 0 0 0 0 0 0 0 0 0 0 0 0 0 0 0 0 0 0 0 0 
0 0 0 0 0 0 0 0 0 0 0 0 0 0 0 0 0 0 0 0 0 0 0 0 0 0 0 0 0 0 0 0 
0 0 0 0 0 0 0 0 0 0 0 0 0 0 0 0 0 0 0 0 0 0 0 0 0 0 0 0 0 0 0 0 
0 0 0 0 0 0 0 0 0 0 0 0 0 0 0 0 0 0 0 0 0 0 0 0 0 0 0 0 0 0 0 0 
0 0 0 0 0 0 0 0 0 0 0 0 0 0 0 0 0 0 0 0 0 0 0 0 0 0 0 0 0 0 0 0 
0 0 0 0 0 0 0 0 0 0 0 0 0 0 0 0 0 0 0 0 0 0 0 0 0 0 0 0 0 0 0 0 
0 0 0 0 0 0 0 0 0 0 0 0 0 0 0 0 0 0 0 0 0 0 0 0 0 0 0 0 0 0 0 0 
0 0 0 0 0 0 0 0 0 0 0 0 0 0 0 0 0 0 0 0 0 0 0 0 0 0 0 0 0 0 0 0 
0 0 0 0 0 0 0 0 0 0 0 0 0 0 0 0 0 0 0 0 0 0 0 0 0 0 0 0 0 0 0 0 
0 0 0 0 0 0 0 0 0 0 0 0 0 0 0 0 0 0 0 0 0 0 0 0 0 0 0 0 0 0 0 0 
0 0 0 0 0 0 0 0 0 0 0 0 0 0 0 0 0 0 0 0 0 0 0 0 0 0 0 0 0 0 0 0 
0 0 0 0 0 0 0 0 0 0 0 0 0 0 0 0 0 0 0 0 0 0 0 0 0 0 0 0 0 0 0 0 
0 0 0 0 0 0 0 0 0 0 0 0 0 0 0 0 0 0 0 0 0 0 0 0 0 0 0 0 0 0 0 0 
0 0 0 0 0 0 0 0 0 0 0 0 0 0 0 0 0 0 0 0 0 0 0 0 0 0 0 0 0 0 0 0 
0 0 0 0 0 0 0 0 0 0 0 0 0 0 0 0 0 0 0 0 0 0 0 0 0 0 0 0 0 0 0 0 
0 0 0 0 0 0 0 0 0 0 0 0 0 0 0 0 0 0 0 0 0 0 0 0 0 0 0 0 0 0 0 0 
0 0 0 0 0 0 0 0 0 0 0 0 0 0 0 0 0 0 0 0 0 0 0 0 0 0 0 0 0 0 0 0 
0 0 0 0 0 0 0 0 0 0 0 0 0 0 0 0 0 0 0 0 0 0 0 0 0 0 0 0 0 0 0 2 
0 0 0 0 0 0 0 0 0 0 0 0 0 0 0 0 0 0 0 0 0 0 0 0 0 0 0 0 119 103 116 111 
0 0 0 0 0 0 0 0 0 0 0 0 0 0 0 0 0 0 0 0 0 0 0 0 0 0 0 0 0 0 0 0 
0 0 0 0 0 0 0 0 0 0 0 0 0 0 0 0 0 0 0 0 0 0 0 0 0 0 0 0 0 0 0 0 
0 0 0 0 0 0 0 0 0 0 0 0 0 0 0 0 0 0 0 0 0 0 0 0 0 0 0 0 0 0 0 0 
0 0 0 0 0 0 0 0 0 0 0 0 0 0 0 0 0 0 0 0 0 0 0 0 0 0 0 0 0 0 0 0 
0 0 0 0 0 0 0 0 0 0 0 0 0 0 0 0 0 0 0 0 0 0 0 0 0 0 0 0 0 0 0 0 
0 0 0 0 6 2 3 3 0 0 0 0 2 1 0 3 0 0 0 0 0 2 3 1 0 0 0 0 8 4 6 7 
0 0 0 0 36 36 32 34 0 0 0 0 15 10 14 14 0 0 0 0 21 12 11 13 0 0 0 0 74 60 61 62 
0 0 0 0 68 63 69 68 0 0 0 0 16 19 26 22 0 0 0 0 19 23 19 14 0 0 0 0 106 105 118 105 
0 0 0 0 95 83 60 87 0 0 0 0 23 22 23 13 0 0 0 0 24 22 26 33 0 0 0 0 142 128 112 137 
0 0 0 0 71 73 79 76 0 0 0 0 29 30 27 31 0 0 0 0 25 31 30 29 0 0 0 0 127 138 138 135 
0 0 0 0 123 140 118 135 0 0 0 0 47 67 49 44 0 0 0 0 41 44 50 45 0 0 0 0 212 259 216 228 
0 0 0 0 0 0 0 0 0 0 0 0 0 0 0 0 0 0 0 0 0 0 0 0 0 0 0 0 24 18 20 22 
0 0 0 0 0 0 0 0 0 0 0 0 0 0 0 0 0 0 0 0 0 0 0 0 0 0 0 0 0 0 0 0 
0 0 0 0 0 0 0 0 0 0 0 0 0 0 0 0 0 0 0 0 0 0 0 0 0 0 0 0 0 0 0 0 
0 0 0 0 0 0 0 0 0 0 0 0 0 0 0 0 0 0 0 0 0 0 0 0 0 0 0 0 0 0 0 0 
0 0 0 0 27 28 34 37 0 0 0 0 8 12 14 9 0 0 0 0 10 13 6 7 0 0 0 0 46 53 54 53 
0 0 0 0 71 88 90 91 0 0 0 0 21 27 20 13 0 0 0 0 15 20 28 23 0 0 0 0 112 140 138 128 
0 0 0 0 108 102 114 128 0 0 0 0 32 38 27 27 0 0 0 0 17 33 34 20 0 0 0 0 159 174 180 178 
0 0 0 0 96 67 88 84 0 0 0 0 28 31 37 31 0 0 0 0 22 26 29 30 0 0 0 0 147 129 154 149 
0 0 0 0 63 80 72 65 0 0 0 0 31 21 26 20 0 0 0 0 19 23 25 18 0 0 0 0 115 127 127 105 
0 0 0 0 47 54 53 53 0 0 0 0 15 11 22 29 0 0 0 0 9 13 17 14 0 0 0 0 74 80 96 96 
0 0 0 0 49 40 48 49 0 0 0 0 15 20 10 13 0 0 0 0 14 12 6 10 0 0 0 0 78 72 65 72 
0 0 0 0 58 49 51 52 0 0 0 0 17 27 16 20 0 0 0 0 17 16 9 22 0 0 0 0 94 94 77 97 
0 0 0 0 0 0 0 0 0 0 0 0 0 0 0 0 0 0 0 0 0 0 0 0 0 0 0 0 3 11 12 13 
0 0 0 0 6 4 8 10 0 0 0 0 1 4 2 0 0 0 0 0 1 1 1 1 0 0 0 0 8 10 11 13 
0 0 0 0 148 128 140 145 0 0 0 0 35 32 42 42 0 0 0 0 24 16 22 21 0 0 0 0 208 180 208 211 
0 0 0 0 199 220 207 190 0 0 0 0 54 56 54 66 0 0 0 0 44 39 48 39 0 0 0 0 299 321 314 307 
0 0 0 0 207 206 197 187 0 0 0 0 53 45 53 57 0 0 0 0 41 31 29 36 0 0 0 0 305 285 284 286 
0 0 0 0 150 126 170 130 0 0 0 0 36 30 35 42 0 0 0 0 17 29 30 30 0 0 0 0 209 187 238 204 
0 0 0 0 116 122 99 95 0 0 0 0 36 28 35 25 0 0 0 0 18 24 25 31 0 0 0 0 176 176 165 151 
0 0 0 0 76 85 73 104 0 0 0 0 26 19 22 23 0 0 0 0 20 17 12 21 0 0 0 0 126 123 108 153 
0 0 0 0 58 52 59 60 0 0 0 0 16 30 15 26 0 0 0 0 16 12 15 7 0 0 0 0 92 96 91 95 
0 0 0 0 42 33 34 43 0 0 0 0 16 22 12 14 0 0 0 0 6 8 6 10 0 0 0 0 64 68 52 68 
0 0 0 0 30 30 38 28 0 0 0 0 16 9 22 13 0 0 0 0 13 9 10 4 0 0 0 0 60 49 72 46 
0 0 0 0 35 33 31 25 0 0 0 0 17 16 19 12 0 0 0 0 6 17 8 8 0 0 0 0 58 68 58 46 
0 0 0 0 244 232 255 254 0 0 0 0 53 67 50 54 0 0 0 0 32 30 41 38 0 0 0 0 336 331 349 346 
0 0 0 0 362 411 380 346 0 0 0 0 99 92 115 94 0 0 0 0 57 53 45 56 0 0 0 0 525 568 546 504 
0 0 0 0 287 287 278 271 0 0 0 0 64 70 61 67 0 0 0 0 45 44 38 41 0 0 0 0 401 411 378 381 
0 0 0 0 188 196 217 170 0 0 0 0 54 53 41 57 0 0 0 0 23 30 24 26 0 0 0 0 266 283 283 257 
0 0 0 0 140 142 141 146 0 0 0 0 48 35 33 37 0 0 0 0 21 18 23 23 0 0 0 0 211 201 199 212 
0 0 0 0 86 111 91 120 0 0 0 0 37 30 26 24 0 0 0 0 7 18 15 16 0 0 0 0 135 161 134 162 
0 0 0 0 100 72 79 74 0 0 0 0 27 19 27 20 0 0 0 0 12 14 6 10 0 0 0 0 141 107 112 106 
0 0 0 0 49 62 44 49 0 0 0 0 10 5 12 13 0 0 0 0 3 4 6 10 0 0 0 0 62 74 65 75 
0 0 0 0 30 31 21 21 0 0 0 0 9 11 7 6 0 0 0 0 2 4 2 1 0 0 0 0 46 46 32 28 
0 0 0 0 18 20 16 19 0 0 0 0 7 8 3 4 0 0 0 0 3 3 5 1 0 0 0 0 29 32 24 24 
0 0 0 0 8 11 8 13 0 0 0 0 2 2 4 4 0 0 0 0 0 2 1 1 0 0 0 0 10 15 13 18 
0 0 0 0 0 0 0 6 0 0 0 0 1 0 0 0 0 0 0 0 0 0 1 0 0 0 0 0 1 0 1 6 
0 0 0 0 208 217 204 216 0 0 0 0 49 44 46 42 0 0 0 0 33 33 21 18 0 0 0 0 292 299 274 278 
0 0 0 0 134 123 165 137 0 0 0 0 33 33 34 36 0 0 0 0 11 13 17 15 0 0 0 0 185 170 219 193 
0 0 0 0 94 107 89 102 0 0 0 0 23 25 13 35 0 0 0 0 9 13 14 10 0 0 0 0 129 146 118 147 
0 0 0 0 37 48 62 72 0 0 0 0 11 24 10 20 0 0 0 0 7 7 4 6 0 0 0 0 55 81 78 99 
0 0 0 0 11 17 26 30 0 0 0 0 2 6 10 4 0 0 0 0 1 3 2 3 0 0 0 0 14 27 38 37 
0 0 0 0 2 2 2 1 0 0 0 0 1 2 1 2 0 0 0 0 1 1 0 0 0 0 0 0 4 5 3 3 
0 0 0 0 0 0 0 0 0 0 0 0 0 0 0 0 0 0 0 0 0 0 0 0 0 0 0 0 0 0 0 0 
0 0 0 0 0 0 0 0 0 0 0 0 0 0 0 0 0 0 0 0 0 0 0 0 0 0 0 0 0 0 0 0 
0 0 0 0 0 0 0 0 0 0 0 0 0 0 0 0 0 0 0 0 0 0 0 0 0 0 0 0 0 0 0 0 
0 0 0 0 0 0 0 0 0 0 0 0 0 0 0 0 0 0 0 0 0 0 0 0 0 0 0 0 0 0 0 0 
0 0 0 0 0 0 0 0 0 0 0 0 0 0 0 0 0 0 0 0 0 0 0 0 0 0 0 0 0 0 0 0 
0 0 0 0 0 0 0 0 0 0 0 0 0 0 0 0 0 0 0 0 0 0 0 0 0 0 0 0 0 0 0 0 
0 0 0 0 0 0 0 0 0 0 0 0 0 0 0 0 0 0 0 0 0 0 0 0 0 0 0 0 0 0 0 0 
0 0 0 0 0 0 0 0 0 0 0 0 0 0 0 0 0 0 0 0 0 0 0 0 0 0 0 0 0 0 0 0 
0 0 0 0 0 0 0 0 0 0 0 0 0 0 0 0 0 0 0 0 0 0 0 0 0 0 0 0 0 0 0 0 
0 0 0 0 0 0 0 0 0 0 0 0 0 0 0 0 0 0 0 0 0 0 0 0 0 0 0 0 0 0 0 0 
0 0 0 0 0 0 0 0 0 0 0 0 0 0 0 0 0 0 0 0 0 0 0 0 0 0 0 0 0 0 0 0 
0 0 0 0 0 0 0 0 0 0 0 0 0 0 0 0 0 0 0 0 0 0 0 0 0 0 0 0 0 0 0 0 
0 0 0 0 0 0 0 0 0 0 0 0 0 0 0 0 0 0 0 0 0 0 0 0 0 0 0 0 0 0 0 0 
0 0 0 0 0 0 0 0 0 0 0 0 0 0 0 0 0 0 0 0 0 0 0 0 0 0 0 0 0 0 0 0 
0 0 0 0 0 0 0 0 0 0 0 0 0 0 0 0 0 0 0 0 0 0 0 0 0 0 0 0 0 0 0 0 
0 0 0 0 0 0 0 0 0 0 0 0 0 0 0 0 0 0 0 0 0 0 0 0 0 0 0 0 0 0 0 0 
0 0 0 0 0 0 0 0 0 0 0 0 0 0 0 0 0 0 0 0 0 0 0 0 0 0 0 0 0 0 0 0 
0 0 0 0 0 0 0 0 0 0 0 0 0 0 0 0 0 0 0 0 0 0 0 0 0 0 0 0 0 0 0 0 
0 0 0 0 0 0 0 0 0 0 0 0 0 0 0 0 0 0 0 0 0 0 0 0 0 0 0 0 86 92 100 76 
0 0 0 0 0 0 0 0 0 0 0 0 0 0 0 0 0 0 0 0 0 0 0 0 0 0 0 0 0 0 0 0 
0 0 0 0 0 0 0 0 0 0 0 0 0 0 0 0 0 0 0 0 0 0 0 0 0 0 0 0 0 0 0 0 
0 0 0 0 0 0 0 0 0 0 0 0 0 0 0 0 0 0 0 0 0 0 0 0 0 0 0 0 0 0 0 0 
0 0 0 0 0 0 0 0 0 0 0 0 0 0 0 0 0 0 0 0 0 0 0 0 0 0 0 0 0 0 0 0 
0 0 0 0 0 0 0 0 0 0 0 0 0 0 0 0 0 0 0 0 0 0 0 0 0 0 0 0 0 0 0 0 
0 0 0 0 3 3 3 4 0 0 0 0 1 2 0 4 0 0 0 0 1 0 1 3 0 0 0 0 5 6 5 11 
0 0 0 0 35 29 34 39 0 0 0 0 7 8 10 8 0 0 0 0 8 15 6 3 0 0 0 0 50 52 50 52 
0 0 0 0 67 38 57 56 0 0 0 0 15 22 20 22 0 0 0 0 9 8 17 12 0 0 0 0 91 70 97 92 
0 0 0 0 61 60 71 62 0 0 0 0 27 32 25 33 0 0 0 0 16 18 31 15 0 0 0 0 108 112 129 113 
0 0 0 0 78 70 55 75 0 0 0 0 37 17 22 18 0 0 0 0 26 22 20 21 0 0 0 0 144 111 97 118 
0 0 0 0 129 134 105 137 0 0 0 0 60 55 46 38 0 0 0 0 36 39 39 42 0 0 0 0 228 234 195 224 
0 0 0 0 0 0 0 0 0 0 0 0 0 0 0 0 0 0 0 0 0 0 0 0 0 0 0 0 22 14 21 18 
0 0 0 0 0 0 0 0 0 0 0 0 0 0 0 0 0 0 0 0 0 0 0 0 0 0 0 0 0 0 0 0 
0 0 0 0 0 0 0 0 0 0 0 0 0 0 0 0 0 0 0 0 0 0 0 0 0 0 0 0 0 0 0 0 
0 0 0 0 0 0 0 0 0 0 0 0 0 0 0 0 0 0 0 0 0 0 0 0 0 0 0 0 0 0 0 0 
0 0 0 0 27 26 37 30 0 0 0 0 10 13 8 11 0 0 0 0 8 10 6 11 0 0 0 0 45 49 52 55 
0 0 0 0 87 90 84 89 0 0 0 0 31 22 19 27 0 0 0 0 18 16 18 21 0 0 0 0 139 128 124 139 
0 0 0 0 93 87 101 92 0 0 0 0 35 38 36 24 0 0 0 0 21 26 28 20 0 0 0 0 152 151 165 135 
0 0 0 0 75 96 96 80 0 0 0 0 24 29 30 23 0 0 0 0 21 21 16 21 0 0 0 0 124 147 144 126 
0 0 0 0 57 68 68 77 0 0 0 0 14 26 24 24 0 0 0 0 26 15 18 8 0 0 0 0 97 109 112 111 
0 0 0 0 50 38 49 57 0 0 0 0 16 15 15 21 0 0 0 0 15 15 13 14 0 0 0 0 85 70 77 96 
0 0 0 0 47 38 49 45 0 0 0 0 13 17 14 11 0 0 0 0 14 15 9 9 0 0 0 0 74 70 75 67 
0 0 0 0 39 54 44 48 0 0 0 0 20 17 20 17 0 0 0 0 10 13 15 11 0 0 0 0 71 86 82 79 
0 0 0 0 0 0 0 0 0 0 0 0 0 0 0 0 0 0 0 0 0 0 0 0 0 0 0 0 12 4 10 6 
0 0 0 0 8 10 9 7 0 0 0 0 3 5 4 3 0 0 0 0 2 0 0 4 0 0 0 0 13 15 13 14 
0 0 0 0 130 121 130 133 0 0 0 0 28 32 28 33 0 0 0 0 16 21 23 27 0 0 0 0 176 178 184 195 
0 0 0 0 165 176 187 166 0 0 0 0 45 55 59 54 0 0 0 0 34 32 33 28 0 0 0 0 247 266 284 251 
0 0 0 0 148 174 180 176 0 0 0 0 57 38 57 42 0 0 0 0 31 38 25 27 0 0 0 0 240 252 265 254 
0 0 0 0 112 126 123 123 0 0 0 0 32 38 40 34 0 0 0 0 15 28 27 27 0 0 0 0 163 198 195 189 
0 0 0 0 88 96 101 98 0 0 0 0 33 32 26 28 0 0 0 0 18 13 12 24 0 0 0 0 140 143 144 153 
0 0 0 0 78 77 58 71 0 0 0 0 26 19 21 20 0 0 0 0 18 16 17 17 0 0 0 0 127 116 98 109 
0 0 0 0 56 52 51 47 0 0 0 0 12 14 23 20 0 0 0 0 7 12 15 11 0 0 0 0 76 82 90 78 
0 0 0 0 49 50 49 37 0 0 0 0 11 11 18 15 0 0 0 0 10 7 11 12 0 0 0 0 73 69 83 68 
0 0 0 0 20 32 34 35 0 0 0 0 11 14 8 6 0 0 0 0 4 9 4 11 0 0 0 0 36 55 46 53 
0 0 0 0 31 24 43 38 0 0 0 0 16 13 13 11 0 0 0 0 9 11 5 4 0 0 0 0 56 48 61 53 
0 0 0 0 195 235 246 190 0 0 0 0 51 41 51 48 0 0 0 0 40 30 41 37 0 0 0 0 291 311 343 278 
0 0 0 0 309 300 324 294 0 0 0 0 68 80 68 68 0 0 0 0 35 44 39 38 0 0 0 0 419 433 432 411 
0 0 0 0 232 198 236 231 0 0 0 0 36 65 56 47 0 0 0 0 43 42 36 24 0 0 0 0 317 308 328 305 
0 0 0 0 188 174 167 170 0 0 0 0 47 39 41 52 0 0 0 0 27 26 17 15 0 0 0 0 268 240 230 240 
0 0 0 0 111 124 143 119 0 0 0 0 35 35 28 38 0 0 0 0 22 30 11 15 0 0 0 0 170 195 184 175 
0 0 0 0 102 92 98 78 0 0 0 0 25 20 25 17 0 0 0 0 15 12 10 10 0 0 0 0 145 129 133 106 
0 0 0 0 50 64 62 51 0 0 0 0 22 18 13 14 0 0 0 0 3 13 11 8 0 0 0 0 76 95 87 73 
0 0 0 0 32 31 53 36 0 0 0 0 12 8 7 13 0 0 0 0 3 5 6 3 0 0 0 0 47 45 67 53 
0 0 0 0 26 26 20 21 0 0 0 0 10 9 7 3 0 0 0 0 6 2 7 1 0 0 0 0 42 37 36 26 
0 0 0 0 16 15 11 8 0 0 0 0 3 4 8 4 0 0 0 0 3 4 7 2 0 0 0 0 23 23 26 14 
0 0 0 0 5 9 7 2 0 0 0 0 6 2 2 4 0 0 0 0 0 1 1 1 0 0 0 0 12 12 10 7 
0 0 0 0 2 2 1 3 0 0 0 0 0 1 2 1 0 0 0 0 0 0 1 1 0 0 0 0 2 3 4 5 
0 0 0 0 199 193 194 179 0 0 0 0 43 50 45 34 0 0 0 0 28 32 32 21 0 0 0 0 275 279 274 242 
0 0 0 0 125 143 120 117 0 0 0 0 36 25 30 38 0 0 0 0 17 16 11 17 0 0 0 0 178 187 163 175 
0 0 0 0 79 81 74 97 0 0 0 0 24 28 21 17 0 0 0 0 5 11 8 9 0 0 0 0 109 122 107 125 
0 0 0 0 36 37 54 35 0 0 0 0 11 14 8 10 0 0 0 0 4 7 8 5 0 0 0 0 51 60 70 50 
0 0 0 0 11 22 23 13 0 0 0 0 5 0 3 5 0 0 0 0 0 3 1 3 0 0 0 0 17 28 27 21 
0 0 0 0 0 3 3 2 0 0 0 0 1 0 0 2 0 0 0 0 0 0 0 0 0 0 0 0 1 3 3 4 
0 0 0 0 0 0 0 0 0 0 0 0 0 0 0 0 0 0 0 0 0 0 0 0 0 0 0 0 0 0 0 0 
0 0 0 0 0 0 0 0 0 0 0 0 0 0 0 0 0 0 0 0 0 0 0 0 0 0 0 0 0 0 0 0 
0 0 0 0 0 0 0 0 0 0 0 0 0 0 0 0 0 0 0 0 0 0 0 0 0 0 0 0 0 0 0 0 
0 0 0 0 0 0 0 0 0 0 0 0 0 0 0 0 0 0 0 0 0 0 0 0 0 0 0 0 0 0 0 0 
0 0 0 0 0 0 0 0 0 0 0 0 0 0 0 0 0 0 0 0 0 0 0 0 0 0 0 0 0 0 0 0 
0 0 0 0 0 0 0 0 0 0 0 0 0 0 0 0 0 0 0 0 0 0 0 0 0 0 0 0 0 0 0 0 
0 0 0 0 0 0 0 0 0 0 0 0 0 0 0 0 0 0 0 0 0 0 0 0 0 0 0 0 0 0 0 0 
0 0 0 0 0 0 0 0 0 0 0 0 0 0 0 0 0 0 0 0 0 0 0 0 0 0 0 0 0 0 0 0 
0 0 0 0 0 0 0 0 0 0 0 0 0 0 0 0 0 0 0 0 0 0 0 0 0 0 0 0 0 0 0 0 
0 0 0 0 0 0 0 0 0 0 0 0 0 0 0 0 0 0 0 0 0 0 0 0 0 0 0 0 0 0 0 0 
0 0 0 0 0 0 0 0 0 0 0 0 0 0 0 0 0 0 0 0 0 0 0 0 0 0 0 0 0 0 0 0 
0 0 0 0 0 0 0 0 0 0 0 0 0 0 0 0 0 0 0 0 0 0 0 0 0 0 0 0 0 0 0 0 
0 0 0 0 0 0 0 0 0 0 0 0 0 0 0 0 0 0 0 0 0 0 0 0 0 0 0 0 0 0 0 0 
0 0 0 0 0 0 0 0 0 0 0 0 0 0 0 0 0 0 0 0 0 0 0 0 0 0 0 0 0 0 0 0 
0 0 0 0 0 0 0 0 0 0 0 0 0 0 0 0 0 0 0 0 0 0 0 0 0 0 0 0 0 0 0 0 
0 0 0 0 0 0 0 0 0 0 0 0 0 0 0 0 0 0 0 0 0 0 0 0 0 0 0 0 0 0 0 0 
0 0 0 0 0 0 0 0 0 0 0 0 0 0 0 0 0 0 0 0 0 0 0 0 0 0 0 0 0 0 0 0 
0 0 0 0 0 0 0 0 0 0 0 0 0 0 0 0 0 0 0 0 0 0 0 0 0 0 0 0 0 0 0 1 
0 0 0 0 0 0 0 0 0 0 0 0 0 0 0 0 0 0 0 0 0 0 0 0 0 0 0 0 35 44 45 28 
0 0 0 0 0 0 0 0 0 0 0 0 0 0 0 0 0 0 0 0 0 0 0 0 0 0 0 0 0 0 0 0 
0 0 0 0 0 0 0 0 0 0 0 0 0 0 0 0 0 0 0 0 0 0 0 0 0 0 0 0 0 0 0 0 
0 0 0 0 0 0 0 0 0 0 0 0 0 0 0 0 0 0 0 0 0 0 0 0 0 0 0 0 0 0 0 0 
0 0 0 0 0 0 0 0 0 0 0 0 0 0 0 0 0 0 0 0 0 0 0 0 0 0 0 0 0 0 0 0 
0 0 0 0 0 0 0 0 0 0 0 0 0 0 0 0 0 0 0 0 0 0 0 0 0 0 0 0 0 0 0 0 
0 0 0 0 0 2 2 0 0 0 0 0 0 0 0 0 0 0 0 0 0 0 2 0 0 0 0 0 0 2 4 1 
0 0 0 0 11 20 14 12 0 0 0 0 2 3 3 6 0 0 0 0 5 4 5 4 0 0 0 0 19 27 22 23 
0 0 0 0 28 26 17 22 0 0 0 0 12 8 9 5 0 0 0 0 5 9 5 6 0 0 0 0 49 43 33 33 
0 0 0 0 31 36 25 31 0 0 0 0 9 15 14 7 0 0 0 0 17 9 10 11 0 0 0 0 59 61 48 50 
0 0 0 0 36 29 38 33 0 0 0 0 9 9 13 14 0 0 0 0 11 11 10 15 0 0 0 0 58 49 62 62 
0 0 0 0 60 78 54 75 0 0 0 0 17 27 11 13 0 0 0 0 19 23 30 19 0 0 0 0 99 132 96 110 
0 0 0 0 0 0 0 0 0 0 0 0 0 0 0 0 0 0 0 0 0 0 0 0 0 0 0 0 5 5 15 8 
0 0 0 0 0 0 0 0 0 0 0 0 0 0 0 0 0 0 0 0 0 0 0 0 0 0 0 0 0 0 0 0 
0 0 0 0 0 0 0 0 0 0 0 0 0 0 0 0 0 0 0 0 0 0 0 0 0 0 0 0 0 0 0 0 
0 0 0 0 0 0 0 0 0 0 0 0 0 0 0 0 0 0 0 0 0 0 0 0 0 0 0 0 0 0 0 0 
0 0 0 0 11 15 14 17 0 0 0 0 5 5 5 2 0 0 0 0 1 0 6 5 0 0 0 0 18 20 25 24 
0 0 0 0 35 36 33 34 0 0 0 0 8 9 9 12 0 0 0 0 7 7 16 9 0 0 0 0 52 54 57 56 
0 0 0 0 31 37 45 35 0 0 0 0 11 8 14 17 0 0 0 0 14 7 7 6 0 0 0 0 57 54 66 59 
0 0 0 0 34 42 46 34 0 0 0 0 9 17 5 12 0 0 0 0 8 9 8 6 0 0 0 0 52 72 58 53 
0 0 0 0 27 25 32 32 0 0 0 0 7 8 9 9 0 0 0 0 8 8 4 7 0 0 0 0 43 41 45 48 
0 0 0 0 24 14 25 27 0 0 0 0 3 4 7 4 0 0 0 0 5 5 5 8 0 0 0 0 33 24 37 39 
0 0 0 0 17 15 22 19 0 0 0 0 8 1 9 11 0 0 0 0 5 2 4 3 0 0 0 0 31 18 35 34 
0 0 0 0 23 15 22 22 0 0 0 0 9 5 10 12 0 0 0 0 5 7 6 3 0 0 0 0 40 29 38 38 
0 0 0 0 0 0 0 0 0 0 0 0 0 0 0 0 0 0 0 0 0 0 0 0 0 0 0 0 4 4 2 3 
0 0 0 0 2 4 4 3 0 0 0 0 0 1 1 0 0 0 0 0 1 0 1 1 0 0 0 0 3 5 6 4 
0 0 0 0 44 57 41 52 0 0 0 0 9 5 10 17 0 0 0 0 11 5 9 9 0 0 0 0 65 68 60 82 
0 0 0 0 72 71 79 85 0 0 0 0 22 22 21 18 0 0 0 0 15 13 5 11 0 0 0 0 110 111 107 115 
0 0 0 0 70 90 57 68 0 0 0 0 19 23 17 17 0 0 0 0 10 11 10 9 0 0 0 0 99 124 89 99 
0 0 0 0 43 58 60 44 0 0 0 0 17 15 21 18 0 0 0 0 12 13 5 14 0 0 0 0 73 86 87 78 
0 0 0 0 40 40 40 35 0 0 0 0 18 13 17 13 0 0 0 0 6 8 6 8 0 0 0 0 66 63 65 56 
0 0 0 0 20 35 38 23 0 0 0 0 12 9 8 8 0 0 0 0 4 7 4 9 0 0 0 0 36 53 50 40 
0 0 0 0 18 28 19 17 0 0 0 0 4 6 6 3 0 0 0 0 7 6 4 3 0 0 0 0 30 42 29 23 
0 0 0 0 24 24 20 21 0 0 0 0 7 6 6 6 0 0 0 0 5 3 2 7 0 0 0 0 36 34 29 34 
0 0 0 0 15 10 16 12 0 0 0 0 5 4 7 7 0 0 0 0 3 3 4 3 0 0 0 0 24 17 27 24 
0 0 0 0 11 20 13 16 0 0 0 0 9 6 5 5 0 0 0 0 4 3 4 4 0 0 0 0 26 30 22 25 
0 0 0 0 109 101 98 102 0 0 0 0 17 22 24 17 0 0 0 0 21 16 20 15 0 0 0 0 147 141 144 134 
0 0 0 0 129 161 116 141 0 0 0 0 35 30 46 40 0 0 0 0 23 25 24 20 0 0 0 0 187 217 187 203 
0 0 0 0 115 119 93 101 0 0 0 0 28 26 24 23 0 0 0 0 9 14 17 15 0 0 0 0 154 159 138 142 
0 0 0 0 80 72 75 90 0 0 0 0 27 22 10 15 0 0 0 0 5 9 11 13 0 0 0 0 114 106 98 120 
0 0 0 0 64 68 71 51 0 0 0 0 15 13 10 11 0 0 0 0 6 6 2 15 0 0 0 0 86 91 86 78 
0 0 0 0 41 54 33 33 0 0 0 0 15 15 17 15 0 0 0 0 3 4 4 8 0 0 0 0 59 74 55 58 
0 0 0 0 26 29 25 28 0 0 0 0 6 13 12 5 0 0 0 0 3 4 1 4 0 0 0 0 35 47 39 37 
0 0 0 0 17 22 21 11 0 0 0 0 2 5 5 6 0 0 0 0 2 4 1 3 0 0 0 0 21 33 28 20 
0 0 0 0 17 6 7 13 0 0 0 0 2 2 6 3 0 0 0 0 0 1 2 0 0 0 0 0 19 9 15 16 
0 0 0 0 6 5 7 5 0 0 0 0 2 1 1 1 0 0 0 0 0 1 1 0 0 0 0 0 8 9 9 6 
0 0 0 0 2 3 3 2 0 0 0 0 0 1 0 0 0 0 0 0 0 0 0 1 0 0 0 0 2 4 3 3 
0 0 0 0 0 0 2 2 0 0 0 0 0 0 0 0 0 0 0 0 0 0 0 0 0 0 0 0 0 0 2 2 
0 0 0 0 71 77 74 94 0 0 0 0 15 14 25 24 0 0 0 0 12 8 7 14 0 0 0 0 99 99 108 132 
0 0 0 0 67 60 62 58 0 0 0 0 10 10 18 16 0 0 0 0 5 6 6 5 0 0 0 0 82 78 88 79 
0 0 0 0 53 47 41 46 0 0 0 0 12 9 9 12 0 0 0 0 5 5 3 4 0 0 0 0 70 61 53 63 
0 0 0 0 27 22 21 13 0 0 0 0 4 10 5 7 0 0 0 0 3 3 2 0 0 0 0 0 35 38 28 21 
0 0 0 0 8 8 9 7 0 0 0 0 2 3 0 1 0 0 0 0 0 1 0 0 0 0 0 0 10 12 9 8 
0 0 0 0 1 1 5 0 0 0 0 0 0 0 0 0 0 0 0 0 0 0 0 0 0 0 0 0 1 1 5 0 
0 0 0 0 0 0 0 0 0 0 0 0 0 0 0 0 0 0 0 0 0 0 0 0 0 0 0 0 0 0 0 0 
0 0 0 0 0 0 0 0 0 0 0 0 0 0 0 0 0 0 0 0 0 0 0 0 0 0 0 0 0 0 0 0 
0 0 0 0 0 0 0 0 0 0 0 0 0 0 0 0 0 0 0 0 0 0 0 0 0 0 0 0 0 0 0 0 
0 0 0 0 0 0 0 0 0 0 0 0 0 0 0 0 0 0 0 0 0 0 0 0 0 0 0 0 0 0 0 0 
0 0 0 0 0 0 0 0 0 0 0 0 0 0 0 0 0 0 0 0 0 0 0 0 0 0 0 0 0 0 0 0 
0 0 0 0 0 0 0 0 0 0 0 0 0 0 0 0 0 0 0 0 0 0 0 0 0 0 0 0 0 0 0 0 
0 0 0 0 0 0 0 0 0 0 0 0 0 0 0 0 0 0 0 0 0 0 0 0 0 0 0 0 0 0 0 0 
0 0 0 0 0 0 0 0 0 0 0 0 0 0 0 0 0 0 0 0 0 0 0 0 0 0 0 0 0 0 0 0 
0 0 0 0 0 0 0 0 0 0 0 0 0 0 0 0 0 0 0 0 0 0 0 0 0 0 0 0 0 0 0 0 
0 0 0 0 0 0 0 0 0 0 0 0 0 0 0 0 0 0 0 0 0 0 0 0 0 0 0 0 0 0 0 0 
0 0 0 0 0 0 0 0 0 0 0 0 0 0 0 0 0 0 0 0 0 0 0 0 0 0 0 0 0 0 0 0 
0 0 0 0 0 0 0 0 0 0 0 0 0 0 0 0 0 0 0 0 0 0 0 0 0 0 0 0 0 0 0 0 
0 0 0 0 0 0 0 0 0 0 0 0 0 0 0 0 0 0 0 0 0 0 0 0 0 0 0 0 0 0 0 0 
0 0 0 0 0 0 0 0 0 0 0 0 0 0 0 0 0 0 0 0 0 0 0 0 0 0 0 0 0 0 0 0 
0 0 0 0 0 0 0 0 0 0 0 0 0 0 0 0 0 0 0 0 0 0 0 0 0 0 0 0 0 0 0 0 
0 0 0 0 0 0 0 0 0 0 0 0 0 0 0 0 0 0 0 0 0 0 0 0 0 0 0 0 0 0 0 0 
0 0 0 0 0 0 0 0 0 0 0 0 0 0 0 0 0 0 0 0 0 0 0 0 0 0 0 0 0 0 0 0 
0 0 0 0 0 0 0 0 0 0 0 0 0 0 0 0 0 0 0 0 0 0 0 0 0 0 0 0 0 0 0 0 
0 0 0 0 0 0 0 0 0 0 0 0 0 0 0 0 0 0 0 0 0 0 0 0 0 0 0 0 16 26 19 22 
0 0 0 0 0 0 0 0 0 0 0 0 0 0 0 0 0 0 0 0 0 0 0 0 0 0 0 0 0 0 0 0 
0 0 0 0 0 0 0 0 0 0 0 0 0 0 0 0 0 0 0 0 0 0 0 0 0 0 0 0 0 0 0 0 
0 0 0 0 0 0 0 0 0 0 0 0 0 0 0 0 0 0 0 0 0 0 0 0 0 0 0 0 0 0 0 0 
0 0 0 0 0 0 0 0 0 0 0 0 0 0 0 0 0 0 0 0 0 0 0 0 0 0 0 0 0 0 0 0 
0 0 0 0 0 0 0 0 0 0 0 0 0 0 0 0 0 0 0 0 0 0 0 0 0 0 0 0 0 0 0 0 
0 0 0 0 3 1 0 2 0 0 0 0 0 1 1 0 0 0 0 0 1 2 0 1 0 0 0 0 3 4 1 3 
0 0 0 0 5 6 5 7 0 0 0 0 2 0 4 2 0 0 0 0 1 1 0 0 0 0 0 0 8 7 9 9 
0 0 0 0 14 14 18 18 0 0 0 0 4 5 3 7 0 0 0 0 5 3 2 0 0 0 0 0 24 23 24 25 
0 0 0 0 18 9 22 14 0 0 0 0 6 4 6 3 0 0 0 0 10 6 7 5 0 0 0 0 34 19 36 23 
0 0 0 0 24 25 25 25 0 0 0 0 12 5 6 5 0 0 0 0 5 4 5 3 0 0 0 0 41 34 36 33 
0 0 0 0 37 52 35 36 0 0 0 0 11 10 14 12 0 0 0 0 14 9 12 8 0 0 0 0 63 72 62 56 
0 0 0 0 0 0 0 0 0 0 0 0 0 0 0 0 0 0 0 0 0 0 0 0 0 0 0 0 2 5 3 3 
0 0 0 0 0 0 0 0 0 0 0 0 0 0 0 0 0 0 0 0 0 0 0 0 0 0 0 0 0 0 0 0 
0 0 0 0 0 0 0 0 0 0 0 0 0 0 0 0 0 0 0 0 0 0 0 0 0 0 0 0 0 0 0 0 
0 0 0 0 0 0 0 0 0 0 0 0 0 0 0 0 0 0 0 0 0 0 0 0 0 0 0 0 0 0 0 0 
0 0 0 0 7 12 5 7 0 0 0 0 2 3 2 0 0 0 0 0 3 3 3 1 0 0 0 0 13 18 11 8 
0 0 0 0 15 17 26 21 0 0 0 0 8 3 2 5 0 0 0 0 4 3 3 3 0 0 0 0 27 23 32 29 
0 0 0 0 30 31 25 24 0 0 0 0 3 10 10 3 0 0 0 0 7 4 9 7 0 0 0 0 40 45 44 35 
0 0 0 0 21 17 26 21 0 0 0 0 12 8 9 3 0 0 0 0 3 3 2 3 0 0 0 0 36 29 37 28 
0 0 0 0 12 15 24 23 0 0 0 0 8 6 4 4 0 0 0 0 5 7 3 8 0 0 0 0 26 28 33 35 
0 0 0 0 13 11 7 12 0 0 0 0 6 8 5 2 0 0 0 0 3 5 3 2 0 0 0 0 22 25 16 16 
0 0 0 0 7 9 9 11 0 0 0 0 3 2 1 7 0 0 0 0 3 2 2 2 0 0 0 0 14 13 12 21 
0 0 0 0 16 9 25 15 0 0 0 0 4 10 1 5 0 0 0 0 1 5 6 6 0 0 0 0 21 24 33 27 
0 0 0 0 0 0 0 0 0 0 0 0 0 0 0 0 0 0 0 0 0 0 0 0 0 0 0 0 1 4 1 1 
0 0 0 0 1 3 2 3 0 0 0 0 1 0 0 0 0 0 0 0 1 0 0 2 0 0 0 0 3 3 2 5 
0 0 0 0 40 29 27 32 0 0 0 0 7 9 3 3 0 0 0 0 4 8 7 8 0 0 0 0 51 47 36 43 
0 0 0 0 30 36 42 43 0 0 0 0 9 13 10 15 0 0 0 0 10 9 10 8 0 0 0 0 49 59 63 66 
0 0 0 0 37 37 46 44 0 0 0 0 14 14 17 6 0 0 0 0 12 10 7 7 0 0 0 0 67 63 71 57 
0 0 0 0 28 34 22 26 0 0 0 0 8 8 7 2 0 0 0 0 4 11 7 5 0 0 0 0 40 53 37 33 
0 0 0 0 23 28 22 18 0 0 0 0 9 3 6 7 0 0 0 0 4 8 5 7 0 0 0 0 38 39 35 33 
0 0 0 0 16 24 19 15 0 0 0 0 7 5 4 5 0 0 0 0 2 3 1 2 0 0 0 0 25 32 25 22 
0 0 0 0 11 16 7 17 0 0 0 0 7 1 1 7 0 0 0 0 2 4 2 2 0 0 0 0 20 23 10 26 
0 0 0 0 10 9 11 11 0 0 0 0 0 4 4 6 0 0 0 0 1 3 3 0 0 0 0 0 11 17 18 17 
0 0 0 0 7 9 5 2 0 0 0 0 1 3 2 3 0 0 0 0 1 1 0 2 0 0 0 0 9 13 8 8 
0 0 0 0 9 17 8 10 0 0 0 0 3 1 4 3 0 0 0 0 2 2 3 2 0 0 0 0 14 21 16 15 
0 0 0 0 49 57 57 52 0 0 0 0 10 10 11 7 0 0 0 0 6 9 7 5 0 0 0 0 66 77 76 64 
0 0 0 0 76 67 86 56 0 0 0 0 14 14 17 20 0 0 0 0 14 9 10 10 0 0 0 0 105 93 116 91 
0 0 0 0 48 50 53 57 0 0 0 0 11 12 12 13 0 0 0 0 5 9 7 4 0 0 0 0 64 73 74 75 
0 0 0 0 38 36 32 37 0 0 0 0 12 13 9 7 0 0 0 0 3 8 4 6 0 0 0 0 53 58 46 51 
0 0 0 0 33 31 30 19 0 0 0 0 11 5 4 5 0 0 0 0 2 4 1 2 0 0 0 0 48 41 35 26 
0 0 0 0 30 19 18 19 0 0 0 0 4 6 7 6 0 0 0 0 0 1 3 4 0 0 0 0 36 26 30 29 
0 0 0 0 14 10 15 21 0 0 0 0 1 3 5 3 0 0 0 0 1 0 1 0 0 0 0 0 17 13 21 26 
0 0 0 0 10 8 12 6 0 0 0 0 2 5 1 0 0 0 0 0 2 0 4 0 0 0 0 0 14 13 17 6 
0 0 0 0 4 10 4 8 0 0 0 0 2 3 2 5 0 0 0 0 2 2 3 1 0 0 0 0 9 15 9 14 
0 0 0 0 1 2 3 5 0 0 0 0 2 1 2 1 0 0 0 0 1 0 3 0 0 0 0 0 5 3 8 6 
0 0 0 0 0 0 4 0 0 0 0 0 0 1 0 0 0 0 0 0 0 0 0 0 0 0 0 0 0 1 4 0 
0 0 0 0 1 0 0 0 0 0 0 0 0 0 0 0 0 0 0 0 0 0 0 0 0 0 0 0 1 0 0 0 
0 0 0 0 41 37 55 49 0 0 0 0 12 12 7 6 0 0 0 0 8 7 4 9 0 0 0 0 62 58 68 66 
0 0 0 0 28 33 22 31 0 0 0 0 7 2 12 12 0 0 0 0 6 4 3 0 0 0 0 0 42 40 38 43 
0 0 0 0 28 18 17 36 0 0 0 0 4 2 9 6 0 0 0 0 1 3 2 2 0 0 0 0 33 23 28 45 
0 0 0 0 3 9 15 9 0 0 0 0 1 2 6 3 0 0 0 0 1 1 1 0 0 0 0 0 5 12 22 12 
0 0 0 0 5 6 5 2 0 0 0 0 1 0 3 0 0 0 0 0 0 0 0 2 0 0 0 0 6 6 8 4 
0 0 0 0 2 0 0 0 0 0 0 0 0 0 0 0 0 0 0 0 0 0 0 0 0 0 0 0 2 0 0 0 
0 0 0 0 0 0 0 0 0 0 0 0 0 0 0 0 0 0 0 0 0 0 0 0 0 0 0 0 0 0 0 0 
0 0 0 0 0 0 0 0 0 0 0 0 0 0 0 0 0 0 0 0 0 0 0 0 0 0 0 0 0 0 0 0 
0 0 0 0 0 0 0 0 0 0 0 0 0 0 0 0 0 0 0 0 0 0 0 0 0 0 0 0 0 0 0 0 
0 0 0 0 0 0 0 0 0 0 0 0 0 0 0 0 0 0 0 0 0 0 0 0 0 0 0 0 0 0 0 0 
0 0 0 0 0 0 0 0 0 0 0 0 0 0 0 0 0 0 0 0 0 0 0 0 0 0 0 0 0 0 0 0 
0 0 0 0 0 0 0 0 0 0 0 0 0 0 0 0 0 0 0 0 0 0 0 0 0 0 0 0 0 0 0 0 
0 0 0 0 0 0 0 0 0 0 0 0 0 0 0 0 0 0 0 0 0 0 0 0 0 0 0 0 0 0 0 0 
0 0 0 0 0 0 0 0 0 0 0 0 0 0 0 0 0 0 0 0 0 0 0 0 0 0 0 0 0 0 0 0 
0 0 0 0 0 0 0 0 0 0 0 0 0 0 0 0 0 0 0 0 0 0 0 0 0 0 0 0 0 0 0 0 
0 0 0 0 0 0 0 0 0 0 0 0 0 0 0 0 0 0 0 0 0 0 0 0 0 0 0 0 0 0 0 0 
0 0 0 0 0 0 0 0 0 0 0 0 0 0 0 0 0 0 0 0 0 0 0 0 0 0 0 0 0 0 0 0 
0 0 0 0 0 0 0 0 0 0 0 0 0 0 0 0 0 0 0 0 0 0 0 0 0 0 0 0 0 0 0 0 
0 0 0 0 0 0 0 0 0 0 0 0 0 0 0 0 0 0 0 0 0 0 0 0 0 0 0 0 0 0 0 0 
0 0 0 0 0 0 0 0 0 0 0 0 0 0 0 0 0 0 0 0 0 0 0 0 0 0 0 0 0 0 0 0 
0 0 0 0 0 0 0 0 0 0 0 0 0 0 0 0 0 0 0 0 0 0 0 0 0 0 0 0 0 0 0 0 
0 0 0 0 0 0 0 0 0 0 0 0 0 0 0 0 0 0 0 0 0 0 0 0 0 0 0 0 0 0 0 0 
0 0 0 0 0 0 0 0 0 0 0 0 0 0 0 0 0 0 0 0 0 0 0 0 0 0 0 0 0 0 0 0 
0 0 0 0 0 0 0 0 0 0 0 0 0 0 0 0 0 0 0 0 0 0 0 0 0 0 0 0 0 0 0 0 
0 0 0 0 0 0 0 0 0 0 0 0 0 0 0 0 0 0 0 0 0 0 0 0 0 0 0 0 19 17 19 14 
0 0 0 0 0 0 0 0 0 0 0 0 0 0 0 0 0 0 0 0 0 0 0 0 0 0 0 0 0 0 0 0 
0 0 0 0 0 0 0 0 0 0 0 0 0 0 0 0 0 0 0 0 0 0 0 0 0 0 0 0 0 0 0 0 
0 0 0 0 0 0 0 0 0 0 0 0 0 0 0 0 0 0 0 0 0 0 0 0 0 0 0 0 0 0 0 0 
0 0 0 0 0 0 0 0 0 0 0 0 0 0 0 0 0 0 0 0 0 0 0 0 0 0 0 0 0 0 0 0 
0 0 0 0 0 0 0 0 0 0 0 0 0 0 0 0 0 0 0 0 0 0 0 0 0 0 0 0 0 0 0 0 
0 0 0 0 0 0 1 1 0 0 0 0 1 0 0 1 0 0 0 0 0 0 1 1 0 0 0 0 1 0 2 3 
0 0 0 0 5 5 8 7 0 0 0 0 3 3 4 3 0 0 0 0 1 2 3 6 0 0 0 0 9 12 15 16 
0 0 0 0 14 20 20 12 0 0 0 0 5 2 9 5 0 0 0 0 8 7 12 4 0 0 0 0 27 29 41 22 
0 0 0 0 17 22 19 23 0 0 0 0 7 9 5 10 0 0 0 0 9 8 3 7 0 0 0 0 34 41 27 42 
0 0 0 0 20 33 26 24 0 0 0 0 9 6 8 7 0 0 0 0 5 8 8 6 0 0 0 0 34 47 43 37 
0 0 0 0 33 26 43 47 0 0 0 0 16 12 14 18 0 0 0 0 12 17 14 14 0 0 0 0 63 55 72 79 
0 0 0 0 0 0 0 0 0 0 0 0 0 0 0 0 0 0 0 0 0 0 0 0 0 0 0 0 2 7 3 5 
0 0 0 0 0 0 0 0 0 0 0 0 0 0 0 0 0 0 0 0 0 0 0 0 0 0 0 0 0 0 0 0 
0 0 0 0 0 0 0 0 0 0 0 0 0 0 0 0 0 0 0 0 0 0 0 0 0 0 0 0 0 0 0 0 
0 0 0 0 0 0 0 0 0 0 0 0 0 0 0 0 0 0 0 0 0 0 0 0 0 0 0 0 0 0 0 0 
0 0 0 0 8 8 6 3 0 0 0 0 2 4 1 0 0 0 0 0 3 0 0 3 0 0 0 0 13 12 7 6 
0 0 0 0 29 25 22 37 0 0 0 0 6 7 7 9 0 0 0 0 4 7 0 2 0 0 0 0 39 38 30 48 
0 0 0 0 26 33 19 24 0 0 0 0 6 6 8 6 0 0 0 0 2 9 11 8 0 0 0 0 34 50 38 38 
0 0 0 0 26 21 17 18 0 0 0 0 10 6 13 7 0 0 0 0 5 6 7 10 0 0 0 0 41 33 37 35 
0 0 0 0 26 23 20 26 0 0 0 0 5 5 5 4 0 0 0 0 7 5 6 4 0 0 0 0 38 33 31 35 
0 0 0 0 17 12 13 21 0 0 0 0 3 4 5 5 0 0 0 0 5 7 5 7 0 0 0 0 25 23 23 34 
0 0 0 0 12 14 20 9 0 0 0 0 3 4 2 4 0 0 0 0 3 2 6 3 0 0 0 0 18 20 29 16 
0 0 0 0 19 14 15 21 0 0 0 0 4 9 2 10 0 0 0 0 2 4 2 4 0 0 0 0 26 27 19 35 
0 0 0 0 0 0 0 0 0 0 0 0 0 0 0 0 0 0 0 0 0 0 0 0 0 0 0 0 0 2 0 1 
0 0 0 0 4 2 5 1 0 0 0 0 0 0 0 0 0 0 0 0 0 1 0 0 0 0 0 0 4 3 5 1 
0 0 0 0 29 40 40 43 0 0 0 0 8 6 4 11 0 0 0 0 5 4 7 5 0 0 0 0 43 51 51 60 
0 0 0 0 36 48 37 42 0 0 0 0 11 12 13 7 0 0 0 0 7 8 8 7 0 0 0 0 54 69 59 59 
0 0 0 0 39 39 44 38 0 0 0 0 9 13 10 14 0 0 0 0 9 9 9 12 0 0 0 0 57 63 63 64 
0 0 0 0 31 30 42 35 0 0 0 0 7 6 18 11 0 0 0 0 7 9 7 9 0 0 0 0 45 46 68 57 
0 0 0 0 27 29 22 21 0 0 0 0 13 8 8 4 0 0 0 0 5 8 1 2 0 0 0 0 45 45 31 28 
0 0 0 0 25 21 24 25 0 0 0 0 5 10 9 7 0 0 0 0 3 0 2 5 0 0 0 0 33 31 35 37 
0 0 0 0 15 19 12 17 0 0 0 0 6 8 7 11 0 0 0 0 2 7 3 2 0 0 0 0 24 34 23 32 
0 0 0 0 9 19 14 17 0 0 0 0 1 6 6 5 0 0 0 0 3 1 3 0 0 0 0 0 13 27 23 22 
0 0 0 0 8 7 13 7 0 0 0 0 4 1 5 3 0 0 0 0 2 2 2 0 0 0 0 0 14 11 20 10 
0 0 0 0 12 9 15 6 0 0 0 0 4 3 3 4 0 0 0 0 2 6 1 2 0 0 0 0 19 19 19 12 
0 0 0 0 52 65 61 47 0 0 0 0 7 6 17 21 0 0 0 0 11 7 13 8 0 0 0 0 71 79 92 76 
0 0 0 0 70 89 94 88 0 0 0 0 16 16 14 20 0 0 0 0 6 12 11 7 0 0 0 0 93 119 120 120 
0 0 0 0 60 78 60 72 0 0 0 0 9 14 19 9 0 0 0 0 13 7 11 6 0 0 0 0 83 101 92 87 
0 0 0 0 36 45 47 45 0 0 0 0 8 16 16 9 0 0 0 0 11 3 8 5 0 0 0 0 56 64 72 61 
0 0 0 0 38 43 39 35 0 0 0 0 5 7 5 8 0 0 0 0 3 7 3 2 0 0 0 0 47 57 49 47 
0 0 0 0 17 34 22 38 0 0 0 0 9 4 7 6 0 0 0 0 0 2 0 3 0 0 0 0 26 40 30 47 
0 0 0 0 17 21 20 11 0 0 0 0 3 5 6 4 0 0 0 0 1 4 1 0 0 0 0 0 22 30 27 15 
0 0 0 0 15 17 16 13 0 0 0 0 5 3 1 3 0 0 0 0 2 1 0 2 0 0 0 0 22 21 17 18 
0 0 0 0 8 6 5 4 0 0 0 0 3 2 3 4 0 0 0 0 2 0 3 1 0 0 0 0 13 8 11 9 
0 0 0 0 3 6 4 3 0 0 0 0 0 1 1 0 0 0 0 0 1 1 0 0 0 0 0 0 4 8 5 3 
0 0 0 0 1 2 0 2 0 0 0 0 2 0 1 0 0 0 0 0 2 0 0 0 0 0 0 0 5 2 1 2 
0 0 0 0 0 0 0 3 0 0 0 0 0 0 0 0 0 0 0 0 0 0 0 0 0 0 0 0 0 0 0 3 
0 0 0 0 53 58 51 51 0 0 0 0 9 15 8 11 0 0 0 0 3 2 5 3 0 0 0 0 66 76 63 65 
0 0 0 0 35 38 52 37 0 0 0 0 8 7 4 10 0 0 0 0 3 7 7 3 0 0 0 0 47 52 63 50 
0 0 0 0 22 28 21 26 0 0 0 0 3 8 6 5 0 0 0 0 3 5 2 0 0 0 0 0 28 41 31 31 
0 0 0 0 15 12 14 17 0 0 0 0 3 4 4 1 0 0 0 0 1 3 2 1 0 0 0 0 19 20 20 19 
0 0 0 0 2 4 10 6 0 0 0 0 0 2 3 5 0 0 0 0 0 1 0 0 0 0 0 0 2 7 13 11 
0 0 0 0 1 0 0 0 0 0 0 0 0 0 0 0 0 0 0 0 0 0 0 0 0 0 0 0 1 0 0 0 
0 0 0 0 0 0 0 0 0 0 0 0 0 0 0 0 0 0 0 0 0 0 0 0 0 0 0 0 0 0 0 0 
0 0 0 0 0 0 0 0 0 0 0 0 0 0 0 0 0 0 0 0 0 0 0 0 0 0 0 0 0 0 0 0 
0 0 0 0 0 0 0 0 0 0 0 0 0 0 0 0 0 0 0 0 0 0 0 0 0 0 0 0 0 0 0 0 
0 0 0 0 0 0 0 0 0 0 0 0 0 0 0 0 0 0 0 0 0 0 0 0 0 0 0 0 0 0 0 0 
0 0 0 0 0 0 0 0 0 0 0 0 0 0 0 0 0 0 0 0 0 0 0 0 0 0 0 0 0 0 0 0 
0 0 0 0 0 0 0 0 0 0 0 0 0 0 0 0 0 0 0 0 0 0 0 0 0 0 0 0 0 0 0 0 
0 0 0 0 0 0 0 0 0 0 0 0 0 0 0 0 0 0 0 0 0 0 0 0 0 0 0 0 0 0 0 0 
0 0 0 0 0 0 0 0 0 0 0 0 0 0 0 0 0 0 0 0 0 0 0 0 0 0 0 0 0 0 0 0 
0 0 0 0 0 0 0 0 0 0 0 0 0 0 0 0 0 0 0 0 0 0 0 0 0 0 0 0 0 0 0 0 
0 0 0 0 0 0 0 0 0 0 0 0 0 0 0 0 0 0 0 0 0 0 0 0 0 0 0 0 0 0 0 0 
0 0 0 0 0 0 0 0 0 0 0 0 0 0 0 0 0 0 0 0 0 0 0 0 0 0 0 0 0 0 0 0 
0 0 0 0 0 0 0 0 0 0 0 0 0 0 0 0 0 0 0 0 0 0 0 0 0 0 0 0 0 0 0 0 
0 0 0 0 0 0 0 0 0 0 0 0 0 0 0 0 0 0 0 0 0 0 0 0 0 0 0 0 0 0 0 0 
0 0 0 0 0 0 0 0 0 0 0 0 0 0 0 0 0 0 0 0 0 0 0 0 0 0 0 0 0 0 0 0 
0 0 0 0 0 0 0 0 0 0 0 0 0 0 0 0 0 0 0 0 0 0 0 0 0 0 0 0 0 0 0 0 
0 0 0 0 0 0 0 0 0 0 0 0 0 0 0 0 0 0 0 0 0 0 0 0 0 0 0 0 0 0 0 0 
0 0 0 0 0 0 0 0 0 0 0 0 0 0 0 0 0 0 0 0 0 0 0 0 0 0 0 0 0 0 0 0 
0 0 0 0 0 0 0 0 0 0 0 0 0 0 0 0 0 0 0 0 0 0 0 0 0 0 0 0 0 0 0 0 
