0.004 0.1 0.2 0 0 0 0 0 0 0 0 0 0 0 0 0 0 0 0 
0.004 0.1 0.25 0 0 0 0 0 0 0 0 0 0 0 0 0 0 0 0 
0.004 0.1 0.3 0 0 0 0 0 0 0 0 0 0 0 0 0 0 0 0 
0.004 0.1 0.35 0 0 0 0 0 0 0 0 0 0 0 0 0 0 0 0 
0.004 0.1 0.4 0 0 0 0 0 0 0 0 0 0 0 0 0 0 0 0 
0.004 0.1 0.45 0 0 0 0 0 0 0 0 0 0 0 0 0 0 0 0 
0.004 0.1 0.5 0 0 0 0 0 0 0 0 0 0 0 0 0 0 0 0 
0.004 0.1 0.55 0 0 0 0 0 0 0 0 0 0 0 0 0 0 0 0 
0.004 0.1 0.6 0 0 0 0 0 0 0 0 0 0 0 0 0 0 0 0 
0.004 0.1 0.65 0 0 0 0 0 0 0 0 0 0 0 0 0 0 0 0 
0.004 0.1 0.7 0 0 0 0 0 0 0 0 0 0 0 0 0 0 0 0 
0.004 0.1 0.75 0 0 0 0 0 0 0 0 0 0 0 0 0 0 0 0 
0.004 0.15 0.2 0 0 0 0 0 0 0 0 0 0 0 0 0 0 0 0 
0.004 0.15 0.25 0 0 0 0 0 0 0 0 0 0 0 0 0 0 0 0 
0.004 0.15 0.3 0 0 0 0 0 0 0 0 0 0 0 0 0 0 0 0 
0.004 0.15 0.35 0 0 0 0 0 0 0 0 0 0 0 0 0 0 0 0 
0.004 0.15 0.4 0 0 0 0 0 0 0 0 0 0 0 0 0 0 0 0 
0.004 0.15 0.45 0 0 0 0 0 0 0 0 0 0 0 0 0 0 0 0 
0.004 0.15 0.5 0 0 0 0 0 0 0 0 0 0 0 0 0 0 0 0 
0.004 0.15 0.55 0 0 0 0 0 0 0 0 0 0 0 0 0 0 0 0 
0.004 0.15 0.6 0 0 0 0 0 0 0 0 0 0 0 0 0 0 0 0 
0.004 0.15 0.65 0 0 0 0 0 0 0 0 0 0 0 0 0 0 0 0 
0.004 0.15 0.7 0 0 0 0 0 0 0 0 0 0 0 0 0 0 0 0 
0.004 0.15 0.75 0 0 0 0 0 0 0 0 0 0 0 0 0 0 0 0 
0.004 0.2 0.2 0 0 0 0 0 0 0 0 0 0 0 0 0 0 0 0 
0.004 0.2 0.25 0 0 0 0 0 0 0 0 0 0 0 0 0 0 0 0 
0.004 0.2 0.3 0 0 0 0 0 0 0 0 0 0 0 0 0 0 0 0 
0.004 0.2 0.35 0 0 0 0 0 0 0 0 0 0 0 0 0 0 0 0 
0.004 0.2 0.4 0 0 0 0 0 0 0 0 0 0 0 0 0 0 0 0 
0.004 0.2 0.45 0 0 0 0 0 0 0 0 0 0 0 0 0 0 0 0 
0.004 0.2 0.5 0 0 0 0 0 0 0 0 0 0 0 0 0 0 0 0 
0.004 0.2 0.55 0 0 0 0 0 0 0 0 0 0 0 0 0 0 0 0 
0.004 0.2 0.6 0 0 0 0 0 0 0 0 0 0 0 0 0 0 0 0 
0.004 0.2 0.65 0 0 0 0 0 0 0 0 0 0 0 0 0 0 0 0 
0.004 0.2 0.7 0 0 0 0 0 0 0 0 0 0 0 0 0 0 0 0 
0.004 0.2 0.75 0 0 0 0 0 0 0 0 0 0 0 0 0 0 0 0 
0.004 0.3 0.2 0.00865779 0.444772 1.14696 0.222564 0.430046 8.11465e-05 2.3942e-09 1 0.00865779 0.444772 1.14696 0.222564 0.316243 5.72832e-05 1.57539e-09 1 
0.004 0.3 0.25 0.00886351 0.434915 1.15 0.272196 0.309943 4.89806e-05 1.62874e-09 1 0.00886351 0.434915 1.15 0.272196 0.237144 3.74903e-05 1.19225e-09 1 
0.004 0.3 0.3 0.00879821 0.433061 1.13401 0.323613 0.248546 3.8869e-05 1.65991e-09 1 0.00879821 0.433061 1.13401 0.323613 0.178738 2.81709e-05 1.08e-09 1 
0.004 0.3 0.35 0.00884235 0.433655 1.14349 0.372782 0.167432 2.57506e-05 1.03933e-09 1 0.00884235 0.433655 1.14349 0.372782 0.115653 1.72567e-05 6.35884e-10 1 
0.004 0.3 0.4 0.00878773 0.433586 1.13853 0.423942 0.144947 2.5238e-05 1.06617e-09 1 0.00878773 0.433586 1.13853 0.423942 0.0945367 1.53889e-05 5.74202e-10 1 
0.004 0.3 0.45 0.00860856 0.437126 1.11885 0.473061 0.120875 2.45545e-05 1.06915e-09 1 0.00860856 0.437126 1.11885 0.473061 0.0784276 1.46496e-05 5.85355e-10 1 
0.004 0.3 0.5 0.0090574 0.411273 1.10196 0.522925 0.0982625 3.06418e-05 1.40453e-09 1 0.0090574 0.411273 1.10196 0.522925 0.0571863 1.58818e-05 6.53602e-10 1 
0.004 0.3 0.55 0.00951616 0.387331 1.09474 0.573995 0.0847133 5.32589e-05 2.71277e-09 1 0.00951616 0.387331 1.09474 0.573995 0.0507896 2.83819e-05 1.29121e-09 1 
0.004 0.3 0.6 0.00947603 0.37636 1.04668 0.621645 0.0619167 8.09089e-05 4.06949e-09 1 0.00947603 0.37636 1.04668 0.621645 0.0324285 3.98595e-05 2.00502e-09 1 
0.004 0.3 0.65 0.00975427 0.353693 1.03293 0.677727 0.0678026 0.00055413 3.75465e-08 1 0.00975427 0.353693 1.03293 0.677727 0.0574178 0.000298648 2.89696e-08 1 
0.004 0.3 0.7 0 0 0 0 0 0 0 0 0 0 0 0 0 0 0 0 
0.004 0.3 0.75 0 0 0 0 0 0 0 0 0 0 0 0 0 0 0 0 
0.004 0.5 0.2 0.00748821 0.597083 1.32209 0.223033 0.385734 3.27304e-05 9.40426e-10 1 0.00748821 0.597083 1.32209 0.223033 0.322684 2.79983e-05 8.09825e-10 1 
0.004 0.5 0.25 0.00753034 0.596267 1.32772 0.273333 0.301001 2.80541e-05 8.7543e-10 1 0.00753034 0.596267 1.32772 0.273333 0.23266 2.18886e-05 6.15637e-10 1 
0.004 0.5 0.3 0.007453 0.595687 1.31398 0.324676 0.237549 2.80806e-05 8.14254e-10 1 0.007453 0.595687 1.31398 0.324676 0.179459 2.04746e-05 5.63419e-10 1 
0.004 0.5 0.35 0.00768659 0.567394 1.28967 0.373058 0.190454 3.72575e-05 1.10243e-09 1 0.00768659 0.567394 1.28967 0.373058 0.145992 2.6337e-05 7.85677e-10 1 
0.004 0.5 0.4 0.00803672 0.52973 1.25701 0.42667 0.178059 8.56774e-05 3.01342e-09 1 0.00803672 0.52973 1.25701 0.42667 0.123897 4.98244e-05 1.80864e-09 1 
0.004 0.5 0.45 0.00779208 0.511821 1.15232 0.471794 0 0 0 0 0.00779208 0.511821 1.15232 0.471794 0 0 0 0 
0.004 0.5 0.5 0 0 0 0 0 0 0 0 0 0 0 0 0 0 0 0 
0.004 0.5 0.55 0 0 0 0 0 0 0 0 0 0 0 0 0 0 0 0 
0.004 0.5 0.6 0 0 0 0 0 0 0 0 0 0 0 0 0 0 0 0 
0.004 0.5 0.65 0 0 0 0 0 0 0 0 0 0 0 0 0 0 0 0 
0.004 0.5 0.7 0 0 0 0 0 0 0 0 0 0 0 0 0 0 0 0 
0.004 0.5 0.75 0 0 0 0 0 0 0 0 0 0 0 0 0 0 0 0 
0.004 0.7 0.2 0 0 0 0 0 0 0 0 0 0 0 0 0 0 0 0 
0.004 0.7 0.25 0 0 0 0 0 0 0 0 0 0 0 0 0 0 0 0 
0.004 0.7 0.3 0 0 0 0 0 0 0 0 0 0 0 0 0 0 0 0 
0.004 0.7 0.35 0 0 0 0 0 0 0 0 0 0 0 0 0 0 0 0 
0.004 0.7 0.4 0 0 0 0 0 0 0 0 0 0 0 0 0 0 0 0 
0.004 0.7 0.45 0 0 0 0 0 0 0 0 0 0 0 0 0 0 0 0 
0.004 0.7 0.5 0 0 0 0 0 0 0 0 0 0 0 0 0 0 0 0 
0.004 0.7 0.55 0 0 0 0 0 0 0 0 0 0 0 0 0 0 0 0 
0.004 0.7 0.6 0 0 0 0 0 0 0 0 0 0 0 0 0 0 0 0 
0.004 0.7 0.65 0 0 0 0 0 0 0 0 0 0 0 0 0 0 0 0 
0.004 0.7 0.7 0 0 0 0 0 0 0 0 0 0 0 0 0 0 0 0 
0.004 0.7 0.75 0 0 0 0 0 0 0 0 0 0 0 0 0 0 0 0 
0.01 0.1 0.2 0 0 0 0 0 0 0 0 0 0 0 0 0 0 0 0 
0.01 0.1 0.25 0 0 0 0 0 0 0 0 0 0 0 0 0 0 0 0 
0.01 0.1 0.3 0 0 0 0 0 0 0 0 0 0 0 0 0 0 0 0 
0.01 0.1 0.35 0 0 0 0 0 0 0 0 0 0 0 0 0 0 0 0 
0.01 0.1 0.4 0 0 0 0 0 0 0 0 0 0 0 0 0 0 0 0 
0.01 0.1 0.45 0 0 0 0 0 0 0 0 0 0 0 0 0 0 0 0 
0.01 0.1 0.5 0 0 0 0 0 0 0 0 0 0 0 0 0 0 0 0 
0.01 0.1 0.55 0 0 0 0 0 0 0 0 0 0 0 0 0 0 0 0 
0.01 0.1 0.6 0 0 0 0 0 0 0 0 0 0 0 0 0 0 0 0 
0.01 0.1 0.65 0 0 0 0 0 0 0 0 0 0 0 0 0 0 0 0 
0.01 0.1 0.7 0 0 0 0 0 0 0 0 0 0 0 0 0 0 0 0 
0.01 0.1 0.75 0 0 0 0 0 0 0 0 0 0 0 0 0 0 0 0 
0.01 0.15 0.2 0 0 0 0 0 0 0 0 0 0 0 0 0 0 0 0 
0.01 0.15 0.25 0 0 0 0 0 0 0 0 0 0 0 0 0 0 0 0 
0.01 0.15 0.3 0 0 0 0 0 0 0 0 0 0 0 0 0 0 0 0 
0.01 0.15 0.35 0 0 0 0 0 0 0 0 0 0 0 0 0 0 0 0 
0.01 0.15 0.4 0.0182938 0.191988 1.0643 0.422332 0.139663 0.000148913 7.70092e-09 1 0.0182938 0.191988 1.0643 0.422332 0.0906407 0.00010642 4.2617e-09 1 
0.01 0.15 0.45 0.0188302 0.18564 1.06133 0.473672 0.123506 6.884e-05 4.26958e-09 1 0.0188302 0.18564 1.06133 0.473672 0.0781748 4.2592e-05 2.36492e-09 1 
0.01 0.15 0.5 0.0188242 0.188549 1.07564 0.52716 0.0902714 5.08071e-05 2.31516e-09 1 0.0188242 0.188549 1.07564 0.52716 0.0670704 3.72988e-05 1.7836e-09 1 
0.01 0.15 0.55 0.0191208 0.187442 1.08091 0.572674 0.0742455 3.77802e-05 2.49137e-09 1 0.0191208 0.187442 1.08091 0.572674 0.0380654 1.78377e-05 1.0776e-09 1 
0.01 0.15 0.6 0.01875 0.187866 1.05959 0.628345 0.0578223 2.77926e-05 1.54969e-09 1 0.01875 0.187866 1.05959 0.628345 0.0322111 1.63444e-05 8.65912e-10 1 
0.01 0.15 0.65 0.0189574 0.185483 1.03466 0.67049 0.0575213 3.34563e-05 2.80357e-09 1 0.0189574 0.185483 1.03466 0.67049 0.0258938 1.434e-05 9.00777e-10 1 
0.01 0.15 0.7 0.0189203 0.182689 1.04574 0.726998 0.0316988 1.73761e-05 9.50886e-10 1 0.0189203 0.182689 1.04574 0.726998 0.0160413 8.80454e-06 4.5568e-10 1 
0.01 0.15 0.75 0.0189077 0.187711 1.06775 0.806939 0.0292226 8.1867e-06 9.80698e-10 1 0.0189077 0.187711 1.06775 0.806939 0.00921771 2.87843e-06 1.20604e-10 1 
0.01 0.2 0.2 0 0 0 0 0 0 0 0 0 0 0 0 0 0 0 0 
0.01 0.2 0.25 0.0153566 0.293883 1.40636 0.273554 0 0 0 0 0.0153566 0.293883 1.40636 0.273554 0 0 0 0 
0.01 0.2 0.3 0.0156121 0.275422 1.28595 0.323501 0.25275 3.42998e-05 1.22588e-09 1 0.0156121 0.275422 1.28595 0.323501 0.17996 2.46504e-05 8.58086e-10 1 
0.01 0.2 0.35 0.0161207 0.259257 1.24237 0.374449 0.190439 1.48395e-05 5.76014e-10 1 0.0161207 0.259257 1.24237 0.374449 0.126322 9.60283e-06 3.44098e-10 1 
0.01 0.2 0.4 0.0164845 0.25234 1.2346 0.424543 0.145376 9.0546e-06 4.02738e-10 1 0.0164845 0.25234 1.2346 0.424543 0.0926317 5.58847e-06 2.26849e-10 1 
0.01 0.2 0.45 0.0162802 0.255674 1.23225 0.473263 0.110599 6.45721e-06 3.32111e-10 1 0.0162802 0.255674 1.23225 0.473263 0.0682119 3.90678e-06 1.84829e-10 1 
0.01 0.2 0.5 0.0163937 0.252109 1.2239 0.523157 0.0884503 5.04476e-06 2.78691e-10 1 0.0163937 0.252109 1.2239 0.523157 0.0497928 2.68702e-06 1.33226e-10 1 
0.01 0.2 0.55 0.0158257 0.259972 1.21776 0.574299 0.068643 3.60764e-06 2.17591e-10 1 0.0158257 0.259972 1.21776 0.574299 0.0383606 2.00655e-06 9.96772e-11 1 
0.01 0.2 0.6 0.0168002 0.249183 1.24478 0.623248 0.0547555 3.24598e-06 1.8171e-10 1 0.0168002 0.249183 1.24478 0.623248 0.0269172 1.55559e-06 7.01556e-11 1 
0.01 0.2 0.65 0.016259 0.24908 1.20495 0.672982 0.0455756 3.20183e-06 1.68973e-10 1 0.016259 0.24908 1.20495 0.672982 0.0239336 1.85829e-06 7.65209e-11 1 
0.01 0.2 0.7 0.0161751 0.250046 1.19855 0.725384 0.0415075 3.29697e-06 1.7934e-10 1 0.0161751 0.250046 1.19855 0.725384 0.0178928 1.46995e-06 5.71211e-11 1 
0.01 0.2 0.75 0.0161128 0.251663 1.20134 0.790712 0.0314733 1.55498e-06 8.19127e-11 1 0.0161128 0.251663 1.20134 0.790712 0.01643 7.65537e-07 3.71316e-11 1 
0.01 0.3 0.2 0.0142331 0.430657 1.83119 0.223505 0.431117 3.84873e-05 1.06222e-09 1 0.0142331 0.430657 1.83119 0.223505 0.338372 3.03115e-05 8.07183e-10 1 
0.01 0.3 0.25 0.0140931 0.385259 1.61243 0.273447 0.324911 1.42339e-05 4.57726e-10 1 0.0140931 0.385259 1.61243 0.273447 0.2424 1.06435e-05 3.12585e-10 1 
0.01 0.3 0.3 0.0142125 0.380698 1.60909 0.323572 0.250729 1.02292e-05 3.57909e-10 1 0.0142125 0.380698 1.60909 0.323572 0.176629 7.1717e-06 2.35586e-10 1 
0.01 0.3 0.35 0.0140825 0.382044 1.60058 0.374624 0.18852 7.38127e-06 3.04464e-10 1 0.0140825 0.382044 1.60058 0.374624 0.133398 5.28865e-06 1.92932e-10 1 
0.01 0.3 0.4 0.0141852 0.380315 1.59684 0.422965 0.138871 5.45839e-06 2.18565e-10 1 0.0141852 0.380315 1.59684 0.422965 0.0953139 3.67168e-06 1.33597e-10 1 
0.01 0.3 0.45 0.0142297 0.377111 1.5879 0.473886 0.121366 5.49015e-06 2.38675e-10 1 0.0142297 0.377111 1.5879 0.473886 0.0753064 3.2822e-06 1.18238e-10 1 
0.01 0.3 0.5 0.0138638 0.365536 1.49589 0.523928 0.0999893 5.40366e-06 2.52614e-10 1 0.0138638 0.365536 1.49589 0.523928 0.0577209 2.83587e-06 1.11931e-10 1 
0.01 0.3 0.55 0.0143309 0.356727 1.50207 0.57608 0.0794808 5.30586e-06 2.49452e-10 1 0.0143309 0.356727 1.50207 0.57608 0.0469517 2.7869e-06 1.19598e-10 1 
0.01 0.3 0.6 0.0140189 0.337 1.39255 0.624455 0.0700526 6.59271e-06 3.26008e-10 1 0.0140189 0.337 1.39255 0.624455 0.0382641 3.19847e-06 1.62213e-10 1 
0.01 0.3 0.65 0.0142148 0.331284 1.38843 0.67544 0.0597804 9.53971e-06 4.86502e-10 1 0.0142148 0.331284 1.38843 0.67544 0.0355172 4.97604e-06 2.45976e-10 1 
0.01 0.3 0.7 0.0138113 0.320345 1.30498 0.72877 0.0619045 1.85204e-05 1.012e-09 1 0.0138113 0.320345 1.30498 0.72877 0.0287991 6.97354e-06 3.94569e-10 1 
0.01 0.3 0.75 0.0150922 0.309972 1.31925 0.826658 0.0563613 0.000126641 1.37303e-08 1 0.0150922 0.309972 1.31925 0.826658 0.0219141 3.87334e-05 3.17048e-09 1 
0.01 0.5 0.2 0.0138632 0.581425 2.38777 0.222244 0.425076 4.36463e-05 1.22428e-09 1 0.0138632 0.581425 2.38777 0.222244 0.330484 3.461e-05 8.70039e-10 1 
0.01 0.5 0.25 0.0139239 0.583199 2.41104 0.272832 0.326329 3.59897e-05 1.09705e-09 1 0.0139239 0.583199 2.41104 0.272832 0.247339 2.75178e-05 7.8744e-10 1 
0.01 0.5 0.3 0.0141827 0.575597 2.426 0.325142 0.254281 3.37132e-05 1.01365e-09 1 0.0141827 0.575597 2.426 0.325142 0.178551 2.29683e-05 5.81272e-10 1 
0.01 0.5 0.35 0.0139311 0.555763 2.29157 0.371098 0.203759 4.1697e-05 1.14442e-09 1 0.0139311 0.555763 2.29157 0.371098 0.130592 2.48401e-05 6.01188e-10 1 
0.01 0.5 0.4 0.0137213 0.528487 2.13556 0.425916 0.162016 6.76343e-05 1.92776e-09 1 0.0137213 0.528487 2.13556 0.425916 0.120273 4.5054e-05 1.40752e-09 1 
0.01 0.5 0.45 0.0136872 0.507138 2.00562 0.47667 0 0 0 0 0.0136872 0.507138 2.00562 0.47667 0 0 0 0 
0.01 0.5 0.5 0 0 0 0 0 0 0 0 0 0 0 0 0 0 0 0 
0.01 0.5 0.55 0 0 0 0 0 0 0 0 0 0 0 0 0 0 0 0 
0.01 0.5 0.6 0 0 0 0 0 0 0 0 0 0 0 0 0 0 0 0 
0.01 0.5 0.65 0 0 0 0 0 0 0 0 0 0 0 0 0 0 0 0 
0.01 0.5 0.7 0 0 0 0 0 0 0 0 0 0 0 0 0 0 0 0 
0.01 0.5 0.75 0 0 0 0 0 0 0 0 0 0 0 0 0 0 0 0 
0.01 0.7 0.2 0 0 0 0 0 0 0 0 0 0 0 0 0 0 0 0 
0.01 0.7 0.25 0 0 0 0 0 0 0 0 0 0 0 0 0 0 0 0 
0.01 0.7 0.3 0 0 0 0 0 0 0 0 0 0 0 0 0 0 0 0 
0.01 0.7 0.35 0 0 0 0 0 0 0 0 0 0 0 0 0 0 0 0 
0.01 0.7 0.4 0 0 0 0 0 0 0 0 0 0 0 0 0 0 0 0 
0.01 0.7 0.45 0 0 0 0 0 0 0 0 0 0 0 0 0 0 0 0 
0.01 0.7 0.5 0 0 0 0 0 0 0 0 0 0 0 0 0 0 0 0 
0.01 0.7 0.55 0 0 0 0 0 0 0 0 0 0 0 0 0 0 0 0 
0.01 0.7 0.6 0 0 0 0 0 0 0 0 0 0 0 0 0 0 0 0 
0.01 0.7 0.65 0 0 0 0 0 0 0 0 0 0 0 0 0 0 0 0 
0.01 0.7 0.7 0 0 0 0 0 0 0 0 0 0 0 0 0 0 0 0 
0.01 0.7 0.75 0 0 0 0 0 0 0 0 0 0 0 0 0 0 0 0 
0.02 0.1 0.2 0 0 0 0 0 0 0 0 0 0 0 0 0 0 0 0 
0.02 0.1 0.25 0 0 0 0 0 0 0 0 0 0 0 0 0 0 0 0 
0.02 0.1 0.3 0 0 0 0 0 0 0 0 0 0 0 0 0 0 0 0 
0.02 0.1 0.35 0 0 0 0 0 0 0 0 0 0 0 0 0 0 0 0 
0.02 0.1 0.4 0 0 0 0 0 0 0 0 0 0 0 0 0 0 0 0 
0.02 0.1 0.45 0 0 0 0 0 0 0 0 0 0 0 0 0 0 0 0 
0.02 0.1 0.5 0.025269 0.147868 1.16424 0.524653 0 0 0 0 0.025269 0.147868 1.16424 0.524653 0 0 0 0 
0.02 0.1 0.55 0.0261992 0.143088 1.13517 0.576475 0.0725246 3.1167e-05 1.52395e-09 1 0.0261992 0.143088 1.13517 0.576475 0.0316623 1.27006e-05 5.37249e-10 1 
0.02 0.1 0.6 0.0273398 0.138465 1.1364 0.622282 0.0575584 1.36219e-05 6.06754e-10 1 0.0273398 0.138465 1.1364 0.622282 0.0243071 5.6848e-06 2.18698e-10 1 
0.02 0.1 0.65 0.026909 0.137744 1.1048 0.675105 0.0516448 1.3075e-05 6.60709e-10 1 0.026909 0.137744 1.1048 0.675105 0.0216338 4.93695e-06 2.29035e-10 1 
0.02 0.1 0.7 0.0273546 0.137193 1.11666 0.723662 0.0439311 1.01412e-05 4.46253e-10 1 0.0273546 0.137193 1.11666 0.723662 0.0155963 3.49556e-06 1.00712e-10 1 
0.02 0.1 0.75 0.0270004 0.13561 1.08936 0.800116 0.0286369 3.02659e-06 1.22742e-10 1 0.0270004 0.13561 1.08936 0.800116 0.00813338 8.60373e-07 2.34809e-11 1 
0.02 0.15 0.2 0 0 0 0 0 0 0 0 0 0 0 0 0 0 0 0 
0.02 0.15 0.25 0 0 0 0 0 0 0 0 0 0 0 0 0 0 0 0 
0.02 0.15 0.3 0 0 0 0 0 0 0 0 0 0 0 0 0 0 0 0 
0.02 0.15 0.35 0 0 0 0 0 0 0 0 0 0 0 0 0 0 0 0 
0.02 0.15 0.4 0.0246667 0.193063 1.43905 0.424053 0.165222 8.96897e-05 3.8048e-09 1 0.0246667 0.193063 1.43905 0.424053 0.103186 6.12593e-05 2.52197e-09 1 
0.02 0.15 0.45 0.0247129 0.183143 1.35079 0.472677 0.115405 1.65234e-05 7.87459e-10 1 0.0247129 0.183143 1.35079 0.472677 0.0743462 1.11909e-05 5.34427e-10 1 
0.02 0.15 0.5 0.0245606 0.176647 1.29094 0.523045 0.0939881 8.81902e-06 4.39797e-10 1 0.0245606 0.176647 1.29094 0.523045 0.0514113 4.3084e-06 2.03009e-10 1 
0.02 0.15 0.55 0.0244491 0.173484 1.26068 0.573267 0.0748283 6.14573e-06 3.0978e-10 1 0.0244491 0.173484 1.26068 0.573267 0.0373789 2.80762e-06 1.30144e-10 1 
0.02 0.15 0.6 0.0245777 0.175239 1.27405 0.623518 0.0627583 5.38525e-06 2.74365e-10 1 0.0245777 0.175239 1.27405 0.623518 0.030347 2.43952e-06 1.23992e-10 1 
0.02 0.15 0.65 0.0250483 0.174464 1.2977 0.675854 0.0504278 4.36396e-06 2.32289e-10 1 0.0250483 0.174464 1.2977 0.675854 0.0207964 1.74889e-06 7.18262e-11 1 
0.02 0.15 0.7 0.0248754 0.172806 1.277 0.722654 0.0408254 3.57648e-06 1.81709e-10 1 0.0248754 0.172806 1.277 0.722654 0.015172 1.37037e-06 5.63828e-11 1 
0.02 0.15 0.75 0.0244582 0.171305 1.24313 0.796785 0.0303668 1.24862e-06 7.71081e-11 1 0.0244582 0.171305 1.24313 0.796785 0.00882683 3.96389e-07 1.32169e-11 1 
0.02 0.2 0.2 0 0 0 0 0 0 0 0 0 0 0 0 0 0 0 0 
0.02 0.2 0.25 0.0244373 0.295069 2.23225 0.278246 0 0 0 0 0.0244373 0.295069 2.23225 0.278246 0 0 0 0 
0.02 0.2 0.3 0.0243048 0.27357 1.99469 0.323386 0.253603 5.68835e-05 2.02497e-09 1 0.0243048 0.27357 1.99469 0.323386 0.183066 4.22838e-05 1.33146e-09 1 
0.02 0.2 0.35 0.0243562 0.253815 1.84305 0.373102 0.210415 2.28158e-05 9.21056e-10 1 0.0243562 0.253815 1.84305 0.373102 0.126007 1.34629e-05 4.37578e-10 1 
0.02 0.2 0.4 0.0243343 0.244306 1.77228 0.423865 0.162086 1.25392e-05 5.45082e-10 1 0.0243343 0.244306 1.77228 0.423865 0.090892 6.6993e-06 2.35644e-10 1 
0.02 0.2 0.45 0.0243224 0.240663 1.73922 0.474385 0.127662 9.59164e-06 4.85849e-10 1 0.0243224 0.240663 1.73922 0.474385 0.0702411 5.10983e-06 2.1705e-10 1 
0.02 0.2 0.5 0.0245196 0.237575 1.72805 0.525065 0.0951411 6.59438e-06 3.69972e-10 1 0.0245196 0.237575 1.72805 0.525065 0.0527372 3.72384e-06 1.52466e-10 1 
0.02 0.2 0.55 0.0242966 0.240189 1.73339 0.575102 0.073377 4.93527e-06 2.6338e-10 1 0.0242966 0.240189 1.73339 0.575102 0.0401249 2.54851e-06 1.358e-10 1 
0.02 0.2 0.6 0.0244871 0.243482 1.77161 0.624984 0.0612043 4.23482e-06 2.45532e-10 1 0.0244871 0.243482 1.77161 0.624984 0.0291144 2.04327e-06 9.01917e-11 1 
0.02 0.2 0.65 0.0242223 0.246381 1.78232 0.672353 0.0455671 3.577e-06 1.73111e-10 1 0.0242223 0.246381 1.78232 0.672353 0.0208725 1.66919e-06 5.96418e-11 1 
0.02 0.2 0.7 0.0240948 0.23926 1.70533 0.722099 0.0394988 3.41288e-06 1.79648e-10 1 0.0240948 0.23926 1.70533 0.722099 0.0152763 1.41786e-06 5.34311e-11 1 
0.02 0.2 0.75 0.0240826 0.238133 1.70481 0.797518 0.0307902 1.55772e-06 9.01611e-11 1 0.0240826 0.238133 1.70481 0.797518 0.0131842 6.9177e-07 2.45946e-11 1 
0.02 0.3 0.2 0.0241829 0.429862 3.10401 0.223596 0.456264 0.000109945 3.1601e-09 1 0.0241829 0.429862 3.10401 0.223596 0.328055 7.84846e-05 1.8867e-09 1 
0.02 0.3 0.25 0.0244374 0.383705 2.78969 0.273784 0.343472 3.95738e-05 1.22143e-09 1 0.0244374 0.383705 2.78969 0.273784 0.255002 2.96821e-05 8.66552e-10 1 
0.02 0.3 0.3 0.0243834 0.380431 2.76137 0.324107 0.265451 2.82977e-05 9.68005e-10 1 0.0243834 0.380431 2.76137 0.324107 0.181789 1.94093e-05 5.7417e-10 1 
0.02 0.3 0.35 0.0240585 0.379584 2.71784 0.374705 0.19508 1.96027e-05 7.31435e-10 1 0.0240585 0.379584 2.71784 0.374705 0.126514 1.30199e-05 4.10872e-10 1 
0.02 0.3 0.4 0.0242197 0.377704 2.71041 0.423941 0.160743 1.66093e-05 6.91628e-10 1 0.0242197 0.377704 2.71041 0.423941 0.0946963 9.84109e-06 2.95651e-10 1 
0.02 0.3 0.45 0.0245894 0.381106 2.78859 0.475271 0.132877 1.55858e-05 6.40869e-10 1 0.0245894 0.381106 2.78859 0.475271 0.0715433 8.289e-06 2.37676e-10 1 
0.02 0.3 0.5 0.0240174 0.363297 2.58223 0.522633 0.107394 1.51907e-05 6.04411e-10 1 0.0240174 0.363297 2.58223 0.522633 0.0589386 7.74922e-06 2.81724e-10 1 
0.02 0.3 0.55 0.0242657 0.35244 2.53769 0.574564 0.0953345 1.73735e-05 7.69877e-10 1 0.0242657 0.35244 2.53769 0.574564 0.0507675 7.96932e-06 2.87996e-10 1 
0.02 0.3 0.6 0.0243948 0.340487 2.45684 0.623716 0.0801149 1.90119e-05 8.92199e-10 1 0.0243948 0.340487 2.45684 0.623716 0.0358804 7.68057e-06 2.42834e-10 1 
0.02 0.3 0.65 0.0238229 0.333996 2.34877 0.675604 0.0671337 2.57844e-05 1.14362e-09 1 0.0238229 0.333996 2.34877 0.675604 0.0295082 9.62177e-06 4.2216e-10 1 
0.02 0.3 0.7 0.0234341 0.318638 2.17054 0.724611 0.0656945 5.12915e-05 2.9651e-09 1 0.0234341 0.318638 2.17054 0.724611 0.0296994 1.70644e-05 8.60808e-10 1 
0.02 0.3 0.75 0.0224136 0.313057 1.96505 0.78101 0.0563066 0.000327939 3.10416e-08 1 0.0224136 0.313057 1.96505 0.78101 0.0150818 3.6217e-05 8.74248e-09 1 
0.02 0.5 0.2 0.0240511 0.585628 4.18895 0.222756 0.427613 0.000130216 3.34242e-09 1 0.0240511 0.585628 4.18895 0.222756 0.344178 0.000108344 2.54717e-09 1 
0.02 0.5 0.25 0.0242439 0.583188 4.19296 0.273342 0.345174 0.000111375 3.17101e-09 1 0.0242439 0.583188 4.19296 0.273342 0.23668 7.68494e-05 1.78842e-09 1 
0.02 0.5 0.3 0.0241889 0.576943 4.12262 0.323683 0.260447 9.94781e-05 2.76722e-09 1 0.0241889 0.576943 4.12262 0.323683 0.186281 7.01066e-05 1.61554e-09 1 
0.02 0.5 0.35 0.0242353 0.559382 3.98543 0.375115 0.20537 0.000115768 2.64981e-09 1 0.0242353 0.559382 3.98543 0.375115 0.141327 7.57389e-05 1.67389e-09 1 
0.02 0.5 0.4 0.0242791 0.524455 3.76594 0.429619 0.184579 0.000218096 5.38976e-09 1 0.0242791 0.524455 3.76594 0.429619 0.103489 0.000102006 2.37098e-09 1 
0.02 0.5 0.45 0.0246749 0.517695 3.61698 0.475364 0 0 0 0 0.0246749 0.517695 3.61698 0.475364 0 0 0 0 
0.02 0.5 0.5 0 0 0 0 0 0 0 0 0 0 0 0 0 0 0 0 
0.02 0.5 0.55 0 0 0 0 0 0 0 0 0 0 0 0 0 0 0 0 
0.02 0.5 0.6 0 0 0 0 0 0 0 0 0 0 0 0 0 0 0 0 
0.02 0.5 0.65 0 0 0 0 0 0 0 0 0 0 0 0 0 0 0 0 
0.02 0.5 0.7 0 0 0 0 0 0 0 0 0 0 0 0 0 0 0 0 
0.02 0.5 0.75 0 0 0 0 0 0 0 0 0 0 0 0 0 0 0 0 
0.02 0.7 0.2 0 0 0 0 0 0 0 0 0 0 0 0 0 0 0 0 
0.02 0.7 0.25 0 0 0 0 0 0 0 0 0 0 0 0 0 0 0 0 
0.02 0.7 0.3 0 0 0 0 0 0 0 0 0 0 0 0 0 0 0 0 
0.02 0.7 0.35 0 0 0 0 0 0 0 0 0 0 0 0 0 0 0 0 
0.02 0.7 0.4 0 0 0 0 0 0 0 0 0 0 0 0 0 0 0 0 
0.02 0.7 0.45 0 0 0 0 0 0 0 0 0 0 0 0 0 0 0 0 
0.02 0.7 0.5 0 0 0 0 0 0 0 0 0 0 0 0 0 0 0 0 
0.02 0.7 0.55 0 0 0 0 0 0 0 0 0 0 0 0 0 0 0 0 
0.02 0.7 0.6 0 0 0 0 0 0 0 0 0 0 0 0 0 0 0 0 
0.02 0.7 0.65 0 0 0 0 0 0 0 0 0 0 0 0 0 0 0 0 
0.02 0.7 0.7 0 0 0 0 0 0 0 0 0 0 0 0 0 0 0 0 
0.02 0.7 0.75 0 0 0 0 0 0 0 0 0 0 0 0 0 0 0 0 
0.03 0.1 0.2 0 0 0 0 0 0 0 0 0 0 0 0 0 0 0 0 
0.03 0.1 0.25 0 0 0 0 0 0 0 0 0 0 0 0 0 0 0 0 
0.03 0.1 0.3 0 0 0 0 0 0 0 0 0 0 0 0 0 0 0 0 
0.03 0.1 0.35 0 0 0 0 0 0 0 0 0 0 0 0 0 0 0 0 
0.03 0.1 0.4 0 0 0 0 0 0 0 0 0 0 0 0 0 0 0 0 
0.03 0.1 0.45 0 0 0 0 0 0 0 0 0 0 0 0 0 0 0 0 
0.03 0.1 0.5 0.0342685 0.145685 1.56183 0.532288 0 0 0 0 0.0342685 0.145685 1.56183 0.532288 0 0 0 0 
0.03 0.1 0.55 0.0341951 0.142341 1.46692 0.576683 0.0748948 3.4327e-05 1.64983e-09 1 0.0341951 0.142341 1.46692 0.576683 0.0341919 1.51101e-05 6.77679e-10 1 
0.03 0.1 0.6 0.0351665 0.134701 1.41318 0.624543 0.056126 1.19173e-05 5.08901e-10 1 0.0351665 0.134701 1.41318 0.624543 0.0253801 4.92033e-06 1.98941e-10 1 
0.03 0.1 0.65 0.0350977 0.130576 1.36986 0.676698 0.0524056 7.87594e-06 3.5734e-10 1 0.0350977 0.130576 1.36986 0.676698 0.0205356 3.0223e-06 1.00539e-10 1 
0.03 0.1 0.7 0.034796 0.126055 1.30576 0.723931 0.0441925 5.16676e-06 2.38516e-10 1 0.034796 0.126055 1.30576 0.723931 0.014374 1.63647e-06 5.66502e-11 1 
0.03 0.1 0.75 0.0347288 0.12396 1.28332 0.796968 0.0300552 1.45826e-06 5.971e-11 1 0.0347288 0.12396 1.28332 0.796968 0.00901356 4.45455e-07 1.45937e-11 1 
0.03 0.15 0.2 0 0 0 0 0 0 0 0 0 0 0 0 0 0 0 0 
0.03 0.15 0.25 0 0 0 0 0 0 0 0 0 0 0 0 0 0 0 0 
0.03 0.15 0.3 0 0 0 0 0 0 0 0 0 0 0 0 0 0 0 0 
0.03 0.15 0.35 0 0 0 0 0 0 0 0 0 0 0 0 0 0 0 0 
0.03 0.15 0.4 0.0352581 0.191128 2.04957 0.422219 0.156228 0.000139624 6.74715e-09 1 0.0352581 0.191128 2.04957 0.422219 0.0924692 9.61941e-05 3.66528e-09 1 
0.03 0.15 0.45 0.0336761 0.185383 1.86025 0.47322 0.139238 3.91752e-05 2.01372e-09 1 0.0336761 0.185383 1.86025 0.47322 0.0658677 1.73163e-05 7.41568e-10 1 
0.03 0.15 0.5 0.0345515 0.176356 1.81738 0.5249 0.0977193 1.5779e-05 8.09439e-10 1 0.0345515 0.176356 1.81738 0.5249 0.0449147 7.02545e-06 2.6065e-10 1 
0.03 0.15 0.55 0.0348825 0.1722 1.79314 0.572915 0.0806288 1.13273e-05 5.97034e-10 1 0.0348825 0.1722 1.79314 0.572915 0.039055 5.06241e-06 2.47735e-10 1 
0.03 0.15 0.6 0.0341692 0.169665 1.72608 0.622542 0.0738072 1.11279e-05 6.09094e-10 1 0.0341692 0.169665 1.72608 0.622542 0.0285207 3.81641e-06 1.98174e-10 1 
0.03 0.15 0.65 0.03436 0.174737 1.78781 0.674561 0.0453491 6.2876e-06 2.88678e-10 1 0.03436 0.174737 1.78781 0.674561 0.0214097 3.18202e-06 1.24729e-10 1 
0.03 0.15 0.7 0.0341266 0.173793 1.76514 0.723587 0.0419092 6.05156e-06 3.12384e-10 1 0.0341266 0.173793 1.76514 0.723587 0.0166332 2.52438e-06 9.17044e-11 1 
0.03 0.15 0.75 0.0348898 0.171817 1.77143 0.805111 0.0304008 1.99931e-06 1.21627e-10 1 0.0348898 0.171817 1.77143 0.805111 0.00826205 6.19588e-07 2.35542e-11 1 
0.03 0.2 0.2 0 0 0 0 0 0 0 0 0 0 0 0 0 0 0 0 
0.03 0.2 0.25 0.0327352 0.296373 3.0066 0.275885 0 0 0 0 0.0327352 0.296373 3.0066 0.275885 0 0 0 0 
0.03 0.2 0.3 0.034804 0.27423 2.84845 0.322877 0.258323 0.000112584 3.64815e-09 1 0.034804 0.27423 2.84845 0.322877 0.177805 8.15499e-05 2.43805e-09 1 
0.03 0.2 0.35 0.0350527 0.254685 2.67185 0.374109 0.20269 4.11353e-05 1.54023e-09 1 0.0350527 0.254685 2.67185 0.374109 0.117992 2.34326e-05 7.37191e-10 1 
0.03 0.2 0.4 0.034152 0.240497 2.43922 0.425002 0.169397 2.62081e-05 1.17353e-09 1 0.034152 0.240497 2.43922 0.425002 0.092258 1.35545e-05 4.40385e-10 1 
0.03 0.2 0.45 0.0350067 0.239255 2.49208 0.472184 0.130503 1.88537e-05 8.31355e-10 1 0.0350067 0.239255 2.49208 0.472184 0.0717343 1.01318e-05 3.98076e-10 1 
0.03 0.2 0.5 0.0345722 0.238114 2.45548 0.524952 0.0970834 1.24721e-05 7.05087e-10 1 0.0345722 0.238114 2.45548 0.524952 0.0478182 6.57718e-06 2.35226e-10 1 
0.03 0.2 0.55 0.034597 0.245139 2.51103 0.574547 0.0728936 9.51031e-06 4.72944e-10 1 0.034597 0.245139 2.51103 0.574547 0.0353546 4.59228e-06 1.89202e-10 1 
0.03 0.2 0.6 0.0344963 0.241642 2.46662 0.624121 0.0662716 8.99551e-06 5.64684e-10 1 0.0344963 0.241642 2.46662 0.624121 0.0283433 3.90984e-06 1.51031e-10 1 
0.03 0.2 0.65 0.0344432 0.238532 2.43183 0.670807 0.0513777 7.21954e-06 3.91146e-10 1 0.0344432 0.238532 2.43183 0.670807 0.0197599 3.0277e-06 1.04451e-10 1 
0.03 0.2 0.7 0.0343446 0.244036 2.47659 0.728321 0.0409674 6.31476e-06 3.26967e-10 1 0.0343446 0.244036 2.47659 0.728321 0.0168378 3.02202e-06 1.0777e-10 1 
0.03 0.2 0.75 0.03412 0.233767 2.37929 0.790669 0.0345116 3.37892e-06 1.89322e-10 1 0.03412 0.233767 2.37929 0.790669 0.00877929 8.69236e-07 2.30014e-11 1 
0.03 0.3 0.2 0.0343992 0.432713 4.43916 0.222239 0.476198 0.000224549 6.11803e-09 1 0.0343992 0.432713 4.43916 0.222239 0.33342 0.000154782 3.25516e-09 1 
0.03 0.3 0.25 0.0347098 0.380603 3.9319 0.273829 0.342808 7.47693e-05 2.2418e-09 1 0.0347098 0.380603 3.9319 0.273829 0.246892 5.40544e-05 1.44271e-09 1 
0.03 0.3 0.3 0.0345671 0.381272 3.9128 0.324379 0.281564 5.80759e-05 1.99902e-09 1 0.0345671 0.381272 3.9128 0.324379 0.183064 3.84554e-05 1.15806e-09 1 
0.03 0.3 0.35 0.0346274 0.372271 3.81916 0.375055 0.211601 4.06186e-05 1.51242e-09 1 0.0346274 0.372271 3.81916 0.375055 0.131915 2.59643e-05 7.94464e-10 1 
0.03 0.3 0.4 0.0347666 0.381848 3.94567 0.426243 0.168796 3.43832e-05 1.34241e-09 1 0.0347666 0.381848 3.94567 0.426243 0.0881561 1.82713e-05 5.03815e-10 1 
0.03 0.3 0.45 0.0343257 0.369808 3.76815 0.474383 0.139784 3.32654e-05 1.33396e-09 1 0.0343257 0.369808 3.76815 0.474383 0.0703253 1.5607e-05 4.30497e-10 1 
0.03 0.3 0.5 0.0337209 0.363029 3.64027 0.52453 0.119748 3.31144e-05 1.33106e-09 1 0.0337209 0.363029 3.64027 0.52453 0.0585161 1.52375e-05 4.38061e-10 1 
0.03 0.3 0.55 0.0338085 0.356215 3.54968 0.576532 0.0841931 2.90852e-05 9.99433e-10 1 0.0338085 0.356215 3.54968 0.576532 0.0372287 1.2612e-05 3.47344e-10 1 
0.03 0.3 0.6 0.0351585 0.334958 3.52825 0.629884 0.0799699 3.88215e-05 1.6762e-09 1 0.0351585 0.334958 3.52825 0.629884 0.0331224 1.34797e-05 5.34842e-10 1 
0.03 0.3 0.65 0.0345247 0.341035 3.44983 0.684441 0.0666267 5.40977e-05 2.03133e-09 1 0.0345247 0.341035 3.44983 0.684441 0.0299213 1.81947e-05 5.41057e-10 1 
0.03 0.3 0.7 0.0326311 0.323145 3.10632 0.72754 0.0586986 7.13379e-05 3.33639e-09 1 0.0326311 0.323145 3.10632 0.72754 0.0240861 2.4815e-05 1.22272e-09 1 
0.03 0.3 0.75 0.0354475 0.310488 3.0971 0.804253 0.0223923 0.000227684 1.67078e-08 1 0.0354475 0.310488 3.0971 0.804253 0.00596431 5.79078e-05 6.06392e-09 1 
0.03 0.5 0.2 0.0340138 0.578401 5.86766 0.221853 0.47946 0.000308566 8.40457e-09 1 0.0340138 0.578401 5.86766 0.221853 0.34835 0.000237369 5.55919e-09 1 
0.03 0.5 0.25 0.0346292 0.583571 6.02485 0.27336 0.355454 0.000238015 6.77103e-09 1 0.0346292 0.583571 6.02485 0.27336 0.253234 0.000170497 4.06542e-09 1 
0.03 0.5 0.3 0.0344022 0.580513 5.89949 0.323178 0.296032 0.000231611 6.83767e-09 1 0.0344022 0.580513 5.89949 0.323178 0.157304 0.000127752 3.04067e-09 1 
0.03 0.5 0.35 0.0332678 0.555411 5.46454 0.370727 0.225653 0.000264585 7.19818e-09 1 0.0332678 0.555411 5.46454 0.370727 0.129829 0.000144436 4.00902e-09 1 
0.03 0.5 0.4 0.0348841 0.533275 5.50691 0.422924 0.192771 0.000461798 1.13964e-08 1 0.0348841 0.533275 5.50691 0.422924 0.105735 0.000263828 5.11052e-09 1 
0.03 0.5 0.45 0.0316682 0.500143 4.6511 0.49779 0 0 0 0 0.0316682 0.500143 4.6511 0.49779 0 0 0 0 
0.03 0.5 0.5 0 0 0 0 0 0 0 0 0 0 0 0 0 0 0 0 
0.03 0.5 0.55 0 0 0 0 0 0 0 0 0 0 0 0 0 0 0 0 
0.03 0.5 0.6 0 0 0 0 0 0 0 0 0 0 0 0 0 0 0 0 
0.03 0.5 0.65 0 0 0 0 0 0 0 0 0 0 0 0 0 0 0 0 
0.03 0.5 0.7 0 0 0 0 0 0 0 0 0 0 0 0 0 0 0 0 
0.03 0.5 0.75 0 0 0 0 0 0 0 0 0 0 0 0 0 0 0 0 
0.03 0.7 0.2 0 0 0 0 0 0 0 0 0 0 0 0 0 0 0 0 
0.03 0.7 0.25 0 0 0 0 0 0 0 0 0 0 0 0 0 0 0 0 
0.03 0.7 0.3 0 0 0 0 0 0 0 0 0 0 0 0 0 0 0 0 
0.03 0.7 0.35 0 0 0 0 0 0 0 0 0 0 0 0 0 0 0 0 
0.03 0.7 0.4 0 0 0 0 0 0 0 0 0 0 0 0 0 0 0 0 
0.03 0.7 0.45 0 0 0 0 0 0 0 0 0 0 0 0 0 0 0 0 
0.03 0.7 0.5 0 0 0 0 0 0 0 0 0 0 0 0 0 0 0 0 
0.03 0.7 0.55 0 0 0 0 0 0 0 0 0 0 0 0 0 0 0 0 
0.03 0.7 0.6 0 0 0 0 0 0 0 0 0 0 0 0 0 0 0 0 
0.03 0.7 0.65 0 0 0 0 0 0 0 0 0 0 0 0 0 0 0 0 
0.03 0.7 0.7 0 0 0 0 0 0 0 0 0 0 0 0 0 0 0 0 
0.03 0.7 0.75 0 0 0 0 0 0 0 0 0 0 0 0 0 0 0 0 
0.04 0.1 0.2 0 0 0 0 0 0 0 0 0 0 0 0 0 0 0 0 
0.04 0.1 0.25 0 0 0 0 0 0 0 0 0 0 0 0 0 0 0 0 
0.04 0.1 0.3 0 0 0 0 0 0 0 0 0 0 0 0 0 0 0 0 
0.04 0.1 0.35 0 0 0 0 0 0 0 0 0 0 0 0 0 0 0 0 
0.04 0.1 0.4 0 0 0 0 0 0 0 0 0 0 0 0 0 0 0 0 
0.04 0.1 0.45 0 0 0 0 0 0 0 0 0 0 0 0 0 0 0 0 
0.04 0.1 0.5 0.0571495 0.149165 2.65023 0.522204 0 0 0 0 0.0571495 0.149165 2.65023 0.522204 0 0 0 0 
0.04 0.1 0.55 0.0473268 0.14347 2.0406 0.573281 0.0872768 3.98228e-05 1.69926e-09 1 0.0473268 0.14347 2.0406 0.573281 0.035338 1.67031e-05 6.0054e-10 1 
0.04 0.1 0.6 0.0476642 0.138922 1.97765 0.625597 0.0605549 1.17286e-05 5.29027e-10 1 0.0476642 0.138922 1.97765 0.625597 0.024389 4.84028e-06 1.87291e-10 1 
0.04 0.1 0.65 0.047981 0.130495 1.88411 0.675275 0.048739 6.97249e-06 2.4527e-10 1 0.047981 0.130495 1.88411 0.675275 0.0184758 2.56664e-06 1.02325e-10 1 
0.04 0.1 0.7 0.0478464 0.127883 1.81605 0.722316 0.0406274 4.40965e-06 1.63392e-10 1 0.0478464 0.127883 1.81605 0.722316 0.0120161 1.30355e-06 3.21976e-11 1 
0.04 0.1 0.75 0.0482835 0.122049 1.75344 0.793973 0.0302543 1.27524e-06 5.05129e-11 1 0.0482835 0.122049 1.75344 0.793973 0.00693842 3.02711e-07 6.33394e-12 1 
0.04 0.15 0.2 0 0 0 0 0 0 0 0 0 0 0 0 0 0 0 0 
0.04 0.15 0.25 0 0 0 0 0 0 0 0 0 0 0 0 0 0 0 0 
0.04 0.15 0.3 0 0 0 0 0 0 0 0 0 0 0 0 0 0 0 0 
0.04 0.15 0.35 0 0 0 0 0 0 0 0 0 0 0 0 0 0 0 0 
0.04 0.15 0.4 0.0468875 0.193123 2.74053 0.424216 0.186289 0.000189181 8.40569e-09 1 0.0468875 0.193123 2.74053 0.424216 0.0960221 0.000111797 4.73255e-09 1 
0.04 0.15 0.45 0.0491268 0.181377 2.65733 0.474655 0.123828 3.26911e-05 1.48825e-09 1 0.0491268 0.181377 2.65733 0.474655 0.0648534 1.76685e-05 6.18866e-10 1 
0.04 0.15 0.5 0.0492414 0.174524 2.57243 0.520869 0.106969 1.75899e-05 8.66008e-10 1 0.0492414 0.174524 2.57243 0.520869 0.0469651 7.2527e-06 2.61341e-10 1 
0.04 0.15 0.55 0.0481005 0.174027 2.48405 0.575467 0.0789379 1.1343e-05 5.58909e-10 1 0.0481005 0.174027 2.48405 0.575467 0.0355794 4.62748e-06 1.87504e-10 1 
0.04 0.15 0.6 0.0477449 0.173803 2.44604 0.627391 0.0564147 7.61687e-06 3.3609e-10 1 0.0477449 0.173803 2.44604 0.627391 0.029359 3.70764e-06 1.67577e-10 1 
0.04 0.15 0.65 0.0485682 0.177527 2.5715 0.675389 0.0529913 7.46703e-06 3.59378e-10 1 0.0485682 0.177527 2.5715 0.675389 0.0201283 2.74125e-06 1.1601e-10 1 
0.04 0.15 0.7 0.0483924 0.17544 2.50577 0.720042 0.037588 4.75474e-06 2.40151e-10 1 0.0483924 0.17544 2.50577 0.720042 0.0142383 1.95429e-06 7.25131e-11 1 
0.04 0.15 0.75 0.04757 0.169825 2.40155 0.798755 0.028354 1.74937e-06 8.98889e-11 1 0.04757 0.169825 2.40155 0.798755 0.00737424 4.95108e-07 1.43633e-11 1 
0.04 0.2 0.2 0 0 0 0 0 0 0 0 0 0 0 0 0 0 0 0 
0.04 0.2 0.25 0.0485148 0.295282 4.43354 0.268916 0 0 0 0 0.0485148 0.295282 4.43354 0.268916 0 0 0 0 
0.04 0.2 0.3 0.049011 0.271727 4.01556 0.321735 0.289603 0.000124278 4.43957e-09 1 0.049011 0.271727 4.01556 0.321735 0.164856 7.49181e-05 2.27186e-09 1 
0.04 0.2 0.35 0.0483203 0.250275 3.59934 0.374307 0.233665 4.87578e-05 1.87035e-09 1 0.0483203 0.250275 3.59934 0.374307 0.127137 2.5536e-05 8.4246e-10 1 
0.04 0.2 0.4 0.0488991 0.240609 3.50363 0.422918 0.169452 2.55464e-05 9.92075e-10 1 0.0488991 0.240609 3.50363 0.422918 0.0825434 1.20951e-05 3.34607e-10 1 
0.04 0.2 0.45 0.0492269 0.239665 3.49547 0.473885 0.126691 1.80209e-05 7.48072e-10 1 0.0492269 0.239665 3.49547 0.473885 0.0708841 1.04014e-05 3.78706e-10 1 
0.04 0.2 0.5 0.0478098 0.240782 3.41724 0.522855 0.103567 1.37404e-05 7.30559e-10 1 0.0478098 0.240782 3.41724 0.522855 0.0463932 6.42207e-06 2.45855e-10 1 
0.04 0.2 0.55 0.0483223 0.23543 3.40083 0.57214 0.0849644 1.12067e-05 5.80741e-10 1 0.0483223 0.23543 3.40083 0.57214 0.037742 5.183e-06 2.14097e-10 1 
0.04 0.2 0.6 0.0498916 0.243073 3.59707 0.624136 0.0729483 1.00346e-05 5.5212e-10 1 0.0498916 0.243073 3.59707 0.624136 0.02694 3.80701e-06 1.23402e-10 1 
0.04 0.2 0.65 0.0474521 0.239184 3.34023 0.672323 0.0530751 7.40635e-06 3.51786e-10 1 0.0474521 0.239184 3.34023 0.672323 0.0189997 2.90168e-06 9.85373e-11 1 
0.04 0.2 0.7 0.0494052 0.236027 3.46473 0.727536 0.0443267 6.74077e-06 3.11603e-10 1 0.0494052 0.236027 3.46473 0.727536 0.0119782 1.92005e-06 5.36887e-11 1 
0.04 0.2 0.75 0.0503166 0.242549 3.62541 0.790807 0.0294875 2.92504e-06 1.32827e-10 1 0.0503166 0.242549 3.62541 0.790807 0.00959356 9.28445e-07 2.97475e-11 1 
0.04 0.3 0.2 0.0480347 0.428441 6.14051 0.22264 0.503466 0.000248612 6.8436e-09 1 0.0480347 0.428441 6.14051 0.22264 0.335253 0.000164252 3.88489e-09 1 
0.04 0.3 0.25 0.0489873 0.381508 5.55867 0.274363 0.377488 8.55859e-05 2.4217e-09 1 0.0489873 0.381508 5.55867 0.274363 0.240601 5.44046e-05 1.32451e-09 1 
0.04 0.3 0.3 0.048039 0.382719 5.45754 0.322654 0.299464 6.09429e-05 2.17539e-09 1 0.048039 0.382719 5.45754 0.322654 0.168125 3.41797e-05 8.97613e-10 1 
0.04 0.3 0.35 0.0489105 0.379624 5.49857 0.373818 0.219785 4.17888e-05 1.48357e-09 1 0.0489105 0.379624 5.49857 0.373818 0.121523 2.44829e-05 6.42266e-10 1 
0.04 0.3 0.4 0.0478738 0.366824 5.21623 0.422871 0.178135 3.65524e-05 1.50734e-09 1 0.0478738 0.366824 5.21623 0.422871 0.0924064 1.97113e-05 4.92636e-10 1 
0.04 0.3 0.45 0.0485745 0.375722 5.42453 0.471478 0.146353 3.45745e-05 1.21125e-09 1 0.0485745 0.375722 5.42453 0.471478 0.067467 1.54562e-05 4.1245e-10 1 
0.04 0.3 0.5 0.0489321 0.357544 5.22505 0.523711 0.113793 3.20007e-05 1.15098e-09 1 0.0489321 0.357544 5.22505 0.523711 0.0518168 1.33296e-05 3.20524e-10 1 
0.04 0.3 0.55 0.0489949 0.356716 5.15686 0.571862 0.0930778 3.5183e-05 1.30415e-09 1 0.0489949 0.356716 5.15686 0.571862 0.0463541 1.54842e-05 4.21763e-10 1 
0.04 0.3 0.6 0.0478453 0.335825 4.68695 0.622718 0.0800661 4.19906e-05 1.48867e-09 1 0.0478453 0.335825 4.68695 0.622718 0.0397956 1.51964e-05 5.88974e-10 1 
0.04 0.3 0.65 0.0479963 0.327853 4.64779 0.677632 0.0660577 5.12144e-05 1.63678e-09 1 0.0479963 0.327853 4.64779 0.677632 0.033761 2.05603e-05 9.65713e-10 1 
0.04 0.3 0.7 0.0459427 0.316424 4.28215 0.727263 0.0506384 7.0946e-05 2.32699e-09 1 0.0459427 0.316424 4.28215 0.727263 0.0192702 1.77522e-05 6.21413e-10 1 
0.04 0.3 0.75 0.0424383 0.303121 3.6765 0.839981 0.049275 0.000353267 3.02128e-08 1 0.0424383 0.303121 3.6765 0.839981 0.0158893 7.2946e-05 1.19397e-08 1 
0.04 0.5 0.2 0.048181 0.587186 8.44057 0.22505 0.455038 0.000288056 6.68806e-09 1 0.048181 0.587186 8.44057 0.22505 0.353412 0.000235178 5.33207e-09 1 
0.04 0.5 0.25 0.0501875 0.581002 8.65525 0.272349 0.374187 0.000244338 6.84196e-09 1 0.0501875 0.581002 8.65525 0.272349 0.23882 0.00016173 3.5331e-09 1 
0.04 0.5 0.3 0.0497858 0.57808 8.56968 0.322526 0.303492 0.000243747 5.97106e-09 1 0.0497858 0.57808 8.56968 0.322526 0.180631 0.000146261 2.99512e-09 1 
0.04 0.5 0.35 0.049764 0.557292 8.2588 0.375127 0.2589 0.000322187 8.64571e-09 1 0.049764 0.557292 8.2588 0.375127 0.12054 0.000141544 2.34806e-09 1 
0.04 0.5 0.4 0.0473561 0.534054 7.60014 0.427959 0.193108 0.000557961 1.56041e-08 1 0.0473561 0.534054 7.60014 0.427959 0.113487 0.000259273 6.85203e-09 1 
0.04 0.5 0.45 0.0431949 0.513446 6.18754 0.484098 0 0 0 0 0.0431949 0.513446 6.18754 0.484098 0 0 0 0 
0.04 0.5 0.5 0 0 0 0 0 0 0 0 0 0 0 0 0 0 0 0 
0.04 0.5 0.55 0 0 0 0 0 0 0 0 0 0 0 0 0 0 0 0 
0.04 0.5 0.6 0 0 0 0 0 0 0 0 0 0 0 0 0 0 0 0 
0.04 0.5 0.65 0 0 0 0 0 0 0 0 0 0 0 0 0 0 0 0 
0.04 0.5 0.7 0 0 0 0 0 0 0 0 0 0 0 0 0 0 0 0 
0.04 0.5 0.75 0 0 0 0 0 0 0 0 0 0 0 0 0 0 0 0 
0.04 0.7 0.2 0 0 0 0 0 0 0 0 0 0 0 0 0 0 0 0 
0.04 0.7 0.25 0 0 0 0 0 0 0 0 0 0 0 0 0 0 0 0 
0.04 0.7 0.3 0 0 0 0 0 0 0 0 0 0 0 0 0 0 0 0 
0.04 0.7 0.35 0 0 0 0 0 0 0 0 0 0 0 0 0 0 0 0 
0.04 0.7 0.4 0 0 0 0 0 0 0 0 0 0 0 0 0 0 0 0 
0.04 0.7 0.45 0 0 0 0 0 0 0 0 0 0 0 0 0 0 0 0 
0.04 0.7 0.5 0 0 0 0 0 0 0 0 0 0 0 0 0 0 0 0 
0.04 0.7 0.55 0 0 0 0 0 0 0 0 0 0 0 0 0 0 0 0 
0.04 0.7 0.6 0 0 0 0 0 0 0 0 0 0 0 0 0 0 0 0 
0.04 0.7 0.65 0 0 0 0 0 0 0 0 0 0 0 0 0 0 0 0 
0.04 0.7 0.7 0 0 0 0 0 0 0 0 0 0 0 0 0 0 0 0 
0.04 0.7 0.75 0 0 0 0 0 0 0 0 0 0 0 0 0 0 0 0 
0.06 0.1 0.2 0 0 0 0 0 0 0 0 0 0 0 0 0 0 0 0 
0.06 0.1 0.25 0 0 0 0 0 0 0 0 0 0 0 0 0 0 0 0 
0.06 0.1 0.3 0 0 0 0 0 0 0 0 0 0 0 0 0 0 0 0 
0.06 0.1 0.35 0 0 0 0 0 0 0 0 0 0 0 0 0 0 0 0 
0.06 0.1 0.4 0 0 0 0 0 0 0 0 0 0 0 0 0 0 0 0 
0.06 0.1 0.45 0 0 0 0 0 0 0 0 0 0 0 0 0 0 0 0 
0.06 0.1 0.5 0.0681917 0.148552 3.15675 0.519993 0 0 0 0 0.0681917 0.148552 3.15675 0.519993 0 0 0 0 
0.06 0.1 0.55 0.0755611 0.140575 3.19181 0.573318 0.0806713 5.00154e-05 1.92387e-09 1 0.0755611 0.140575 3.19181 0.573318 0.0325835 2.19132e-05 1.09257e-09 1 
0.06 0.1 0.6 0.0763917 0.138182 3.1515 0.626367 0.057898 1.59748e-05 6.49396e-10 1 0.0763917 0.138182 3.1515 0.626367 0.0208254 6.16018e-06 2.41041e-10 1 
0.06 0.1 0.65 0.077371 0.134564 3.11802 0.674577 0.0514154 9.41538e-06 3.85245e-10 1 0.077371 0.134564 3.11802 0.674577 0.0139309 2.48813e-06 7.03541e-11 1 
0.06 0.1 0.7 0.0753191 0.127456 2.84491 0.727491 0.0399995 5.56447e-06 1.97766e-10 1 0.0753191 0.127456 2.84491 0.727491 0.0106847 1.53764e-06 3.80216e-11 1 
0.06 0.1 0.75 0.0731664 0.124755 2.71493 0.799054 0.0304717 1.62119e-06 5.67839e-11 1 0.0731664 0.124755 2.71493 0.799054 0.00690517 4.02226e-07 1.02065e-11 1 
0.06 0.15 0.2 0 0 0 0 0 0 0 0 0 0 0 0 0 0 0 0 
0.06 0.15 0.25 0 0 0 0 0 0 0 0 0 0 0 0 0 0 0 0 
0.06 0.15 0.3 0 0 0 0 0 0 0 0 0 0 0 0 0 0 0 0 
0.06 0.15 0.35 0 0 0 0 0 0 0 0 0 0 0 0 0 0 0 0 
0.06 0.15 0.4 0.0778128 0.193433 4.57604 0.425112 0.163178 0.000233405 9.25386e-09 1 0.0778128 0.193433 4.57604 0.425112 0.0839792 0.000116131 3.44064e-09 1 
0.06 0.15 0.45 0.073375 0.181154 4.01371 0.473408 0.138519 5.17693e-05 2.39899e-09 1 0.073375 0.181154 4.01371 0.473408 0.0590588 2.35665e-05 7.09154e-10 1 
0.06 0.15 0.5 0.0735335 0.173017 3.78561 0.522255 0.099972 2.03198e-05 8.04952e-10 1 0.0735335 0.173017 3.78561 0.522255 0.0385176 7.78957e-06 2.70075e-10 1 
0.06 0.15 0.55 0.0759588 0.172313 3.86304 0.576914 0.0699589 1.28233e-05 4.69794e-10 1 0.0759588 0.172313 3.86304 0.576914 0.0295924 5.24595e-06 1.77724e-10 1 
0.06 0.15 0.6 0.0776981 0.176307 4.02249 0.626503 0.0580142 1.03447e-05 3.68101e-10 1 0.0776981 0.176307 4.02249 0.626503 0.0210917 3.88962e-06 1.33125e-10 1 
0.06 0.15 0.65 0.0754593 0.170876 3.83341 0.670186 0.0519912 8.73945e-06 3.8365e-10 1 0.0754593 0.170876 3.83341 0.670186 0.0166688 3.22324e-06 1.10229e-10 1 
0.06 0.15 0.7 0.0711405 0.17165 3.6541 0.7271 0.0429046 6.74925e-06 3.95789e-10 1 0.0711405 0.17165 3.6541 0.7271 0.0115354 2.09184e-06 9.13203e-11 1 
0.06 0.15 0.75 0.0775087 0.173025 3.9784 0.799683 0.0268515 2.05791e-06 9.38427e-11 1 0.0775087 0.173025 3.9784 0.799683 0.00551668 4.81903e-07 1.2396e-11 1 
0.06 0.2 0.2 0 0 0 0 0 0 0 0 0 0 0 0 0 0 0 0 
0.06 0.2 0.25 0.0798588 0.295957 7.29547 0.276915 0 0 0 0 0.0798588 0.295957 7.29547 0.276915 0 0 0 0 
0.06 0.2 0.3 0.0753775 0.275377 6.23183 0.324226 0.277273 0.00014541 5.10343e-09 1 0.0753775 0.275377 6.23183 0.324226 0.16694 8.8511e-05 2.596e-09 1 
0.06 0.2 0.35 0.0741702 0.25517 5.6424 0.374194 0.227195 5.81245e-05 2.00659e-09 1 0.0741702 0.25517 5.6424 0.374194 0.113124 2.99994e-05 8.33968e-10 1 
0.06 0.2 0.4 0.076385 0.243403 5.55628 0.42073 0.184139 3.57515e-05 1.41011e-09 1 0.076385 0.243403 5.55628 0.42073 0.0847762 1.62482e-05 5.51287e-10 1 
0.06 0.2 0.45 0.0759877 0.243572 5.48708 0.474097 0.145897 2.66105e-05 1.19131e-09 1 0.0759877 0.243572 5.48708 0.474097 0.0526966 9.82889e-06 2.81651e-10 1 
0.06 0.2 0.5 0.0744891 0.244024 5.41272 0.52562 0.106613 1.74526e-05 8.74174e-10 1 0.0744891 0.244024 5.41272 0.52562 0.0396046 7.23493e-06 2.21786e-10 1 
0.06 0.2 0.55 0.0751284 0.242027 5.41011 0.575527 0.0829568 1.3842e-05 6.32432e-10 1 0.0751284 0.242027 5.41011 0.575527 0.0307593 5.4116e-06 1.41278e-10 1 
0.06 0.2 0.6 0.0745997 0.23688 5.26 0.622627 0.062222 1.07794e-05 4.44136e-10 1 0.0745997 0.23688 5.26 0.622627 0.0208099 3.53439e-06 9.14229e-11 1 
0.06 0.2 0.65 0.0803317 0.247417 5.85342 0.676017 0.0549127 1.02616e-05 5.02583e-10 1 0.0803317 0.247417 5.85342 0.676017 0.015698 3.2574e-06 8.62548e-11 1 
0.06 0.2 0.7 0.073219 0.242748 5.26076 0.721133 0.0445373 7.93796e-06 4.13572e-10 1 0.073219 0.242748 5.26076 0.721133 0.0118054 2.28888e-06 5.15387e-11 1 
0.06 0.2 0.75 0.0780548 0.234422 5.455 0.7962 0.0352845 4.46873e-06 1.99979e-10 1 0.0780548 0.234422 5.455 0.7962 0.00668913 8.02982e-07 1.96992e-11 1 
0.06 0.3 0.2 0.0760442 0.434711 9.85545 0.222464 0.524642 0.000351754 9.49754e-09 1 0.0760442 0.434711 9.85545 0.222464 0.351018 0.00023251 5.20781e-09 1 
0.06 0.3 0.25 0.0769296 0.372915 8.53175 0.27339 0.389458 0.000118602 3.39307e-09 1 0.0769296 0.372915 8.53175 0.27339 0.236558 7.39619e-05 1.80875e-09 1 
0.06 0.3 0.3 0.0746986 0.383642 8.51542 0.323078 0.309269 8.4214e-05 2.80019e-09 1 0.0746986 0.383642 8.51542 0.323078 0.165213 4.51904e-05 1.07384e-09 1 
0.06 0.3 0.35 0.0761364 0.377372 8.59496 0.373929 0.224254 5.75415e-05 1.92812e-09 1 0.0761364 0.377372 8.59496 0.373929 0.108086 2.99146e-05 6.76604e-10 1 
0.06 0.3 0.4 0.0780134 0.374121 8.73356 0.424346 0.170725 4.54292e-05 1.53475e-09 1 0.0780134 0.374121 8.73356 0.424346 0.0783827 2.13285e-05 4.71759e-10 1 
0.06 0.3 0.45 0.0775185 0.371097 8.52058 0.470288 0.149423 4.60062e-05 1.61212e-09 1 0.0775185 0.371097 8.52058 0.470288 0.0630408 2.03322e-05 4.08597e-10 1 
0.06 0.3 0.5 0.0702178 0.375178 7.75419 0.526685 0.128165 5.04812e-05 1.85551e-09 1 0.0702178 0.375178 7.75419 0.526685 0.0451479 1.5905e-05 3.96919e-10 1 
0.06 0.3 0.55 0.0717125 0.352329 7.4494 0.57476 0.0962228 4.97637e-05 1.59245e-09 1 0.0717125 0.352329 7.4494 0.57476 0.0298924 1.19879e-05 2.19871e-10 1 
0.06 0.3 0.6 0.0832534 0.334773 8.36757 0.631616 0.0663343 4.80838e-05 9.7978e-10 1 0.0832534 0.334773 8.36757 0.631616 0.0326135 1.69889e-05 5.25067e-10 1 
0.06 0.3 0.65 0.0693995 0.33899 7.06802 0.666133 0.0602638 6.83237e-05 1.86882e-09 1 0.0693995 0.33899 7.06802 0.666133 0.0112206 8.35291e-06 2.24567e-10 1 
0.06 0.3 0.7 0.0760897 0.324686 7.2845 0.71787 0.0616526 0.000135767 3.34151e-09 1 0.0760897 0.324686 7.2845 0.71787 0.0166439 2.34494e-05 8.13082e-10 1 
0.06 0.3 0.75 0 0 0 0 0.0463858 0.000655458 2.25029e-08 1 0 0 0 0 0.0130653 8.06636e-05 1.19426e-08 1 
0.06 0.5 0.2 0.0784751 0.586829 13.6946 0.221717 0.485072 0.000374746 9.56203e-09 1 0.0784751 0.586829 13.6946 0.221717 0.345735 0.000285755 6.01329e-09 1 
0.06 0.5 0.25 0.0776836 0.591293 13.6642 0.274826 0.37813 0.000306163 7.87005e-09 1 0.0776836 0.591293 13.6642 0.274826 0.226372 0.000187648 3.75253e-09 1 
0.06 0.5 0.3 0.0778609 0.577007 13.2515 0.327211 0.3317 0.000326289 9.53931e-09 1 0.0778609 0.577007 13.2515 0.327211 0.194322 0.00018477 4.61436e-09 1 
0.06 0.5 0.35 0.0788081 0.563524 13.1646 0.372105 0.289455 0.00045714 1.16665e-08 1 0.0788081 0.563524 13.1646 0.372105 0.149615 0.000197657 4.8396e-09 1 
0.06 0.5 0.4 0.0679033 0.529926 10.675 0.431221 0.251854 0.000913365 2.74856e-08 1 0.0679033 0.529926 10.675 0.431221 0.0856572 0.000238699 4.98586e-09 1 
0.06 0.5 0.45 0.0754485 0.51488 11.0948 0.462337 0 0 0 0 0.0754485 0.51488 11.0948 0.462337 0 0 0 0 
0.06 0.5 0.5 0 0 0 0 0 0 0 0 0 0 0 0 0 0 0 0 
0.06 0.5 0.55 0 0 0 0 0 0 0 0 0 0 0 0 0 0 0 0 
0.06 0.5 0.6 0 0 0 0 0 0 0 0 0 0 0 0 0 0 0 0 
0.06 0.5 0.65 0 0 0 0 0 0 0 0 0 0 0 0 0 0 0 0 
0.06 0.5 0.7 0 0 0 0 0 0 0 0 0 0 0 0 0 0 0 0 
0.06 0.5 0.75 0 0 0 0 0 0 0 0 0 0 0 0 0 0 0 0 
0.06 0.7 0.2 0 0 0 0 0 0 0 0 0 0 0 0 0 0 0 0 
0.06 0.7 0.25 0 0 0 0 0 0 0 0 0 0 0 0 0 0 0 0 
0.06 0.7 0.3 0 0 0 0 0 0 0 0 0 0 0 0 0 0 0 0 
0.06 0.7 0.35 0 0 0 0 0 0 0 0 0 0 0 0 0 0 0 0 
0.06 0.7 0.4 0 0 0 0 0 0 0 0 0 0 0 0 0 0 0 0 
0.06 0.7 0.45 0 0 0 0 0 0 0 0 0 0 0 0 0 0 0 0 
0.06 0.7 0.5 0 0 0 0 0 0 0 0 0 0 0 0 0 0 0 0 
0.06 0.7 0.55 0 0 0 0 0 0 0 0 0 0 0 0 0 0 0 0 
0.06 0.7 0.6 0 0 0 0 0 0 0 0 0 0 0 0 0 0 0 0 
0.06 0.7 0.65 0 0 0 0 0 0 0 0 0 0 0 0 0 0 0 0 
0.06 0.7 0.7 0 0 0 0 0 0 0 0 0 0 0 0 0 0 0 0 
0.06 0.7 0.75 0 0 0 0 0 0 0 0 0 0 0 0 0 0 0 0 
0.1 0.1 0.2 0 0 0 0 0 0 0 0 0 0 0 0 0 0 0 0 
0.1 0.1 0.25 0 0 0 0 0 0 0 0 0 0 0 0 0 0 0 0 
0.1 0.1 0.3 0 0 0 0 0 0 0 0 0 0 0 0 0 0 0 0 
0.1 0.1 0.35 0 0 0 0 0 0 0 0 0 0 0 0 0 0 0 0 
0.1 0.1 0.4 0 0 0 0 0 0 0 0 0 0 0 0 0 0 0 0 
0.1 0.1 0.45 0 0 0 0 0 0 0 0 0 0 0 0 0 0 0 0 
0.1 0.1 0.5 0 0 0 0 0 0 0 0 0 0 0 0 0 0 0 0 
0.1 0.1 0.55 0.126044 0.143513 5.48695 0.57701 0.0645383 0.000115952 4.74915e-09 1 0.126044 0.143513 5.48695 0.57701 0.0283174 4.92458e-05 2.0645e-09 1 
0.1 0.1 0.6 0.119462 0.135059 4.81535 0.615394 0.0513736 3.75167e-05 1.06624e-09 1 0.119462 0.135059 4.81535 0.615394 0.0132583 9.86516e-06 1.95691e-10 1 
0.1 0.1 0.65 0.115347 0.133867 4.60482 0.668269 0.0476478 2.48746e-05 7.6264e-10 1 0.115347 0.133867 4.60482 0.668269 0.0133048 7.82609e-06 2.01084e-10 1 
0.1 0.1 0.7 0.114347 0.124808 4.3097 0.713678 0.0350144 1.37035e-05 3.39837e-10 1 0.114347 0.124808 4.3097 0.713678 0.00752253 3.18556e-06 5.8627e-11 1 
0.1 0.1 0.75 0.115554 0.122695 4.23206 0.777843 0.0247362 3.8978e-06 1.04297e-10 1 0.115554 0.122695 4.23206 0.777843 0.00468274 7.39979e-07 1.04729e-11 1 
0.1 0.15 0.2 0 0 0 0 0 0 0 0 0 0 0 0 0 0 0 0 
0.1 0.15 0.25 0 0 0 0 0 0 0 0 0 0 0 0 0 0 0 0 
0.1 0.15 0.3 0 0 0 0 0 0 0 0 0 0 0 0 0 0 0 0 
0.1 0.15 0.35 0 0 0 0 0 0 0 0 0 0 0 0 0 0 0 0 
0.1 0.15 0.4 0.123523 0.193801 7.2311 0.416366 0.161545 0.000556044 1.80836e-08 1 0.123523 0.193801 7.2311 0.416366 0.112507 0.000461836 1.89957e-08 1 
0.1 0.15 0.45 0.114964 0.181052 6.23074 0.470801 0.137502 0.000118869 5.79676e-09 1 0.114964 0.181052 6.23074 0.470801 0.0448165 3.98423e-05 1.05337e-09 1 
0.1 0.15 0.5 0.118864 0.173739 6.10035 0.525379 0.0973318 5.30975e-05 2.10474e-09 1 0.118864 0.173739 6.10035 0.525379 0.0321827 1.7075e-05 5.73564e-10 1 
0.1 0.15 0.55 0.115158 0.170372 5.8335 0.571191 0.0702043 3.56283e-05 1.31422e-09 1 0.115158 0.170372 5.8335 0.571191 0.0217263 1.09077e-05 3.33651e-10 1 
0.1 0.15 0.6 0.11918 0.173036 6.16712 0.63294 0.0571793 2.60115e-05 1.01393e-09 1 0.11918 0.173036 6.16712 0.63294 0.0131261 5.67162e-06 1.61275e-10 1 
0.1 0.15 0.65 0.120221 0.175875 6.25678 0.677231 0.0450611 1.92143e-05 7.82172e-10 1 0.120221 0.175875 6.25678 0.677231 0.0135113 6.29589e-06 1.70508e-10 1 
0.1 0.15 0.7 0.11317 0.171655 5.89002 0.7244 0.0390198 1.65483e-05 7.87205e-10 1 0.11317 0.171655 5.89002 0.7244 0.00701922 3.3659e-06 1.07787e-10 1 
0.1 0.15 0.75 0.113356 0.170577 5.7341 0.815918 0.0322115 7.00276e-06 4.18528e-10 1 0.113356 0.170577 5.7341 0.815918 0.00508272 1.14553e-06 2.67049e-11 1 
0.1 0.2 0.2 0 0 0 0 0 0 0 0 0 0 0 0 0 0 0 0 
0.1 0.2 0.25 0 0 0 0 0 0 0 0 0 0 0 0 0 0 0 0 
0.1 0.2 0.3 0.121433 0.273796 9.92825 0.324569 0.312633 0.000453536 1.84826e-08 1 0.121433 0.273796 9.92825 0.324569 0.138386 0.000217077 7.92213e-09 1 
0.1 0.2 0.35 0.118027 0.257206 9.05538 0.376406 0.239151 0.000162236 6.70967e-09 1 0.118027 0.257206 9.05538 0.376406 0.096829 6.77919e-05 1.82e-09 1 
0.1 0.2 0.4 0.114589 0.254577 8.65023 0.422295 0.176014 8.65792e-05 3.33486e-09 1 0.114589 0.254577 8.65023 0.422295 0.0603249 3.03618e-05 6.29504e-10 1 
0.1 0.2 0.45 0.115738 0.246015 8.42362 0.474877 0.135515 6.39377e-05 2.68767e-09 1 0.115738 0.246015 8.42362 0.474877 0.0482876 2.36828e-05 7.09931e-10 1 
0.1 0.2 0.5 0.110226 0.237076 7.73306 0.523841 0.108997 4.80426e-05 2.18673e-09 1 0.110226 0.237076 7.73306 0.523841 0.0321799 1.56538e-05 4.03903e-10 1 
0.1 0.2 0.55 0.113176 0.246709 8.23929 0.569086 0.082434 3.33705e-05 1.61622e-09 1 0.113176 0.246709 8.23929 0.569086 0.0265687 1.19407e-05 4.07946e-10 1 
0.1 0.2 0.6 0.121716 0.236939 8.50775 0.627069 0.0706684 3.31862e-05 1.64725e-09 1 0.121716 0.236939 8.50775 0.627069 0.0226769 1.06766e-05 3.278e-10 1 
0.1 0.2 0.65 0.118658 0.230257 8.35577 0.669177 0.0526813 2.30504e-05 9.56984e-10 1 0.118658 0.230257 8.35577 0.669177 0.0117322 6.16828e-06 1.69238e-10 1 
0.1 0.2 0.7 0.113573 0.256435 8.62921 0.724411 0.046851 1.97543e-05 1.04375e-09 1 0.113573 0.256435 8.62921 0.724411 0.00654098 3.4735e-06 8.9197e-11 1 
0.1 0.2 0.75 0.121756 0.235375 8.62927 0.800357 0.0339743 1.02328e-05 4.73964e-10 1 0.121756 0.235375 8.62927 0.800357 0.00708695 1.87454e-06 5.83195e-11 1 
0.1 0.3 0.2 0.118666 0.429478 15.2991 0.223904 0.504755 0.000812149 2.29616e-08 1 0.118666 0.429478 15.2991 0.223904 0.291083 0.00047912 9.40786e-09 1 
0.1 0.3 0.25 0.11638 0.377721 13.1293 0.274448 0.406519 0.00030486 9.4106e-09 1 0.11638 0.377721 13.1293 0.274448 0.237269 0.000186882 4.91264e-09 1 
0.1 0.3 0.3 0.116804 0.375325 12.9827 0.323417 0.308415 0.000210612 7.24138e-09 1 0.116804 0.375325 12.9827 0.323417 0.12779 8.93187e-05 2.19798e-09 1 
0.1 0.3 0.35 0.118135 0.3803 13.3223 0.369547 0.228158 0.000147332 5.04665e-09 1 0.118135 0.3803 13.3223 0.369547 0.104746 7.23951e-05 1.7535e-09 1 
0.1 0.3 0.4 0.117928 0.380417 13.3069 0.425807 0.187894 0.000126679 4.43655e-09 1 0.117928 0.380417 13.3069 0.425807 0.0649966 4.85592e-05 1.07049e-09 1 
0.1 0.3 0.45 0.117243 0.37834 13.1636 0.468345 0.172208 0.000130136 5.13697e-09 1 0.117243 0.37834 13.1636 0.468345 0.0511437 3.81696e-05 8.05213e-10 1 
0.1 0.3 0.5 0.118501 0.36635 12.7351 0.527745 0.126066 0.000129208 4.22237e-09 1 0.118501 0.36635 12.7351 0.527745 0.039198 3.59793e-05 9.0444e-10 1 
0.1 0.3 0.55 0.11253 0.334945 11.1941 0.577192 0.0907306 0.000125808 3.19271e-09 1 0.11253 0.334945 11.1941 0.577192 0.0289852 3.7118e-05 4.68221e-10 1 
0.1 0.3 0.6 0.118614 0.336166 11.5656 0.624147 0.0935884 0.000187452 5.39009e-09 1 0.118614 0.336166 11.5656 0.624147 0.0274803 3.77487e-05 9.59763e-10 1 
0.1 0.3 0.65 0.110188 0.329615 10.8942 0.680273 0.066346 0.000187387 4.98729e-09 1 0.110188 0.329615 10.8942 0.680273 0.017282 3.1709e-05 2.20473e-09 1 
0.1 0.3 0.7 0.107454 0.326919 10.2721 0.72851 0.0395465 0.000188215 3.74669e-09 1 0.107454 0.326919 10.2721 0.72851 0.01062 4.29462e-05 1.37259e-09 1 
0.1 0.3 0.75 0 0 0 0 0 0 0 0 0 0 0 0 0 0 0 0 
0.1 0.5 0.2 0.119488 0.584816 20.6014 0.22229 0.562256 0.00102623 2.73965e-08 1 0.119488 0.584816 20.6014 0.22229 0.328948 0.000630612 1.21932e-08 1 
0.1 0.5 0.25 0.121134 0.578484 20.8231 0.273825 0.412184 0.000756896 2.10696e-08 1 0.121134 0.578484 20.8231 0.273825 0.267861 0.00053685 1.12141e-08 1 
0.1 0.5 0.3 0.115836 0.574022 19.8261 0.319969 0.340249 0.000758401 2.13668e-08 1 0.115836 0.574022 19.8261 0.319969 0.153961 0.0003434 5.51856e-09 1 
0.1 0.5 0.35 0.12005 0.559527 19.8403 0.375129 0.315829 0.00120045 3.98297e-08 1 0.12005 0.559527 19.8403 0.375129 0.133741 0.00044397 7.22015e-09 1 
0.1 0.5 0.4 0.110179 0.533723 17.5718 0.423723 0.224484 0.00182156 6.53179e-08 1 0.110179 0.533723 17.5718 0.423723 0.109467 0.000665141 2.02333e-08 1 
0.1 0.5 0.45 0 0 0 0 0 0 0 0 0 0 0 0 0 0 0 0 
0.1 0.5 0.5 0 0 0 0 0 0 0 0 0 0 0 0 0 0 0 0 
0.1 0.5 0.55 0 0 0 0 0 0 0 0 0 0 0 0 0 0 0 0 
0.1 0.5 0.6 0 0 0 0 0 0 0 0 0 0 0 0 0 0 0 0 
0.1 0.5 0.65 0 0 0 0 0 0 0 0 0 0 0 0 0 0 0 0 
0.1 0.5 0.7 0 0 0 0 0 0 0 0 0 0 0 0 0 0 0 0 
0.1 0.5 0.75 0 0 0 0 0 0 0 0 0 0 0 0 0 0 0 0 
0.1 0.7 0.2 0 0 0 0 0 0 0 0 0 0 0 0 0 0 0 0 
0.1 0.7 0.25 0 0 0 0 0 0 0 0 0 0 0 0 0 0 0 0 
0.1 0.7 0.3 0 0 0 0 0 0 0 0 0 0 0 0 0 0 0 0 
0.1 0.7 0.35 0 0 0 0 0 0 0 0 0 0 0 0 0 0 0 0 
0.1 0.7 0.4 0 0 0 0 0 0 0 0 0 0 0 0 0 0 0 0 
0.1 0.7 0.45 0 0 0 0 0 0 0 0 0 0 0 0 0 0 0 0 
0.1 0.7 0.5 0 0 0 0 0 0 0 0 0 0 0 0 0 0 0 0 
0.1 0.7 0.55 0 0 0 0 0 0 0 0 0 0 0 0 0 0 0 0 
0.1 0.7 0.6 0 0 0 0 0 0 0 0 0 0 0 0 0 0 0 0 
0.1 0.7 0.65 0 0 0 0 0 0 0 0 0 0 0 0 0 0 0 0 
0.1 0.7 0.7 0 0 0 0 0 0 0 0 0 0 0 0 0 0 0 0 
0.1 0.7 0.75 0 0 0 0 0 0 0 0 0 0 0 0 0 0 0 0 
0.14 0.1 0.2 0 0 0 0 0 0 0 0 0 0 0 0 0 0 0 0 
0.14 0.1 0.25 0 0 0 0 0 0 0 0 0 0 0 0 0 0 0 0 
0.14 0.1 0.3 0 0 0 0 0 0 0 0 0 0 0 0 0 0 0 0 
0.14 0.1 0.35 0 0 0 0 0 0 0 0 0 0 0 0 0 0 0 0 
0.14 0.1 0.4 0 0 0 0 0 0 0 0 0 0 0 0 0 0 0 0 
0.14 0.1 0.45 0 0 0 0 0 0 0 0 0 0 0 0 0 0 0 0 
0.14 0.1 0.5 0.140815 0.147582 6.42231 0.546805 0 0 0 0 0.140815 0.147582 6.42231 0.546805 0 0 0 0 
0.14 0.1 0.55 0.166783 0.147831 7.30295 0.58106 0.0429415 0.000178474 5.42739e-09 1 0.166783 0.147831 7.30295 0.58106 0.0298801 0.000123977 1.50424e-08 1 
0.14 0.1 0.6 0.143408 0.137829 5.8782 0.611187 0.0638949 0.000117508 4.335e-09 1 0.143408 0.137829 5.8782 0.611187 0.00335099 6.60264e-06 1.35542e-10 1 
0.14 0.1 0.65 0.158035 0.136433 6.50555 0.686965 0.0384726 4.97844e-05 1.80145e-09 1 0.158035 0.136433 6.50555 0.686965 0.00917845 1.34851e-05 4.05329e-10 1 
0.14 0.1 0.7 0.148388 0.130277 5.8188 0.722222 0.0349126 4.2606e-05 1.42234e-09 1 0.148388 0.130277 5.8188 0.722222 0.00868899 9.50175e-06 2.74702e-10 1 
0.14 0.1 0.75 0.153457 0.114589 5.24314 0.79895 0.0236686 9.32891e-06 2.6853e-10 1 0.153457 0.114589 5.24314 0.79895 0.00288723 1.4417e-06 4.02539e-11 1 
0.14 0.15 0.2 0 0 0 0 0 0 0 0 0 0 0 0 0 0 0 0 
0.14 0.15 0.25 0 0 0 0 0 0 0 0 0 0 0 0 0 0 0 0 
0.14 0.15 0.3 0 0 0 0 0 0 0 0 0 0 0 0 0 0 0 0 
0.14 0.15 0.35 0 0 0 0 0 0 0 0 0 0 0 0 0 0 0 0 
0.14 0.15 0.4 0.162727 0.194456 9.4995 0.429185 0.151791 0.00128259 4.09463e-08 1 0.162727 0.194456 9.4995 0.429185 0.0478543 0.000454041 1.11026e-08 1 
0.14 0.15 0.45 0.157623 0.184369 8.68487 0.465711 0.128386 0.00022602 9.43341e-09 1 0.157623 0.184369 8.68487 0.465711 0.0468264 9.72701e-05 3.15476e-09 1 
0.14 0.15 0.5 0.15393 0.184738 8.2791 0.532472 0.0877521 0.000112298 3.3279e-09 1 0.15393 0.184738 8.2791 0.532472 0.0279372 3.49103e-05 1.0964e-09 1 
0.14 0.15 0.55 0.154076 0.166578 7.67553 0.57855 0.0669168 7.36595e-05 2.56646e-09 1 0.154076 0.166578 7.67553 0.57855 0.0130636 1.65084e-05 4.96515e-10 1 
0.14 0.15 0.6 0 0 0 0 0.06005 6.03245e-05 1.91514e-09 1 0 0 0 0 0.012522 1.3139e-05 3.76938e-10 1 
0.14 0.15 0.65 0.153895 0.176988 7.99815 0.67015 0.0514634 5.39246e-05 2.2266e-09 1 0.153895 0.176988 7.99815 0.67015 0.0109015 1.31479e-05 5.18691e-10 1 
0.14 0.15 0.7 0.16998 0.168076 8.6288 0.71697 0.041642 3.76831e-05 1.61731e-09 1 0.16998 0.168076 8.6288 0.71697 0.0050622 6.82527e-06 1.36175e-10 1 
0.14 0.15 0.75 0.17351 0.168055 9.05972 0.834679 0.0185973 7.92733e-06 2.27636e-10 1 0.17351 0.168055 9.05972 0.834679 0.00303938 1.66836e-06 3.07593e-11 1 
0.14 0.2 0.2 0 0 0 0 0 0 0 0 0 0 0 0 0 0 0 0 
0.14 0.2 0.25 0 0 0 0 0 0 0 0 0 0 0 0 0 0 0 0 
0.14 0.2 0.3 0.160374 0.270563 13.1799 0.325305 0.312035 0.000970551 3.4027e-08 1 0.160374 0.270563 13.1799 0.325305 0.157488 0.000458456 1.58345e-08 1 
0.14 0.2 0.35 0.156768 0.251862 11.7598 0.377195 0.216076 0.000310625 1.12377e-08 1 0.156768 0.251862 11.7598 0.377195 0.0889976 0.000128826 3.8201e-09 1 
0.14 0.2 0.4 0.155367 0.234461 10.937 0.419523 0.177824 0.000178172 6.4982e-09 1 0.155367 0.234461 10.937 0.419523 0.0466433 5.14562e-05 1.11839e-09 1 
0.14 0.2 0.45 0.155959 0.238251 10.8921 0.464458 0.140744 0.00014047 6.18747e-09 1 0.155959 0.238251 10.8921 0.464458 0.0348121 3.66115e-05 9.02848e-10 1 
0.14 0.2 0.5 0.15327 0.249903 11.1816 0.519775 0.107632 9.72176e-05 4.273e-09 1 0.15327 0.249903 11.1816 0.519775 0.020818 2.03959e-05 3.92524e-10 1 
0.14 0.2 0.55 0.145191 0.22542 10.002 0.579362 0.076678 6.72065e-05 2.94168e-09 1 0.145191 0.22542 10.002 0.579362 0.0184468 1.92937e-05 3.59273e-10 1 
0.14 0.2 0.6 0.147258 0.212701 9.39755 0.626865 0.0697088 6.1922e-05 3.70171e-09 1 0.147258 0.212701 9.39755 0.626865 0.00959139 8.54339e-06 1.57912e-10 1 
0.14 0.2 0.65 0.152409 0.247729 11.3206 0.677517 0.053545 5.42589e-05 1.97564e-09 1 0.152409 0.247729 11.3206 0.677517 0.0183513 1.86223e-05 1.16098e-09 1 
0.14 0.2 0.7 0 0 0 0 0.0493399 4.95159e-05 2.61697e-09 1 0 0 0 0 0.0075405 9.31252e-06 2.49935e-10 1 
0.14 0.2 0.75 0.149177 0.248913 11.2338 0.821975 0.0427475 2.94109e-05 1.81796e-09 1 0.149177 0.248913 11.2338 0.821975 0.0045202 3.92836e-06 7.16911e-11 1 
0.14 0.3 0.2 0.159718 0.414679 19.8251 0.22464 0.541928 0.0015957 5.37522e-08 1 0.159718 0.414679 19.8251 0.22464 0.258258 0.000804751 1.82905e-08 1 
0.14 0.3 0.25 0.156324 0.385905 17.9602 0.270642 0.385651 0.000533562 1.95673e-08 1 0.156324 0.385905 17.9602 0.270642 0.201743 0.000294145 7.86859e-09 1 
0.14 0.3 0.3 0.159 0.387848 18.2333 0.317821 0.33282 0.000435407 1.58886e-08 1 0.159 0.387848 18.2333 0.317821 0.112023 0.00014326 2.88909e-09 1 
0.14 0.3 0.35 0.153613 0.367607 16.7752 0.382076 0.22451 0.000272339 8.9041e-09 1 0.153613 0.367607 16.7752 0.382076 0.0757962 9.52066e-05 1.84274e-09 1 
0.14 0.3 0.4 0.154828 0.404207 18.6806 0.431948 0.197514 0.000230962 1.0812e-08 1 0.154828 0.404207 18.6806 0.431948 0.0512729 6.46095e-05 1.65113e-09 1 
0.14 0.3 0.45 0.159621 0.388346 18.3334 0.477534 0.15857 0.000247793 9.27996e-09 1 0.159621 0.388346 18.3334 0.477534 0.0487813 7.33278e-05 1.47948e-09 1 
0.14 0.3 0.5 0.160709 0.385339 18.0891 0.519111 0.151986 0.00028623 9.35697e-09 1 0.160709 0.385339 18.0891 0.519111 0.0333903 6.49294e-05 1.57454e-09 1 
0.14 0.3 0.55 0.150456 0.368543 16.7934 0.568727 0.0883859 0.000191735 4.33275e-09 1 0.150456 0.368543 16.7934 0.568727 0.0282058 5.29842e-05 1.71188e-09 1 
0.14 0.3 0.6 0.165003 0.325927 16.1072 0.615997 0.0911015 0.000375763 1.52455e-08 1 0.165003 0.325927 16.1072 0.615997 0.0218977 5.64412e-05 2.63534e-09 1 
0.14 0.3 0.65 0.153189 0.323097 14.9614 0.675487 0.0965173 0.000600266 1.70773e-08 1 0.153189 0.323097 14.9614 0.675487 0.0165063 6.46371e-05 3.51922e-09 1 
0.14 0.3 0.7 0.150526 0.302919 14.1937 0.705443 0.0802162 0.00110942 3.46287e-08 1 0.150526 0.302919 14.1937 0.705443 0 0 0 0 
0.14 0.3 0.75 0 0 0 0 0 0 0 0 0 0 0 0 0 0 0 0 
0.14 0.5 0.2 0.158365 0.563766 26.3298 0.218581 0 0 0 0 0.158365 0.563766 26.3298 0.218581 0 0 0 0 
0.14 0.5 0.25 0.162081 0.61011 29.5496 0.276007 0 0 0 0 0.162081 0.61011 29.5496 0.276007 0 0 0 0 
0.14 0.5 0.3 0.161691 0.5674 27.4662 0.321106 0 0 0 0 0.161691 0.5674 27.4662 0.321106 0 0 0 0 
0.14 0.5 0.35 0.159854 0.561248 26.516 0.379689 0 0 0 0 0.159854 0.561248 26.516 0.379689 0 0 0 0 
0.14 0.5 0.4 0.171444 0.528215 26.7093 0.417797 0 0 0 0 0.171444 0.528215 26.7093 0.417797 0 0 0 0 
0.14 0.5 0.45 0 0 0 0 0 0 0 0 0 0 0 0 0 0 0 0 
0.14 0.5 0.5 0 0 0 0 0 0 0 0 0 0 0 0 0 0 0 0 
0.14 0.5 0.55 0 0 0 0 0 0 0 0 0 0 0 0 0 0 0 0 
0.14 0.5 0.6 0 0 0 0 0 0 0 0 0 0 0 0 0 0 0 0 
0.14 0.5 0.65 0 0 0 0 0 0 0 0 0 0 0 0 0 0 0 0 
0.14 0.5 0.7 0 0 0 0 0 0 0 0 0 0 0 0 0 0 0 0 
0.14 0.5 0.75 0 0 0 0 0 0 0 0 0 0 0 0 0 0 0 0 
0.14 0.7 0.2 0 0 0 0 0 0 0 0 0 0 0 0 0 0 0 0 
0.14 0.7 0.25 0 0 0 0 0 0 0 0 0 0 0 0 0 0 0 0 
0.14 0.7 0.3 0 0 0 0 0 0 0 0 0 0 0 0 0 0 0 0 
0.14 0.7 0.35 0 0 0 0 0 0 0 0 0 0 0 0 0 0 0 0 
0.14 0.7 0.4 0 0 0 0 0 0 0 0 0 0 0 0 0 0 0 0 
0.14 0.7 0.45 0 0 0 0 0 0 0 0 0 0 0 0 0 0 0 0 
0.14 0.7 0.5 0 0 0 0 0 0 0 0 0 0 0 0 0 0 0 0 
0.14 0.7 0.55 0 0 0 0 0 0 0 0 0 0 0 0 0 0 0 0 
0.14 0.7 0.6 0 0 0 0 0 0 0 0 0 0 0 0 0 0 0 0 
0.14 0.7 0.65 0 0 0 0 0 0 0 0 0 0 0 0 0 0 0 0 
0.14 0.7 0.7 0 0 0 0 0 0 0 0 0 0 0 0 0 0 0 0 
0.14 0.7 0.75 0 0 0 0 0 0 0 0 0 0 0 0 0 0 0 0 
0.18 0.1 0.2 0 0 0 0 0 0 0 0 0 0 0 0 0 0 0 0 
0.18 0.1 0.25 0 0 0 0 0 0 0 0 0 0 0 0 0 0 0 0 
0.18 0.1 0.3 0 0 0 0 0 0 0 0 0 0 0 0 0 0 0 0 
0.18 0.1 0.35 0 0 0 0 0 0 0 0 0 0 0 0 0 0 0 0 
0.18 0.1 0.4 0 0 0 0 0 0 0 0 0 0 0 0 0 0 0 0 
0.18 0.1 0.45 0 0 0 0 0 0 0 0 0 0 0 0 0 0 0 0 
0.18 0.1 0.5 0 0 0 0 0 0 0 0 0 0 0 0 0 0 0 0 
0.18 0.1 0.55 0 0 0 0 0 0 0 0 0 0 0 0 0 0 0 0 
0.18 0.1 0.6 0.180833 0.141933 8.19881 0.647681 0 0 0 0 0.180833 0.141933 8.19881 0.647681 0 0 0 0 
0.18 0.1 0.65 0.209679 0.133499 8.23968 0.668347 0 0 0 0 0.209679 0.133499 8.23968 0.668347 0 0 0 0 
0.18 0.1 0.7 0.242805 0.127966 9.0299 0.71501 0 0 0 0 0.242805 0.127966 9.0299 0.71501 0 0 0 0 
0.18 0.1 0.75 0.236866 0.111717 7.9311 0.76305 0 0 0 0 0.236866 0.111717 7.9311 0.76305 0 0 0 0 
0.18 0.15 0.2 0 0 0 0 0 0 0 0 0 0 0 0 0 0 0 0 
0.18 0.15 0.25 0 0 0 0 0 0 0 0 0 0 0 0 0 0 0 0 
0.18 0.15 0.3 0 0 0 0 0 0 0 0 0 0 0 0 0 0 0 0 
0.18 0.15 0.35 0 0 0 0 0 0 0 0 0 0 0 0 0 0 0 0 
0.18 0.15 0.4 0.202176 0.189989 12.2053 0.448347 0.120022 0.000746093 3.55577e-08 1 0.202176 0.189989 12.2053 0.448347 0.0761431 0.000702046 3.96409e-08 1 
0.18 0.15 0.45 0.23064 0.184553 12.9881 0.471841 0.109144 0.000225533 8.51073e-09 1 0.23064 0.184553 12.9881 0.471841 0.0164901 3.73622e-05 1.07306e-09 1 
0.18 0.15 0.5 0.209413 0.183937 11.6282 0.518637 0.0890307 0.000124883 4.92405e-09 1 0.209413 0.183937 11.6282 0.518637 0.0272818 3.65063e-05 8.96228e-10 1 
0.18 0.15 0.55 0.262665 0.177807 14.325 0.560932 0.061731 7.38182e-05 2.28577e-09 1 0.262665 0.177807 14.325 0.560932 0.012196 1.61085e-05 3.05067e-10 1 
0.18 0.15 0.6 0.257657 0.163322 13.0007 0.61375 0.058277 6.19738e-05 4.02848e-09 1 0.257657 0.163322 13.0007 0.61375 0.00344317 3.27409e-06 1.02589e-10 1 
0.18 0.15 0.65 0.21744 0.172991 11.3896 0.67249 0.0451882 4.87445e-05 1.9174e-09 1 0.21744 0.172991 11.3896 0.67249 0.00716682 9.5679e-06 2.75214e-10 1 
0.18 0.15 0.7 0.215932 0.196422 12.675 0.708416 0.0316474 3.2117e-05 1.72784e-09 1 0.215932 0.196422 12.675 0.708416 0.00750559 8.96729e-06 9.37459e-10 1 
0.18 0.15 0.75 0.215344 0.183301 12.079 0.794604 0.0265856 1.32649e-05 4.53574e-10 1 0.215344 0.183301 12.079 0.794604 0.0029738 1.34096e-06 4.32176e-11 1 
0.18 0.2 0.2 0 0 0 0 0 0 0 0 0 0 0 0 0 0 0 0 
0.18 0.2 0.25 0.237877 0.297866 22.3035 0.2845 0 0 0 0 0.237877 0.297866 22.3035 0.2845 0 0 0 0 
0.18 0.2 0.3 0.225181 0.272742 18.4062 0.322358 0.231961 0.000504135 2.29972e-08 1 0.225181 0.272742 18.4062 0.322358 0.121242 0.000304524 9.43867e-09 1 
0.18 0.2 0.35 0.243467 0.255925 18.6916 0.37311 0.206253 0.000238603 1.01115e-08 1 0.243467 0.255925 18.6916 0.37311 0.0973801 0.000102248 4.45101e-09 1 
0.18 0.2 0.4 0.258317 0.242222 18.2948 0.427058 0.172455 0.000146539 7.27421e-09 1 0.258317 0.242222 18.2948 0.427058 0.0429088 3.72641e-05 9.80716e-10 1 
0.18 0.2 0.45 0.221321 0.260182 17.3305 0.476401 0.123238 0.000103124 5.5383e-09 1 0.221321 0.260182 17.3305 0.476401 0.0221999 1.91869e-05 4.56187e-10 1 
0.18 0.2 0.5 0.271889 0.246779 20.0695 0.523937 0.0934181 6.85866e-05 3.51515e-09 1 0.271889 0.246779 20.0695 0.523937 0.02291 1.85729e-05 6.81929e-10 1 
0.18 0.2 0.55 0.210562 0.283462 18.2523 0.588077 0.068689 4.7681e-05 2.08263e-09 1 0.210562 0.283462 18.2523 0.588077 0.0130831 1.01597e-05 3.299e-10 1 
0.18 0.2 0.6 0.219578 0.230122 14.9038 0.619118 0.0650106 4.87606e-05 2.97116e-09 1 0.219578 0.230122 14.9038 0.619118 0.0126705 1.11915e-05 2.72421e-10 1 
0.18 0.2 0.65 0.198486 0.219468 13.1377 0.676875 0.0613562 4.65999e-05 2.83821e-09 1 0.198486 0.219468 13.1377 0.676875 0.00731612 5.83867e-06 1.62762e-10 1 
0.18 0.2 0.7 0.255595 0.272085 20.0676 0.743679 0.0540966 4.23377e-05 3.30315e-09 1 0.255595 0.272085 20.0676 0.743679 0.00910797 5.87323e-06 3.17287e-10 1 
0.18 0.2 0.75 0.313511 0.273985 27.0362 0.789931 0.0290941 1.44307e-05 6.42771e-10 1 0.313511 0.273985 27.0362 0.789931 0.00474857 2.11192e-06 9.33256e-11 1 
0.18 0.3 0.2 0.252126 0.426594 31.955 0.22378 0.494856 0.000981914 3.99503e-08 1 0.252126 0.426594 31.955 0.22378 0.280348 0.000609526 1.88723e-08 1 
0.18 0.3 0.25 0.265717 0.394768 31.1037 0.274802 0.35399 0.000327041 1.2706e-08 1 0.265717 0.394768 31.1037 0.274802 0.174438 0.000169655 5.44905e-09 1 
0.18 0.3 0.3 0.241593 0.396173 28.0143 0.322339 0.296628 0.000256196 1.32007e-08 1 0.241593 0.396173 28.0143 0.322339 0.108746 9.59929e-05 2.74459e-09 1 
0.18 0.3 0.35 0.244426 0.365191 26.1877 0.37597 0.240025 0.000198406 9.38106e-09 1 0.244426 0.365191 26.1877 0.37597 0.0806021 7.36906e-05 1.98668e-09 1 
0.18 0.3 0.4 0.263877 0.393988 31.001 0.417639 0.204382 0.000177727 9.7684e-09 1 0.263877 0.393988 31.001 0.417639 0.0652706 6.53534e-05 1.80601e-09 1 
0.18 0.3 0.45 0.256881 0.376251 28.2991 0.474322 0.187585 0.000195009 1.0086e-08 1 0.256881 0.376251 28.2991 0.474322 0.036157 3.61249e-05 8.33823e-10 1 
0.18 0.3 0.5 0.243524 0.37856 27.5445 0.524559 0.144521 0.000184277 9.65668e-09 1 0.243524 0.37856 27.5445 0.524559 0.0319182 3.52833e-05 1.54498e-09 1 
0.18 0.3 0.55 0.224898 0.352726 24.1468 0.569934 0.116417 0.00018912 1.18852e-08 1 0.224898 0.352726 24.1468 0.569934 0.0192024 3.70248e-05 7.91198e-10 1 
0.18 0.3 0.6 0.23682 0.335593 23.5732 0.6243 0.114103 0.000343015 1.38915e-08 1 0.23682 0.335593 23.5732 0.6243 0.0202302 3.30565e-05 1.1865e-09 1 
0.18 0.3 0.65 0.35575 0.308476 33.9351 0.666655 0 0 0 0 0.35575 0.308476 33.9351 0.666655 0 0 0 0 
0.18 0.3 0.7 0.370454 0.302718 34.1372 0.723554 0 0 0 0 0.370454 0.302718 34.1372 0.723554 0 0 0 0 
0.18 0.3 0.75 0 0 0 0 0 0 0 0 0 0 0 0 0 0 0 0 
0.18 0.5 0.2 0.246762 0.564292 41.9436 0.219493 0 0 0 0 0.246762 0.564292 41.9436 0.219493 0 0 0 0 
0.18 0.5 0.25 0.223715 0.575 38.0605 0.270545 0 0 0 0 0.223715 0.575 38.0605 0.270545 0 0 0 0 
0.18 0.5 0.3 0.24527 0.614002 43.7992 0.331634 0 0 0 0 0.24527 0.614002 43.7992 0.331634 0 0 0 0 
0.18 0.5 0.35 0.238376 0.57383 40.4477 0.377926 0 0 0 0 0.238376 0.57383 40.4477 0.377926 0 0 0 0 
0.18 0.5 0.4 0.205238 0.516852 30.3288 0.441922 0 0 0 0 0.205238 0.516852 30.3288 0.441922 0 0 0 0 
0.18 0.5 0.45 0 0 0 0 0 0 0 0 0 0 0 0 0 0 0 0 
0.18 0.5 0.5 0 0 0 0 0 0 0 0 0 0 0 0 0 0 0 0 
0.18 0.5 0.55 0 0 0 0 0 0 0 0 0 0 0 0 0 0 0 0 
0.18 0.5 0.6 0 0 0 0 0 0 0 0 0 0 0 0 0 0 0 0 
0.18 0.5 0.65 0 0 0 0 0 0 0 0 0 0 0 0 0 0 0 0 
0.18 0.5 0.7 0 0 0 0 0 0 0 0 0 0 0 0 0 0 0 0 
0.18 0.5 0.75 0 0 0 0 0 0 0 0 0 0 0 0 0 0 0 0 
0.18 0.7 0.2 0 0 0 0 0 0 0 0 0 0 0 0 0 0 0 0 
0.18 0.7 0.25 0 0 0 0 0 0 0 0 0 0 0 0 0 0 0 0 
0.18 0.7 0.3 0 0 0 0 0 0 0 0 0 0 0 0 0 0 0 0 
0.18 0.7 0.35 0 0 0 0 0 0 0 0 0 0 0 0 0 0 0 0 
0.18 0.7 0.4 0 0 0 0 0 0 0 0 0 0 0 0 0 0 0 0 
0.18 0.7 0.45 0 0 0 0 0 0 0 0 0 0 0 0 0 0 0 0 
0.18 0.7 0.5 0 0 0 0 0 0 0 0 0 0 0 0 0 0 0 0 
0.18 0.7 0.55 0 0 0 0 0 0 0 0 0 0 0 0 0 0 0 0 
0.18 0.7 0.6 0 0 0 0 0 0 0 0 0 0 0 0 0 0 0 0 
0.18 0.7 0.65 0 0 0 0 0 0 0 0 0 0 0 0 0 0 0 0 
0.18 0.7 0.7 0 0 0 0 0 0 0 0 0 0 0 0 0 0 0 0 
0.18 0.7 0.75 0 0 0 0 0 0 0 0 0 0 0 0 0 0 0 0 
