0.004 0.1 0.2 0 0 0 0 0 0 0 0 0 0 0 0 0 0 0 0 
0.004 0.1 0.25 0 0 0 0 0 0 0 0 0 0 0 0 0 0 0 0 
0.004 0.1 0.3 0 0 0 0 0 0 0 0 0 0 0 0 0 0 0 0 
0.004 0.1 0.35 0 0 0 0 0 0 0 0 0 0 0 0 0 0 0 0 
0.004 0.1 0.4 0 0 0 0 0 0 0 0 0 0 0 0 0 0 0 0 
0.004 0.1 0.45 0 0 0 0 0 0 0 0 0 0 0 0 0 0 0 0 
0.004 0.1 0.5 0 0 0 0 0 0 0 0 0 0 0 0 0 0 0 0 
0.004 0.1 0.55 0 0 0 0 0 0 0 0 0 0 0 0 0 0 0 0 
0.004 0.1 0.6 0 0 0 0 0 0 0 0 0 0 0 0 0 0 0 0 
0.004 0.1 0.65 0 0 0 0 0 0 0 0 0 0 0 0 0 0 0 0 
0.004 0.1 0.7 0 0 0 0 0 0 0 0 0 0 0 0 0 0 0 0 
0.004 0.1 0.75 0 0 0 0 0 0 0 0 0 0 0 0 0 0 0 0 
0.004 0.15 0.2 0 0 0 0 0 0 0 0 0 0 0 0 0 0 0 0 
0.004 0.15 0.25 0 0 0 0 0 0 0 0 0 0 0 0 0 0 0 0 
0.004 0.15 0.3 0 0 0 0 0 0 0 0 0 0 0 0 0 0 0 0 
0.004 0.15 0.35 0 0 0 0 0 0 0 0 0 0 0 0 0 0 0 0 
0.004 0.15 0.4 0 0 0 0 0 0 0 0 0 0 0 0 0 0 0 0 
0.004 0.15 0.45 0 0 0 0 0 0 0 0 0 0 0 0 0 0 0 0 
0.004 0.15 0.5 0 0 0 0 0 0 0 0 0 0 0 0 0 0 0 0 
0.004 0.15 0.55 0 0 0 0 0 0 0 0 0 0 0 0 0 0 0 0 
0.004 0.15 0.6 0 0 0 0 0 0 0 0 0 0 0 0 0 0 0 0 
0.004 0.15 0.65 0 0 0 0 0 0 0 0 0 0 0 0 0 0 0 0 
0.004 0.15 0.7 0 0 0 0 0 0 0 0 0 0 0 0 0 0 0 0 
0.004 0.15 0.75 0 0 0 0 0 0 0 0 0 0 0 0 0 0 0 0 
0.004 0.2 0.2 0 0 0 0 0 0 0 0 0 0 0 0 0 0 0 0 
0.004 0.2 0.25 0 0 0 0 0 0 0 0 0 0 0 0 0 0 0 0 
0.004 0.2 0.3 0 0 0 0 0 0 0 0 0 0 0 0 0 0 0 0 
0.004 0.2 0.35 0 0 0 0 0 0 0 0 0 0 0 0 0 0 0 0 
0.004 0.2 0.4 0 0 0 0 0 0 0 0 0 0 0 0 0 0 0 0 
0.004 0.2 0.45 0 0 0 0 0 0 0 0 0 0 0 0 0 0 0 0 
0.004 0.2 0.5 0 0 0 0 0 0 0 0 0 0 0 0 0 0 0 0 
0.004 0.2 0.55 0 0 0 0 0 0 0 0 0 0 0 0 0 0 0 0 
0.004 0.2 0.6 0 0 0 0 0 0 0 0 0 0 0 0 0 0 0 0 
0.004 0.2 0.65 0 0 0 0 0 0 0 0 0 0 0 0 0 0 0 0 
0.004 0.2 0.7 0 0 0 0 0 0 0 0 0 0 0 0 0 0 0 0 
0.004 0.2 0.75 0 0 0 0 0 0 0 0 0 0 0 0 0 0 0 0 
0.004 0.3 0.2 0.00866922 0.444442 1.14834 0.222894 2.68602 0.000441733 2.15416e-08 1 0.00866922 0.444442 1.14834 0.222894 2.3649 0.000389849 1.92648e-08 1 
0.004 0.3 0.25 0.00886924 0.435733 1.15382 0.27206 1.86106 0.000288362 1.41621e-08 1 0.00886924 0.435733 1.15382 0.27206 1.62989 0.000253429 1.27777e-08 1 
0.004 0.3 0.3 0.00878644 0.433377 1.13342 0.323578 1.36749 0.000223325 1.19636e-08 1 0.00878644 0.433377 1.13342 0.323578 1.15947 0.000190114 9.95688e-09 1 
0.004 0.3 0.35 0.00884882 0.43318 1.14413 0.372242 0.991223 0.00016452 9.45446e-09 1 0.00884882 0.43318 1.14413 0.372242 0.81165 0.000134817 7.24745e-09 1 
0.004 0.3 0.4 0.00881048 0.434244 1.1424 0.424047 0.745152 0.000129137 7.7707e-09 1 0.00881048 0.434244 1.1424 0.424047 0.602503 0.000102857 5.8119e-09 1 
0.004 0.3 0.45 0.00862851 0.437578 1.12092 0.473126 0.554811 0.000100515 6.71445e-09 1 0.00862851 0.437578 1.12092 0.473126 0.436838 7.81797e-05 4.55867e-09 1 
0.004 0.3 0.5 0.00908138 0.411084 1.10507 0.522781 0.424407 0.000110006 7.95583e-09 1 0.00908138 0.411084 1.10507 0.522781 0.332507 8.86913e-05 5.60953e-09 1 
0.004 0.3 0.55 0.00951616 0.387331 1.09474 0.573995 0.361071 0.000175654 1.48872e-08 1 0.00951616 0.387331 1.09474 0.573995 0.265315 0.000128735 9.45029e-09 1 
0.004 0.3 0.6 0.00947603 0.37636 1.04668 0.621645 0.248453 0.000241756 2.24773e-08 1 0.00947603 0.37636 1.04668 0.621645 0.159667 0.000159074 1.06672e-08 1 
0.004 0.3 0.65 0.00978635 0.350478 1.04259 0.682185 0.162628 0.000717503 4.79023e-08 1 0.00978635 0.350478 1.04259 0.682185 0.165483 0.000780052 7.23688e-08 1 
0.004 0.3 0.7 0 0 0 0 0 0 0 0 0 0 0 0 0 0 0 0 
0.004 0.3 0.75 0 0 0 0 0 0 0 0 0 0 0 0 0 0 0 0 
0.004 0.5 0.2 0.00750018 0.597542 1.32524 0.223178 2.5677 0.000223893 9.97447e-09 1 0.00750018 0.597542 1.32524 0.223178 2.32928 0.000203083 9.09798e-09 1 
0.004 0.5 0.25 0.00750858 0.596612 1.32476 0.273489 1.83399 0.000172137 8.04749e-09 1 0.00750858 0.596612 1.32476 0.273489 1.5745 0.000148388 6.68261e-09 1 
0.004 0.5 0.3 0.00747969 0.5961 1.31957 0.324375 1.31115 0.000131181 6.52382e-09 1 0.00747969 0.5961 1.31957 0.324375 1.11953 0.000111963 5.28954e-09 1 
0.004 0.5 0.35 0.00772139 0.567919 1.29806 0.37256 0.973352 0.000147731 7.99454e-09 1 0.00772139 0.567919 1.29806 0.37256 0.789606 0.000119419 5.90597e-09 1 
0.004 0.5 0.4 0.00803125 0.529355 1.25584 0.426742 0.747375 0.000252906 1.54138e-08 1 0.00803125 0.529355 1.25584 0.426742 0.611114 0.000208018 1.14905e-08 1 
0.004 0.5 0.45 0.00779208 0.511821 1.15232 0.471794 0 0 0 0 0.00779208 0.511821 1.15232 0.471794 0 0 0 0 
0.004 0.5 0.5 0 0 0 0 0 0 0 0 0 0 0 0 0 0 0 0 
0.004 0.5 0.55 0 0 0 0 0 0 0 0 0 0 0 0 0 0 0 0 
0.004 0.5 0.6 0 0 0 0 0 0 0 0 0 0 0 0 0 0 0 0 
0.004 0.5 0.65 0 0 0 0 0 0 0 0 0 0 0 0 0 0 0 0 
0.004 0.5 0.7 0 0 0 0 0 0 0 0 0 0 0 0 0 0 0 0 
0.004 0.5 0.75 0 0 0 0 0 0 0 0 0 0 0 0 0 0 0 0 
0.004 0.7 0.2 0 0 0 0 0 0 0 0 0 0 0 0 0 0 0 0 
0.004 0.7 0.25 0 0 0 0 0 0 0 0 0 0 0 0 0 0 0 0 
0.004 0.7 0.3 0 0 0 0 0 0 0 0 0 0 0 0 0 0 0 0 
0.004 0.7 0.35 0 0 0 0 0 0 0 0 0 0 0 0 0 0 0 0 
0.004 0.7 0.4 0 0 0 0 0 0 0 0 0 0 0 0 0 0 0 0 
0.004 0.7 0.45 0 0 0 0 0 0 0 0 0 0 0 0 0 0 0 0 
0.004 0.7 0.5 0 0 0 0 0 0 0 0 0 0 0 0 0 0 0 0 
0.004 0.7 0.55 0 0 0 0 0 0 0 0 0 0 0 0 0 0 0 0 
0.004 0.7 0.6 0 0 0 0 0 0 0 0 0 0 0 0 0 0 0 0 
0.004 0.7 0.65 0 0 0 0 0 0 0 0 0 0 0 0 0 0 0 0 
0.004 0.7 0.7 0 0 0 0 0 0 0 0 0 0 0 0 0 0 0 0 
0.004 0.7 0.75 0 0 0 0 0 0 0 0 0 0 0 0 0 0 0 0 
0.01 0.1 0.2 0 0 0 0 0 0 0 0 0 0 0 0 0 0 0 0 
0.01 0.1 0.25 0 0 0 0 0 0 0 0 0 0 0 0 0 0 0 0 
0.01 0.1 0.3 0 0 0 0 0 0 0 0 0 0 0 0 0 0 0 0 
0.01 0.1 0.35 0 0 0 0 0 0 0 0 0 0 0 0 0 0 0 0 
0.01 0.1 0.4 0 0 0 0 0 0 0 0 0 0 0 0 0 0 0 0 
0.01 0.1 0.45 0 0 0 0 0 0 0 0 0 0 0 0 0 0 0 0 
0.01 0.1 0.5 0 0 0 0 0 0 0 0 0 0 0 0 0 0 0 0 
0.01 0.1 0.55 0 0 0 0 0 0 0 0 0 0 0 0 0 0 0 0 
0.01 0.1 0.6 0 0 0 0 0 0 0 0 0 0 0 0 0 0 0 0 
0.01 0.1 0.65 0 0 0 0 0 0 0 0 0 0 0 0 0 0 0 0 
0.01 0.1 0.7 0 0 0 0 0 0 0 0 0 0 0 0 0 0 0 0 
0.01 0.1 0.75 0 0 0 0 0 0 0 0 0 0 0 0 0 0 0 0 
0.01 0.15 0.2 0 0 0 0 0 0 0 0 0 0 0 0 0 0 0 0 
0.01 0.15 0.25 0 0 0 0 0 0 0 0 0 0 0 0 0 0 0 0 
0.01 0.15 0.3 0 0 0 0 0 0 0 0 0 0 0 0 0 0 0 0 
0.01 0.15 0.35 0 0 0 0 0 0 0 0 0 0 0 0 0 0 0 0 
0.01 0.15 0.4 0.0182823 0.191933 1.06423 0.423319 0.821288 0.000915712 5.91051e-08 1 0.0182823 0.191933 1.06423 0.423319 0.684015 0.000787842 6.6218e-08 1 
0.01 0.15 0.45 0.0187926 0.185572 1.05911 0.472947 0.679049 0.000403712 2.71258e-08 1 0.0187926 0.185572 1.05911 0.472947 0.497074 0.000290264 2.12464e-08 1 
0.01 0.15 0.5 0.0188583 0.188118 1.07652 0.526558 0.500257 0.000298613 1.97999e-08 1 0.0188583 0.188118 1.07652 0.526558 0.376325 0.00022905 1.65769e-08 1 
0.01 0.15 0.55 0.0191493 0.186405 1.07778 0.572161 0.379129 0.000210157 1.62152e-08 1 0.0191493 0.186405 1.07778 0.572161 0.251091 0.000131524 9.66048e-09 1 
0.01 0.15 0.6 0.0188406 0.188208 1.05974 0.628506 0.266052 0.000134734 8.85956e-09 1 0.0188406 0.188208 1.05974 0.628506 0.202871 0.000103048 8.66766e-09 1 
0.01 0.15 0.65 0.0189574 0.185483 1.03466 0.67049 0.225094 0.00011984 9.46719e-09 1 0.0189574 0.185483 1.03466 0.67049 0.165494 8.31584e-05 7.52386e-09 1 
0.01 0.15 0.7 0.0189203 0.182689 1.04574 0.726998 0.163092 7.92399e-05 6.64943e-09 1 0.0189203 0.182689 1.04574 0.726998 0.11915 5.4306e-05 6.11528e-09 1 
0.01 0.15 0.75 0.0189201 0.188025 1.07036 0.805318 0.140374 3.59161e-05 3.92679e-09 1 0.0189201 0.188025 1.07036 0.805318 0.0786592 1.65078e-05 1.7347e-09 1 
0.01 0.2 0.2 0 0 0 0 0 0 0 0 0 0 0 0 0 0 0 0 
0.01 0.2 0.25 0.0153431 0.293752 1.40336 0.272558 0 0 0 0 0.0153431 0.293752 1.40336 0.272558 0 0 0 0 
0.01 0.2 0.3 0.0155984 0.275558 1.28535 0.323296 1.44428 0.000179051 9.89263e-09 1 0.0155984 0.275558 1.28535 0.323296 1.1983 0.000151057 8.25371e-09 1 
0.01 0.2 0.35 0.0160889 0.259512 1.24147 0.374571 1.0817 8.31976e-05 4.61891e-09 1 0.0160889 0.259512 1.24147 0.374571 0.861768 6.62472e-05 3.66963e-09 1 
0.01 0.2 0.4 0.0165416 0.251943 1.23741 0.424722 0.825354 5.56051e-05 3.28012e-09 1 0.0165416 0.251943 1.23741 0.424722 0.621358 4.18037e-05 2.41419e-09 1 
0.01 0.2 0.45 0.0162462 0.256017 1.23057 0.473549 0.602097 4.02554e-05 2.42451e-09 1 0.0162462 0.256017 1.23057 0.473549 0.461291 3.09453e-05 1.86641e-09 1 
0.01 0.2 0.5 0.0163532 0.251869 1.21837 0.5235 0.474263 3.25342e-05 2.15948e-09 1 0.0163532 0.251869 1.21837 0.5235 0.342384 2.27688e-05 1.40683e-09 1 
0.01 0.2 0.55 0.0158383 0.260263 1.22078 0.574554 0.363774 2.44435e-05 1.7307e-09 1 0.0158383 0.260263 1.22078 0.574554 0.265179 1.76736e-05 1.18932e-09 1 
0.01 0.2 0.6 0.0168266 0.248678 1.24638 0.623002 0.287146 1.90702e-05 1.47692e-09 1 0.0168266 0.248678 1.24638 0.623002 0.196834 1.25336e-05 8.89974e-10 1 
0.01 0.2 0.65 0.0163047 0.248095 1.20499 0.672612 0.210156 1.32739e-05 1.02981e-09 1 0.0163047 0.248095 1.20499 0.672612 0.149968 9.31253e-06 7.20192e-10 1 
0.01 0.2 0.7 0.0161963 0.250103 1.19886 0.724585 0.173914 1.07924e-05 9.76453e-10 1 0.0161963 0.250103 1.19886 0.724585 0.120136 7.14543e-06 6.57698e-10 1 
0.01 0.2 0.75 0.0160752 0.252395 1.20175 0.79129 0.121793 3.81582e-06 4.28614e-10 1 0.0160752 0.252395 1.20175 0.79129 0.0772966 2.06607e-06 2.3981e-10 1 
0.01 0.3 0.2 0.0142578 0.43047 1.8332 0.22342 2.71228 0.000214367 9.71004e-09 1 0.0142578 0.43047 1.8332 0.22342 2.38757 0.000190353 8.53034e-09 1 
0.01 0.3 0.25 0.0141191 0.385156 1.61498 0.273449 1.93405 8.02158e-05 3.78003e-09 1 0.0141191 0.385156 1.61498 0.273449 1.62205 6.79124e-05 3.15187e-09 1 
0.01 0.3 0.3 0.0142108 0.380405 1.60833 0.323438 1.37811 5.68812e-05 2.75448e-09 1 0.0142108 0.380405 1.60833 0.323438 1.14639 4.74302e-05 2.2323e-09 1 
0.01 0.3 0.35 0.0140789 0.381982 1.59962 0.374725 1.05748 4.57086e-05 2.41255e-09 1 0.0140789 0.381982 1.59962 0.374725 0.823361 3.55911e-05 1.71207e-09 1 
0.01 0.3 0.4 0.0141872 0.380159 1.59601 0.423069 0.759706 3.29856e-05 1.77269e-09 1 0.0141872 0.380159 1.59601 0.423069 0.588876 2.55336e-05 1.27554e-09 1 
0.01 0.3 0.45 0.0142469 0.377604 1.59367 0.47417 0.575742 2.58777e-05 1.4912e-09 1 0.0142469 0.377604 1.59367 0.47417 0.443935 1.97868e-05 1.06116e-09 1 
0.01 0.3 0.5 0.0139186 0.3651 1.49974 0.52381 0.451452 2.29997e-05 1.49197e-09 1 0.0139186 0.3651 1.49974 0.52381 0.335779 1.70076e-05 9.82605e-10 1 
0.01 0.3 0.55 0.0142316 0.357792 1.49872 0.576005 0.339875 2.01781e-05 1.37432e-09 1 0.0142316 0.357792 1.49872 0.576005 0.259112 1.55748e-05 9.89929e-10 1 
0.01 0.3 0.6 0.0139411 0.337015 1.38453 0.624695 0.26792 2.0097e-05 1.54052e-09 1 0.0139411 0.337015 1.38453 0.624695 0.193991 1.41303e-05 9.88202e-10 1 
0.01 0.3 0.65 0.0142917 0.331248 1.39531 0.675923 0.204677 2.05776e-05 1.78987e-09 1 0.0142917 0.331248 1.39531 0.675923 0.141533 1.35477e-05 1.03013e-09 1 
0.01 0.3 0.7 0.0139067 0.319746 1.31089 0.726571 0.157511 2.43563e-05 2.28547e-09 1 0.0139067 0.319746 1.31089 0.726571 0.111478 1.61422e-05 1.55915e-09 1 
0.01 0.3 0.75 0.0150922 0.309972 1.31925 0.826658 0.110825 0.000106829 1.77883e-08 1 0.0150922 0.309972 1.31925 0.826658 0.0847405 7.91342e-05 1.11247e-08 1 
0.01 0.5 0.2 0.0138768 0.580829 2.38677 0.222155 2.68372 0.000282145 1.15248e-08 1 0.0138768 0.580829 2.38677 0.222155 2.36016 0.000250186 9.92282e-09 1 
0.01 0.5 0.25 0.013887 0.582562 2.40087 0.2725 1.87466 0.000213895 8.93433e-09 1 0.013887 0.582562 2.40087 0.2725 1.58713 0.00018199 7.13452e-09 1 
0.01 0.5 0.3 0.0141904 0.575982 2.42951 0.324994 1.35862 0.000161008 7.09265e-09 1 0.0141904 0.575982 2.42951 0.324994 1.1126 0.000133249 5.42791e-09 1 
0.01 0.5 0.35 0.0138979 0.557694 2.29246 0.37126 1.01908 0.000165829 7.874e-09 1 0.0138979 0.557694 2.29246 0.37126 0.789688 0.000129084 5.34463e-09 1 
0.01 0.5 0.4 0.0135969 0.529444 2.11653 0.426227 0.755419 0.000229856 1.19175e-08 1 0.0135969 0.529444 2.11653 0.426227 0.596912 0.000182342 8.5263e-09 1 
0.01 0.5 0.45 0.0139267 0.507253 2.03849 0.477708 0 0 0 0 0.0139267 0.507253 2.03849 0.477708 0 0 0 0 
0.01 0.5 0.5 0 0 0 0 0 0 0 0 0 0 0 0 0 0 0 0 
0.01 0.5 0.55 0 0 0 0 0 0 0 0 0 0 0 0 0 0 0 0 
0.01 0.5 0.6 0 0 0 0 0 0 0 0 0 0 0 0 0 0 0 0 
0.01 0.5 0.65 0 0 0 0 0 0 0 0 0 0 0 0 0 0 0 0 
0.01 0.5 0.7 0 0 0 0 0 0 0 0 0 0 0 0 0 0 0 0 
0.01 0.5 0.75 0 0 0 0 0 0 0 0 0 0 0 0 0 0 0 0 
0.01 0.7 0.2 0 0 0 0 0 0 0 0 0 0 0 0 0 0 0 0 
0.01 0.7 0.25 0 0 0 0 0 0 0 0 0 0 0 0 0 0 0 0 
0.01 0.7 0.3 0 0 0 0 0 0 0 0 0 0 0 0 0 0 0 0 
0.01 0.7 0.35 0 0 0 0 0 0 0 0 0 0 0 0 0 0 0 0 
0.01 0.7 0.4 0 0 0 0 0 0 0 0 0 0 0 0 0 0 0 0 
0.01 0.7 0.45 0 0 0 0 0 0 0 0 0 0 0 0 0 0 0 0 
0.01 0.7 0.5 0 0 0 0 0 0 0 0 0 0 0 0 0 0 0 0 
0.01 0.7 0.55 0 0 0 0 0 0 0 0 0 0 0 0 0 0 0 0 
0.01 0.7 0.6 0 0 0 0 0 0 0 0 0 0 0 0 0 0 0 0 
0.01 0.7 0.65 0 0 0 0 0 0 0 0 0 0 0 0 0 0 0 0 
0.01 0.7 0.7 0 0 0 0 0 0 0 0 0 0 0 0 0 0 0 0 
0.01 0.7 0.75 0 0 0 0 0 0 0 0 0 0 0 0 0 0 0 0 
0.02 0.1 0.2 0 0 0 0 0 0 0 0 0 0 0 0 0 0 0 0 
0.02 0.1 0.25 0 0 0 0 0 0 0 0 0 0 0 0 0 0 0 0 
0.02 0.1 0.3 0 0 0 0 0 0 0 0 0 0 0 0 0 0 0 0 
0.02 0.1 0.35 0 0 0 0 0 0 0 0 0 0 0 0 0 0 0 0 
0.02 0.1 0.4 0 0 0 0 0 0 0 0 0 0 0 0 0 0 0 0 
0.02 0.1 0.45 0 0 0 0 0 0 0 0 0 0 0 0 0 0 0 0 
0.02 0.1 0.5 0.0250267 0.147669 1.14738 0.526763 0 0 0 0 0.0250267 0.147669 1.14738 0.526763 0 0 0 0 
0.02 0.1 0.55 0.025977 0.142949 1.12322 0.576266 0.390517 0.000167778 1.03624e-08 1 0.025977 0.142949 1.12322 0.576266 0.273083 0.000110544 7.89102e-09 1 
0.02 0.1 0.6 0.0274945 0.137816 1.13752 0.623358 0.299266 7.07835e-05 4.45424e-09 1 0.0274945 0.137816 1.13752 0.623358 0.197038 4.68065e-05 3.27635e-09 1 
0.02 0.1 0.65 0.0268526 0.138039 1.10363 0.6752 0.236839 4.68464e-05 2.87227e-09 1 0.0268526 0.138039 1.10363 0.6752 0.1542 2.91124e-05 2.10548e-09 1 
0.02 0.1 0.7 0.0271877 0.136757 1.11211 0.7239 0.186285 3.41643e-05 2.35711e-09 1 0.0271877 0.136757 1.11211 0.7239 0.115374 1.90586e-05 1.74599e-09 1 
0.02 0.1 0.75 0.027063 0.135539 1.09153 0.7998 0.165293 1.74201e-05 1.27266e-09 1 0.027063 0.135539 1.09153 0.7998 0.0853202 6.5726e-06 6.16428e-10 1 
0.02 0.15 0.2 0 0 0 0 0 0 0 0 0 0 0 0 0 0 0 0 
0.02 0.15 0.25 0 0 0 0 0 0 0 0 0 0 0 0 0 0 0 0 
0.02 0.15 0.3 0 0 0 0 0 0 0 0 0 0 0 0 0 0 0 0 
0.02 0.15 0.35 0 0 0 0 0 0 0 0 0 0 0 0 0 0 0 0 
0.02 0.15 0.4 0.0242097 0.192623 1.41027 0.425179 0.915577 0.000466738 3.12581e-08 1 0.0242097 0.192623 1.41027 0.425179 0.663566 0.00035264 2.37114e-08 1 
0.02 0.15 0.45 0.0246826 0.182978 1.34715 0.473065 0.657494 9.80151e-05 6.14951e-09 1 0.0246826 0.182978 1.34715 0.473065 0.48677 7.28292e-05 4.78683e-09 1 
0.02 0.15 0.5 0.0244445 0.176943 1.2878 0.523072 0.520583 4.97822e-05 3.25864e-09 1 0.0244445 0.176943 1.2878 0.523072 0.362762 3.48673e-05 2.3822e-09 1 
0.02 0.15 0.55 0.0244721 0.173016 1.25828 0.573303 0.388962 3.42345e-05 2.21499e-09 1 0.0244721 0.173016 1.25828 0.573303 0.271839 2.34969e-05 1.59166e-09 1 
0.02 0.15 0.6 0.0245234 0.175539 1.27317 0.623187 0.297093 2.58826e-05 1.73262e-09 1 0.0245234 0.175539 1.27317 0.623187 0.20614 1.74794e-05 1.26245e-09 1 
0.02 0.15 0.65 0.0249237 0.173833 1.28806 0.675982 0.229375 1.86626e-05 1.31844e-09 1 0.0249237 0.173833 1.28806 0.675982 0.143384 1.09837e-05 8.02404e-10 1 
0.02 0.15 0.7 0.0248884 0.173009 1.28044 0.723909 0.189405 1.50777e-05 1.24293e-09 1 0.0248884 0.173009 1.28044 0.723909 0.115155 8.73394e-06 7.72237e-10 1 
0.02 0.15 0.75 0.0244497 0.171206 1.24237 0.796845 0.14422 5.93485e-06 5.08801e-10 1 0.0244497 0.171206 1.24237 0.796845 0.0804907 2.6375e-06 2.70329e-10 1 
0.02 0.2 0.2 0 0 0 0 0 0 0 0 0 0 0 0 0 0 0 0 
0.02 0.2 0.25 0.0249409 0.295204 2.27953 0.279811 0 0 0 0 0.0249409 0.295204 2.27953 0.279811 0 0 0 0 
0.02 0.2 0.3 0.0243628 0.27347 1.99797 0.323357 1.44968 0.000301571 1.60435e-08 1 0.0243628 0.27347 1.99797 0.323357 1.15008 0.000239992 1.22625e-08 1 
0.02 0.2 0.35 0.0243126 0.254598 1.84524 0.372978 1.14553 0.000120775 6.61776e-09 1 0.0243126 0.254598 1.84524 0.372978 0.849296 8.9876e-05 4.79706e-09 1 
0.02 0.2 0.4 0.0243052 0.244039 1.76681 0.423754 0.826169 6.60216e-05 3.62385e-09 1 0.0243052 0.244039 1.76681 0.423754 0.602234 4.81528e-05 2.56825e-09 1 
0.02 0.2 0.45 0.0242595 0.241282 1.73915 0.474251 0.629717 5.08631e-05 3.06786e-09 1 0.0242595 0.241282 1.73915 0.474251 0.45048 3.64446e-05 2.0257e-09 1 
0.02 0.2 0.5 0.0246543 0.237358 1.73216 0.524346 0.481114 3.8354e-05 2.48662e-09 1 0.0246543 0.237358 1.73216 0.524346 0.331671 2.65635e-05 1.56267e-09 1 
0.02 0.2 0.55 0.0242316 0.240291 1.72929 0.575595 0.366971 2.95872e-05 1.99581e-09 1 0.0242316 0.240291 1.72929 0.575595 0.264298 2.08101e-05 1.32769e-09 1 
0.02 0.2 0.6 0.0244368 0.242223 1.76056 0.625098 0.28079 2.2151e-05 1.55129e-09 1 0.0244368 0.242223 1.76056 0.625098 0.188697 1.47314e-05 9.08804e-10 1 
0.02 0.2 0.65 0.0242574 0.246545 1.78545 0.672321 0.206739 1.57348e-05 1.14704e-09 1 0.0242574 0.246545 1.78545 0.672321 0.139395 1.02617e-05 7.14427e-10 1 
0.02 0.2 0.7 0.0242764 0.23887 1.71815 0.721409 0.165588 1.23724e-05 9.99992e-10 1 0.0242764 0.23887 1.71815 0.721409 0.112024 8.30305e-06 6.48631e-10 1 
0.02 0.2 0.75 0.0241588 0.237085 1.70514 0.797494 0.123877 4.65837e-06 4.62189e-10 1 0.0241588 0.237085 1.70514 0.797494 0.077402 2.59489e-06 2.70075e-10 1 
0.02 0.3 0.2 0.024213 0.428553 3.09906 0.223708 2.79425 0.000596468 2.58886e-08 1 0.024213 0.428553 3.09906 0.223708 2.33092 0.000505072 2.05998e-08 1 
0.02 0.3 0.25 0.024408 0.383171 2.78095 0.27359 1.96318 0.000215893 9.44993e-09 1 0.024408 0.383171 2.78095 0.27359 1.63849 0.000182317 7.75049e-09 1 
0.02 0.3 0.3 0.0244149 0.380783 2.76615 0.323825 1.44103 0.000157007 7.07564e-09 1 0.0244149 0.380783 2.76615 0.323825 1.15908 0.000126687 5.36665e-09 1 
0.02 0.3 0.35 0.0239871 0.379887 2.70936 0.375148 1.05783 0.000117476 5.46959e-09 1 0.0239871 0.379887 2.70936 0.375148 0.797637 8.83981e-05 3.64259e-09 1 
0.02 0.3 0.4 0.0241944 0.377725 2.71018 0.42393 0.776271 8.70827e-05 4.23637e-09 1 0.0241944 0.377725 2.71018 0.42393 0.585888 6.62657e-05 2.8051e-09 1 
0.02 0.3 0.45 0.0245943 0.38295 2.79895 0.475816 0.588857 6.80085e-05 3.44411e-09 1 0.0245943 0.38295 2.79895 0.475816 0.420426 4.86868e-05 2.01604e-09 1 
0.02 0.3 0.5 0.023952 0.362426 2.57166 0.523476 0.448055 5.78615e-05 2.9384e-09 1 0.023952 0.362426 2.57166 0.523476 0.307235 3.95722e-05 1.69855e-09 1 
0.02 0.3 0.55 0.0242385 0.351711 2.53044 0.574779 0.345664 5.3525e-05 2.95234e-09 1 0.0242385 0.351711 2.53044 0.574779 0.233497 3.59388e-05 1.62849e-09 1 
0.02 0.3 0.6 0.0244066 0.341048 2.46445 0.621597 0.263707 5.00562e-05 2.89433e-09 1 0.0244066 0.341048 2.46445 0.621597 0.183029 3.49779e-05 1.81718e-09 1 
0.02 0.3 0.65 0.0238229 0.333996 2.34877 0.675604 0.20564 5.18215e-05 3.28832e-09 1 0.0238229 0.333996 2.34877 0.675604 0.137625 3.30469e-05 1.97813e-09 1 
0.02 0.3 0.7 0.0234341 0.318638 2.17054 0.724611 0.161077 6.45955e-05 5.6656e-09 1 0.0234341 0.318638 2.17054 0.724611 0.108559 4.09148e-05 2.76782e-09 1 
0.02 0.3 0.75 0.0228598 0.317535 1.99959 0.801173 0.110518 0.000261861 2.69175e-08 1 0.0228598 0.317535 1.99959 0.801173 0.0813561 0.00015509 2.16919e-08 1 
0.02 0.5 0.2 0.0239992 0.585004 4.1836 0.222521 2.70212 0.000835451 3.08705e-08 1 0.0239992 0.585004 4.1836 0.222521 2.35544 0.000739145 2.65842e-08 1 
0.02 0.5 0.25 0.0243411 0.581484 4.19779 0.27327 1.92994 0.000641143 2.42559e-08 1 0.0243411 0.581484 4.19779 0.27327 1.60509 0.000537844 1.90278e-08 1 
0.02 0.5 0.3 0.0241587 0.577865 4.12647 0.323418 1.38191 0.000487632 1.96282e-08 1 0.0241587 0.577865 4.12647 0.323418 1.11562 0.000396313 1.36321e-08 1 
0.02 0.5 0.35 0.0242259 0.558956 3.98072 0.37463 1.00115 0.000463372 1.95977e-08 1 0.0242259 0.558956 3.98072 0.37463 0.797123 0.000377568 1.34941e-08 1 
0.02 0.5 0.4 0.0242791 0.524455 3.76594 0.429619 0.701775 0.000580856 2.32125e-08 1 0.0242791 0.524455 3.76594 0.429619 0.530484 0.000446791 1.52024e-08 1 
0.02 0.5 0.45 0.021526 0.526951 3.21532 0.457277 0 0 0 0 0.021526 0.526951 3.21532 0.457277 0 0 0 0 
0.02 0.5 0.5 0 0 0 0 0 0 0 0 0 0 0 0 0 0 0 0 
0.02 0.5 0.55 0 0 0 0 0 0 0 0 0 0 0 0 0 0 0 0 
0.02 0.5 0.6 0 0 0 0 0 0 0 0 0 0 0 0 0 0 0 0 
0.02 0.5 0.65 0 0 0 0 0 0 0 0 0 0 0 0 0 0 0 0 
0.02 0.5 0.7 0 0 0 0 0 0 0 0 0 0 0 0 0 0 0 0 
0.02 0.5 0.75 0 0 0 0 0 0 0 0 0 0 0 0 0 0 0 0 
0.02 0.7 0.2 0 0 0 0 0 0 0 0 0 0 0 0 0 0 0 0 
0.02 0.7 0.25 0 0 0 0 0 0 0 0 0 0 0 0 0 0 0 0 
0.02 0.7 0.3 0 0 0 0 0 0 0 0 0 0 0 0 0 0 0 0 
0.02 0.7 0.35 0 0 0 0 0 0 0 0 0 0 0 0 0 0 0 0 
0.02 0.7 0.4 0 0 0 0 0 0 0 0 0 0 0 0 0 0 0 0 
0.02 0.7 0.45 0 0 0 0 0 0 0 0 0 0 0 0 0 0 0 0 
0.02 0.7 0.5 0 0 0 0 0 0 0 0 0 0 0 0 0 0 0 0 
0.02 0.7 0.55 0 0 0 0 0 0 0 0 0 0 0 0 0 0 0 0 
0.02 0.7 0.6 0 0 0 0 0 0 0 0 0 0 0 0 0 0 0 0 
0.02 0.7 0.65 0 0 0 0 0 0 0 0 0 0 0 0 0 0 0 0 
0.02 0.7 0.7 0 0 0 0 0 0 0 0 0 0 0 0 0 0 0 0 
0.02 0.7 0.75 0 0 0 0 0 0 0 0 0 0 0 0 0 0 0 0 
0.03 0.1 0.2 0 0 0 0 0 0 0 0 0 0 0 0 0 0 0 0 
0.03 0.1 0.25 0 0 0 0 0 0 0 0 0 0 0 0 0 0 0 0 
0.03 0.1 0.3 0 0 0 0 0 0 0 0 0 0 0 0 0 0 0 0 
0.03 0.1 0.35 0 0 0 0 0 0 0 0 0 0 0 0 0 0 0 0 
0.03 0.1 0.4 0 0 0 0 0 0 0 0 0 0 0 0 0 0 0 0 
0.03 0.1 0.45 0 0 0 0 0 0 0 0 0 0 0 0 0 0 0 0 
0.03 0.1 0.5 0.0331667 0.145642 1.51029 0.54157 0 0 0 0 0.0331667 0.145642 1.51029 0.54157 0 0 0 0 
0.03 0.1 0.55 0.0342321 0.142356 1.46822 0.576336 0.408839 0.000188032 1.21352e-08 1 0.0342321 0.142356 1.46822 0.576336 0.254206 0.000112152 7.02852e-09 1 
0.03 0.1 0.6 0.0350559 0.134918 1.40778 0.625311 0.311155 6.29579e-05 4.04173e-09 1 0.0350559 0.134918 1.40778 0.625311 0.19129 3.72694e-05 2.47663e-09 1 
0.03 0.1 0.65 0.035157 0.130581 1.37346 0.67703 0.249754 3.30854e-05 2.04907e-09 1 0.035157 0.130581 1.37346 0.67703 0.150524 1.87986e-05 1.28534e-09 1 
0.03 0.1 0.7 0.0349172 0.125845 1.307 0.723652 0.194969 1.88465e-05 1.16386e-09 1 0.0349172 0.125845 1.307 0.723652 0.112007 9.7035e-06 6.98974e-10 1 
0.03 0.1 0.75 0.0347675 0.12406 1.28688 0.797326 0.19439 1.01112e-05 6.43853e-10 1 0.0347675 0.12406 1.28688 0.797326 0.0850659 3.03938e-06 2.51017e-10 1 
0.03 0.15 0.2 0 0 0 0 0 0 0 0 0 0 0 0 0 0 0 0 
0.03 0.15 0.25 0 0 0 0 0 0 0 0 0 0 0 0 0 0 0 0 
0.03 0.15 0.3 0 0 0 0 0 0 0 0 0 0 0 0 0 0 0 0 
0.03 0.15 0.35 0 0 0 0 0 0 0 0 0 0 0 0 0 0 0 0 
0.03 0.15 0.4 0.0352052 0.191172 2.04595 0.421903 0.865378 0.000805089 5.1345e-08 1 0.0352052 0.191172 2.04595 0.421903 0.619209 0.000589546 3.75217e-08 1 
0.03 0.15 0.45 0.0336206 0.185704 1.85969 0.473569 0.665259 0.000184283 1.13102e-08 1 0.0336206 0.185704 1.85969 0.473569 0.453381 0.000125202 7.58953e-09 1 
0.03 0.15 0.5 0.0343693 0.176305 1.80962 0.524384 0.484805 7.92245e-05 4.95013e-09 1 0.0343693 0.176305 1.80962 0.524384 0.321306 5.27271e-05 3.04115e-09 1 
0.03 0.15 0.55 0.0348992 0.172201 1.79414 0.57278 0.399406 6.20258e-05 3.96388e-09 1 0.0348992 0.172201 1.79414 0.57278 0.26462 4.11125e-05 2.5013e-09 1 
0.03 0.15 0.6 0.0341688 0.169738 1.73067 0.62255 0.321051 4.84717e-05 3.12228e-09 1 0.0341688 0.169738 1.73067 0.62255 0.195 2.87273e-05 1.96449e-09 1 
0.03 0.15 0.65 0.0344381 0.175346 1.79504 0.674102 0.230164 3.24933e-05 2.24621e-09 1 0.0344381 0.175346 1.79504 0.674102 0.146884 2.06265e-05 1.39818e-09 1 
0.03 0.15 0.7 0.0342968 0.17396 1.7812 0.723482 0.180143 2.5156e-05 1.68854e-09 1 0.0342968 0.17396 1.7812 0.723482 0.112748 1.50324e-05 1.09335e-09 1 
0.03 0.15 0.75 0.0348729 0.171454 1.76286 0.803934 0.15793 1.21353e-05 9.73427e-10 1 0.0348729 0.171454 1.76286 0.803934 0.0766119 4.54614e-06 4.04349e-10 1 
0.03 0.2 0.2 0 0 0 0 0 0 0 0 0 0 0 0 0 0 0 0 
0.03 0.2 0.25 0.032547 0.296123 2.98647 0.274086 0 0 0 0 0.032547 0.296123 2.98647 0.274086 0 0 0 0 
0.03 0.2 0.3 0.0348834 0.27364 2.85144 0.323532 1.52021 0.000630704 3.1385e-08 1 0.0348834 0.27364 2.85144 0.323532 1.15995 0.00048361 2.33958e-08 1 
0.03 0.2 0.35 0.0351071 0.255031 2.67702 0.37457 1.09583 0.000218225 1.09928e-08 1 0.0351071 0.255031 2.67702 0.37457 0.791254 0.000159161 7.48714e-09 1 
0.03 0.2 0.4 0.0342463 0.240632 2.44584 0.425573 0.865965 0.000137386 7.52158e-09 1 0.0342463 0.240632 2.44584 0.425573 0.594133 9.36549e-05 4.48759e-09 1 
0.03 0.2 0.45 0.0350856 0.238977 2.49534 0.472482 0.624701 9.73021e-05 5.46962e-09 1 0.0350856 0.238977 2.49534 0.472482 0.429503 6.67749e-05 3.53718e-09 1 
0.03 0.2 0.5 0.0344419 0.238483 2.4419 0.526045 0.466306 6.92909e-05 4.19972e-09 1 0.0344419 0.238483 2.4419 0.526045 0.306945 4.61576e-05 2.41099e-09 1 
0.03 0.2 0.55 0.0345457 0.246474 2.51952 0.573152 0.348126 5.25378e-05 3.00944e-09 1 0.0345457 0.246474 2.51952 0.573152 0.230715 3.46605e-05 1.85893e-09 1 
0.03 0.2 0.6 0.0346259 0.242343 2.48667 0.624776 0.297158 4.59927e-05 2.99722e-09 1 0.0346259 0.242343 2.48667 0.624776 0.182798 2.83082e-05 1.57469e-09 1 
0.03 0.2 0.65 0.0345462 0.239895 2.4467 0.669665 0.210604 3.02793e-05 2.20624e-09 1 0.0345462 0.239895 2.4467 0.669665 0.127147 1.84141e-05 1.05914e-09 1 
0.03 0.2 0.7 0.0343667 0.239719 2.42544 0.727467 0.179689 2.64399e-05 2.02601e-09 1 0.0343667 0.239719 2.42544 0.727467 0.104418 1.52462e-05 1.0812e-09 1 
0.03 0.2 0.75 0.0339117 0.235468 2.37887 0.791169 0.126036 9.87555e-06 8.43579e-10 1 0.0339117 0.235468 2.37887 0.791169 0.0725621 5.10021e-06 4.45259e-10 1 
0.03 0.3 0.2 0.0344039 0.432266 4.43422 0.221797 2.87163 0.00118005 5.07046e-08 1 0.0344039 0.432266 4.43422 0.221797 2.34524 0.000983419 4.00563e-08 1 
0.03 0.3 0.25 0.0346949 0.379548 3.9211 0.273546 1.94595 0.000406416 1.72903e-08 1 0.0346949 0.379548 3.9211 0.273546 1.59692 0.000335539 1.32899e-08 1 
0.03 0.3 0.3 0.0345437 0.381314 3.91105 0.324057 1.46245 0.000309322 1.31446e-08 1 0.0345437 0.381314 3.91105 0.324057 1.13316 0.000240886 9.75129e-09 1 
0.03 0.3 0.35 0.0345563 0.372982 3.81397 0.374774 1.04088 0.000216563 9.53683e-09 1 0.0345563 0.372982 3.81397 0.374774 0.752633 0.00015824 6.21453e-09 1 
0.03 0.3 0.4 0.0347279 0.382907 3.95812 0.426151 0.795771 0.00017218 7.92767e-09 1 0.0347279 0.382907 3.95812 0.426151 0.548636 0.00011891 4.4709e-09 1 
0.03 0.3 0.45 0.0344515 0.369467 3.78362 0.473904 0.600995 0.000135571 6.52925e-09 1 0.0344515 0.369467 3.78362 0.473904 0.419393 9.44038e-05 3.66831e-09 1 
0.03 0.3 0.5 0.033624 0.363545 3.63685 0.5247 0.442851 0.000112214 5.35506e-09 1 0.033624 0.363545 3.63685 0.5247 0.296754 7.56348e-05 2.83799e-09 1 
0.03 0.3 0.55 0.0337222 0.355447 3.53044 0.576416 0.320866 9.5492e-05 4.68753e-09 1 0.0337222 0.355447 3.53044 0.576416 0.214507 6.56438e-05 2.68838e-09 1 
0.03 0.3 0.6 0.0352486 0.336557 3.56079 0.630083 0.258662 9.24281e-05 5.07691e-09 1 0.0352486 0.336557 3.56079 0.630083 0.157622 5.61458e-05 2.47775e-09 1 
0.03 0.3 0.65 0.0345247 0.341035 3.44983 0.684441 0.2135 0.000109197 5.67995e-09 1 0.0345247 0.341035 3.44983 0.684441 0.122128 6.10862e-05 2.62341e-09 1 
0.03 0.3 0.7 0.0326311 0.323145 3.10631 0.72754 0.152238 0.000102081 6.39636e-09 1 0.0326311 0.323145 3.10631 0.72754 0.100739 6.97066e-05 3.78589e-09 1 
0.03 0.3 0.75 0.0354475 0.310488 3.0971 0.804253 0.0646198 0.00023723 1.42071e-08 1 0.0354475 0.310488 3.0971 0.804253 0.0622742 0.000222067 2.03132e-08 1 
0.03 0.5 0.2 0.0340033 0.57845 5.86283 0.22179 2.93751 0.00193185 7.52131e-08 1 0.0340033 0.57845 5.86283 0.22179 2.41731 0.00160051 5.5336e-08 1 
0.03 0.5 0.25 0.0346735 0.582515 6.01519 0.273498 2.04453 0.00142052 5.46079e-08 1 0.0346735 0.582515 6.01519 0.273498 1.62564 0.001148 3.85582e-08 1 
0.03 0.5 0.3 0.0343516 0.582078 5.91105 0.322911 1.40967 0.00102226 3.99643e-08 1 0.0343516 0.582078 5.91105 0.322911 1.07094 0.000778854 2.65858e-08 1 
0.03 0.5 0.35 0.0332509 0.556189 5.47566 0.370097 1.08024 0.00104829 4.29884e-08 1 0.0332509 0.556189 5.47566 0.370097 0.737081 0.000724225 2.45335e-08 1 
0.03 0.5 0.4 0.035094 0.533407 5.53937 0.422959 0.751749 0.00137082 4.92736e-08 1 0.035094 0.533407 5.53937 0.422959 0.609212 0.00109374 3.87008e-08 1 
0.03 0.5 0.45 0 0 0 0 0 0 0 0 0 0 0 0 0 0 0 0 
0.03 0.5 0.5 0 0 0 0 0 0 0 0 0 0 0 0 0 0 0 0 
0.03 0.5 0.55 0 0 0 0 0 0 0 0 0 0 0 0 0 0 0 0 
0.03 0.5 0.6 0 0 0 0 0 0 0 0 0 0 0 0 0 0 0 0 
0.03 0.5 0.65 0 0 0 0 0 0 0 0 0 0 0 0 0 0 0 0 
0.03 0.5 0.7 0 0 0 0 0 0 0 0 0 0 0 0 0 0 0 0 
0.03 0.5 0.75 0 0 0 0 0 0 0 0 0 0 0 0 0 0 0 0 
0.03 0.7 0.2 0 0 0 0 0 0 0 0 0 0 0 0 0 0 0 0 
0.03 0.7 0.25 0 0 0 0 0 0 0 0 0 0 0 0 0 0 0 0 
0.03 0.7 0.3 0 0 0 0 0 0 0 0 0 0 0 0 0 0 0 0 
0.03 0.7 0.35 0 0 0 0 0 0 0 0 0 0 0 0 0 0 0 0 
0.03 0.7 0.4 0 0 0 0 0 0 0 0 0 0 0 0 0 0 0 0 
0.03 0.7 0.45 0 0 0 0 0 0 0 0 0 0 0 0 0 0 0 0 
0.03 0.7 0.5 0 0 0 0 0 0 0 0 0 0 0 0 0 0 0 0 
0.03 0.7 0.55 0 0 0 0 0 0 0 0 0 0 0 0 0 0 0 0 
0.03 0.7 0.6 0 0 0 0 0 0 0 0 0 0 0 0 0 0 0 0 
0.03 0.7 0.65 0 0 0 0 0 0 0 0 0 0 0 0 0 0 0 0 
0.03 0.7 0.7 0 0 0 0 0 0 0 0 0 0 0 0 0 0 0 0 
0.03 0.7 0.75 0 0 0 0 0 0 0 0 0 0 0 0 0 0 0 0 
0.04 0.1 0.2 0 0 0 0 0 0 0 0 0 0 0 0 0 0 0 0 
0.04 0.1 0.25 0 0 0 0 0 0 0 0 0 0 0 0 0 0 0 0 
0.04 0.1 0.3 0 0 0 0 0 0 0 0 0 0 0 0 0 0 0 0 
0.04 0.1 0.35 0 0 0 0 0 0 0 0 0 0 0 0 0 0 0 0 
0.04 0.1 0.4 0 0 0 0 0 0 0 0 0 0 0 0 0 0 0 0 
0.04 0.1 0.45 0 0 0 0 0 0 0 0 0 0 0 0 0 0 0 0 
0.04 0.1 0.5 0 0 0 0 0 0 0 0 0 0 0 0 0 0 0 0 
0.04 0.1 0.55 0.0472252 0.143344 2.03382 0.573979 0.408373 0.000182874 1.03614e-08 1 0.0472252 0.143344 2.03382 0.573979 0.257631 0.000116904 7.63531e-09 1 
0.04 0.1 0.6 0.0480418 0.139631 2.00499 0.625606 0.291363 5.70807e-05 3.08184e-09 1 0.0480418 0.139631 2.00499 0.625606 0.179941 3.55181e-05 2.05592e-09 1 
0.04 0.1 0.65 0.0483974 0.130891 1.90425 0.674918 0.240863 3.10929e-05 1.62986e-09 1 0.0483974 0.130891 1.90425 0.674918 0.141907 1.78716e-05 1.08364e-09 1 
0.04 0.1 0.7 0.0478583 0.128043 1.82066 0.722417 0.193026 1.80628e-05 9.73241e-10 1 0.0478583 0.128043 1.82066 0.722417 0.112131 1.01979e-05 6.4706e-10 1 
0.04 0.1 0.75 0.0483264 0.122084 1.75399 0.794813 0.190416 9.37995e-06 5.10135e-10 1 0.0483264 0.122084 1.75399 0.794813 0.0771328 2.52994e-06 1.78888e-10 1 
0.04 0.15 0.2 0 0 0 0 0 0 0 0 0 0 0 0 0 0 0 0 
0.04 0.15 0.25 0 0 0 0 0 0 0 0 0 0 0 0 0 0 0 0 
0.04 0.15 0.3 0 0 0 0 0 0 0 0 0 0 0 0 0 0 0 0 
0.04 0.15 0.35 0 0 0 0 0 0 0 0 0 0 0 0 0 0 0 0 
0.04 0.15 0.4 0.0465067 0.193451 2.7258 0.425637 0.9185 0.000898426 5.33207e-08 1 0.0465067 0.193451 2.7258 0.425637 0.621201 0.000601622 3.75503e-08 1 
0.04 0.15 0.45 0.0489347 0.181391 2.64804 0.474707 0.649807 0.000177469 1.00281e-08 1 0.0489347 0.181391 2.64804 0.474707 0.441687 0.000123096 6.67586e-09 1 
0.04 0.15 0.5 0.049227 0.174688 2.57097 0.520446 0.512928 8.45399e-05 4.94396e-09 1 0.049227 0.174688 2.57097 0.520446 0.325061 5.43817e-05 2.90978e-09 1 
0.04 0.15 0.55 0.0475265 0.174036 2.45296 0.575267 0.403787 6.03476e-05 3.63567e-09 1 0.0475265 0.174036 2.45296 0.575267 0.232571 3.4397e-05 1.83894e-09 1 
0.04 0.15 0.6 0.0477132 0.173233 2.43423 0.62893 0.284963 4.02114e-05 2.33417e-09 1 0.0477132 0.173233 2.43423 0.62893 0.179349 2.49824e-05 1.48709e-09 1 
0.04 0.15 0.65 0.0488217 0.176896 2.5821 0.674605 0.235692 3.43459e-05 2.13913e-09 1 0.0488217 0.176896 2.5821 0.674605 0.127341 1.78064e-05 1.04903e-09 1 
0.04 0.15 0.7 0.0478887 0.176757 2.49271 0.719293 0.178771 2.45818e-05 1.62878e-09 1 0.0478887 0.176757 2.49271 0.719293 0.10243 1.36906e-05 8.66529e-10 1 
0.04 0.15 0.75 0.047119 0.171165 2.39924 0.798846 0.145283 1.10795e-05 7.22113e-10 1 0.047119 0.171165 2.39924 0.798846 0.0716224 4.58712e-06 3.34425e-10 1 
0.04 0.2 0.2 0 0 0 0 0 0 0 0 0 0 0 0 0 0 0 0 
0.04 0.2 0.25 0.0485148 0.295282 4.43354 0.268916 0 0 0 0 0.0485148 0.295282 4.43354 0.268916 0 0 0 0 
0.04 0.2 0.3 0.04893 0.271225 4.00462 0.321665 1.52672 0.000632597 2.97347e-08 1 0.04893 0.271225 4.00462 0.321665 1.1239 0.000470804 2.20278e-08 1 
0.04 0.2 0.35 0.0482822 0.250165 3.59306 0.374601 1.14754 0.000233203 1.07995e-08 1 0.0482822 0.250165 3.59306 0.374601 0.803045 0.000163895 7.33579e-09 1 
0.04 0.2 0.4 0.0486901 0.239923 3.47337 0.422889 0.816132 0.000124181 5.94931e-09 1 0.0486901 0.239923 3.47337 0.422889 0.57414 8.81038e-05 3.98396e-09 1 
0.04 0.2 0.45 0.0491115 0.238977 3.47585 0.474079 0.624436 9.54081e-05 4.70634e-09 1 0.0491115 0.238977 3.47585 0.474079 0.41033 6.31576e-05 2.92413e-09 1 
0.04 0.2 0.5 0.0476839 0.242518 3.43535 0.522377 0.476342 7.12522e-05 3.91551e-09 1 0.0476839 0.242518 3.43535 0.522377 0.28136 4.19271e-05 1.8475e-09 1 
0.04 0.2 0.55 0.0484105 0.234718 3.39864 0.572433 0.374514 5.72595e-05 3.14913e-09 1 0.0484105 0.234718 3.39864 0.572433 0.220539 3.4087e-05 1.64338e-09 1 
0.04 0.2 0.6 0.049755 0.240748 3.5516 0.624448 0.292128 4.52316e-05 2.56466e-09 1 0.049755 0.240748 3.5516 0.624448 0.163531 2.54575e-05 1.1353e-09 1 
0.04 0.2 0.65 0.0472811 0.24012 3.33557 0.672881 0.218819 3.26579e-05 1.96403e-09 1 0.0472811 0.24012 3.33557 0.672881 0.124845 1.89125e-05 9.19701e-10 1 
0.04 0.2 0.7 0.0496783 0.237515 3.50707 0.727331 0.168356 2.46339e-05 1.44418e-09 1 0.0496783 0.237515 3.50707 0.727331 0.0891738 1.27754e-05 6.51833e-10 1 
0.04 0.2 0.75 0.0498824 0.243148 3.58979 0.791548 0.122914 9.85929e-06 6.9204e-10 1 0.0498824 0.243148 3.58979 0.791548 0.0646915 4.62967e-06 3.18045e-10 1 
0.04 0.3 0.2 0.0479357 0.429422 6.14694 0.222526 2.87243 0.0012479 4.87492e-08 1 0.0479357 0.429422 6.14694 0.222526 2.25676 0.00100001 3.51208e-08 1 
0.04 0.3 0.25 0.0488759 0.382136 5.56014 0.274224 2.07256 0.00044779 1.77226e-08 1 0.0488759 0.382136 5.56014 0.274224 1.57189 0.000344933 1.26679e-08 1 
0.04 0.3 0.3 0.048108 0.383954 5.48436 0.322707 1.46051 0.000301697 1.24714e-08 1 0.048108 0.383954 5.48436 0.322707 1.08134 0.000226392 8.28392e-09 1 
0.04 0.3 0.35 0.0490338 0.37802 5.48574 0.373902 1.09264 0.000228304 9.37397e-09 1 0.0490338 0.37802 5.48574 0.373902 0.762301 0.000162072 5.80399e-09 1 
0.04 0.3 0.4 0.0477938 0.364284 5.16129 0.422626 0.836042 0.000182275 8.01423e-09 1 0.0477938 0.364284 5.16129 0.422626 0.54012 0.000118408 3.91448e-09 1 
0.04 0.3 0.45 0.0487105 0.376296 5.43429 0.471116 0.595983 0.000133446 5.60751e-09 1 0.0487105 0.376296 5.43429 0.471116 0.394172 8.8293e-05 3.04579e-09 1 
0.04 0.3 0.5 0.0491898 0.356211 5.231 0.523779 0.451223 0.000111135 5.14406e-09 1 0.0491898 0.356211 5.231 0.523779 0.27149 6.65988e-05 2.12342e-09 1 
0.04 0.3 0.55 0.0491315 0.357326 5.17391 0.571385 0.341336 0.000101739 4.68234e-09 1 0.0491315 0.357326 5.17391 0.571385 0.218266 6.46894e-05 2.32517e-09 1 
0.04 0.3 0.6 0.0477844 0.337751 4.71315 0.622582 0.284474 0.000104591 5.04507e-09 1 0.0477844 0.337751 4.71315 0.622582 0.160128 6.0043e-05 2.11863e-09 1 
0.04 0.3 0.65 0.0479963 0.327853 4.64779 0.677632 0.201025 9.723e-05 4.54387e-09 1 0.0479963 0.327853 4.64779 0.677632 0.124533 6.05804e-05 2.54168e-09 1 
0.04 0.3 0.7 0.0459427 0.316424 4.28215 0.727263 0.133403 8.69919e-05 5.01853e-09 1 0.0459427 0.316424 4.28215 0.727263 0.0941557 6.46531e-05 3.31884e-09 1 
0.04 0.3 0.75 0 0 0 0 0.111939 0.000440554 2.74794e-08 1 0 0 0 0 0.040392 0.000138931 7.97484e-09 1 
0.04 0.5 0.2 0.048148 0.587258 8.4466 0.224064 2.86106 0.00186875 6.6441e-08 1 0.048148 0.587258 8.4466 0.224064 2.33199 0.00154348 4.93411e-08 1 
0.04 0.5 0.25 0.0505498 0.579987 8.73509 0.272248 1.99562 0.00137979 4.9137e-08 1 0.0505498 0.579987 8.73509 0.272248 1.54122 0.00107573 3.33012e-08 1 
0.04 0.5 0.3 0.0497319 0.578968 8.58321 0.323027 1.47469 0.00108374 3.76949e-08 1 0.0497319 0.578968 8.58321 0.323027 1.05572 0.000788635 2.33376e-08 1 
0.04 0.5 0.35 0.0484543 0.561276 8.09238 0.373597 1.10141 0.0011039 4.27601e-08 1 0.0484543 0.561276 8.09238 0.373597 0.713268 0.000719103 2.06998e-08 1 
0.04 0.5 0.4 0.0473561 0.534054 7.60014 0.427959 0.752667 0.00139103 5.69596e-08 1 0.0473561 0.534054 7.60014 0.427959 0.563891 0.0010339 3.79641e-08 1 
0.04 0.5 0.45 0.0431949 0.513446 6.18754 0.484098 0 0 0 0 0.0431949 0.513446 6.18754 0.484098 0 0 0 0 
0.04 0.5 0.5 0 0 0 0 0 0 0 0 0 0 0 0 0 0 0 0 
0.04 0.5 0.55 0 0 0 0 0 0 0 0 0 0 0 0 0 0 0 0 
0.04 0.5 0.6 0 0 0 0 0 0 0 0 0 0 0 0 0 0 0 0 
0.04 0.5 0.65 0 0 0 0 0 0 0 0 0 0 0 0 0 0 0 0 
0.04 0.5 0.7 0 0 0 0 0 0 0 0 0 0 0 0 0 0 0 0 
0.04 0.5 0.75 0 0 0 0 0 0 0 0 0 0 0 0 0 0 0 0 
0.04 0.7 0.2 0 0 0 0 0 0 0 0 0 0 0 0 0 0 0 0 
0.04 0.7 0.25 0 0 0 0 0 0 0 0 0 0 0 0 0 0 0 0 
0.04 0.7 0.3 0 0 0 0 0 0 0 0 0 0 0 0 0 0 0 0 
0.04 0.7 0.35 0 0 0 0 0 0 0 0 0 0 0 0 0 0 0 0 
0.04 0.7 0.4 0 0 0 0 0 0 0 0 0 0 0 0 0 0 0 0 
0.04 0.7 0.45 0 0 0 0 0 0 0 0 0 0 0 0 0 0 0 0 
0.04 0.7 0.5 0 0 0 0 0 0 0 0 0 0 0 0 0 0 0 0 
0.04 0.7 0.55 0 0 0 0 0 0 0 0 0 0 0 0 0 0 0 0 
0.04 0.7 0.6 0 0 0 0 0 0 0 0 0 0 0 0 0 0 0 0 
0.04 0.7 0.65 0 0 0 0 0 0 0 0 0 0 0 0 0 0 0 0 
0.04 0.7 0.7 0 0 0 0 0 0 0 0 0 0 0 0 0 0 0 0 
0.04 0.7 0.75 0 0 0 0 0 0 0 0 0 0 0 0 0 0 0 0 
0.06 0.1 0.2 0 0 0 0 0 0 0 0 0 0 0 0 0 0 0 0 
0.06 0.1 0.25 0 0 0 0 0 0 0 0 0 0 0 0 0 0 0 0 
0.06 0.1 0.3 0 0 0 0 0 0 0 0 0 0 0 0 0 0 0 0 
0.06 0.1 0.35 0 0 0 0 0 0 0 0 0 0 0 0 0 0 0 0 
0.06 0.1 0.4 0 0 0 0 0 0 0 0 0 0 0 0 0 0 0 0 
0.06 0.1 0.45 0 0 0 0 0 0 0 0 0 0 0 0 0 0 0 0 
0.06 0.1 0.5 0.0681917 0.148552 3.15675 0.519992 0 0 0 0 0.0681917 0.148552 3.15675 0.519992 0 0 0 0 
0.06 0.1 0.55 0.0745132 0.140166 3.14941 0.573086 0.394374 0.000234188 1.2666e-08 1 0.0745132 0.140166 3.14941 0.573086 0.222789 0.000135976 6.7614e-09 1 
0.06 0.1 0.6 0.0761179 0.138027 3.13741 0.625438 0.303081 8.26788e-05 4.28572e-09 1 0.0761179 0.138027 3.13741 0.625438 0.172592 4.82371e-05 2.40544e-09 1 
0.06 0.1 0.65 0.077371 0.134564 3.11802 0.674577 0.233442 4.07455e-05 1.99561e-09 1 0.077371 0.134564 3.11802 0.674577 0.125346 2.18615e-05 1.09509e-09 1 
0.06 0.1 0.7 0.0757537 0.127869 2.87005 0.727113 0.179418 2.25836e-05 1.0105e-09 1 0.0757537 0.127869 2.87005 0.727113 0.0944252 1.15468e-05 5.3776e-10 1 
0.06 0.1 0.75 0.0734856 0.124764 2.72687 0.7979 0.178112 1.20524e-05 5.24314e-10 1 0.0734856 0.124764 2.72687 0.7979 0.0711738 3.55571e-06 1.94743e-10 1 
0.06 0.15 0.2 0 0 0 0 0 0 0 0 0 0 0 0 0 0 0 0 
0.06 0.15 0.25 0 0 0 0 0 0 0 0 0 0 0 0 0 0 0 0 
0.06 0.15 0.3 0 0 0 0 0 0 0 0 0 0 0 0 0 0 0 0 
0.06 0.15 0.35 0 0 0 0 0 0 0 0 0 0 0 0 0 0 0 0 
0.06 0.15 0.4 0.078445 0.193759 4.62154 0.426502 0.875908 0.0011628 5.71454e-08 1 0.078445 0.193759 4.62154 0.426502 0.595533 0.000772584 3.88331e-08 1 
0.06 0.15 0.45 0.0732117 0.181497 4.00532 0.473051 0.657295 0.000238889 1.22486e-08 1 0.0732117 0.181497 4.00532 0.473051 0.400166 0.000150226 7.01541e-09 1 
0.06 0.15 0.5 0.0734264 0.172775 3.77141 0.522011 0.496248 0.000106072 5.46508e-09 1 0.0734264 0.172775 3.77141 0.522011 0.271498 5.83272e-05 2.48709e-09 1 
0.06 0.15 0.55 0.0757007 0.17126 3.82111 0.577547 0.368709 7.14929e-05 3.70183e-09 1 0.0757007 0.17126 3.82111 0.577547 0.214802 4.20609e-05 1.97998e-09 1 
0.06 0.15 0.6 0.0766231 0.178581 4.02125 0.626972 0.289502 5.55889e-05 2.74206e-09 1 0.0766231 0.178581 4.02125 0.626972 0.157538 3.04676e-05 1.54037e-09 1 
0.06 0.15 0.65 0.0753481 0.170124 3.81137 0.670467 0.21468 3.94792e-05 1.93496e-09 1 0.0753481 0.170124 3.81137 0.670467 0.119536 2.24079e-05 1.12216e-09 1 
0.06 0.15 0.7 0.0713853 0.171533 3.66822 0.726179 0.171391 3.06562e-05 1.74459e-09 1 0.0713853 0.171533 3.66822 0.726179 0.0859172 1.52769e-05 8.3179e-10 1 
0.06 0.15 0.75 0.0789505 0.171392 4.02327 0.797124 0.130353 1.30509e-05 7.3004e-10 1 0.0789505 0.171392 4.02327 0.797124 0.0553726 4.66837e-06 2.66465e-10 1 
0.06 0.2 0.2 0 0 0 0 0 0 0 0 0 0 0 0 0 0 0 0 
0.06 0.2 0.25 0.0798588 0.295957 7.29547 0.276915 0 0 0 0 0.0798588 0.295957 7.29547 0.276915 0 0 0 0 
0.06 0.2 0.3 0.0755906 0.274845 6.24052 0.323603 1.50321 0.00077908 3.44304e-08 1 0.0755906 0.274845 6.24052 0.323603 1.03148 0.000534689 2.26259e-08 1 
0.06 0.2 0.35 0.073672 0.256881 5.63556 0.374118 1.16003 0.000298084 1.34607e-08 1 0.073672 0.256881 5.63556 0.374118 0.739876 0.000192384 7.59153e-09 1 
0.06 0.2 0.4 0.0763838 0.243198 5.54964 0.420736 0.887485 0.000176119 8.45424e-09 1 0.0763838 0.243198 5.54964 0.420736 0.531997 0.000107927 4.36872e-09 1 
0.06 0.2 0.45 0.0761997 0.242715 5.47179 0.474366 0.662188 0.000128723 6.62338e-09 1 0.0761997 0.242715 5.47179 0.474366 0.37756 7.40716e-05 3.12947e-09 1 
0.06 0.2 0.5 0.0746742 0.244026 5.4315 0.525108 0.479663 9.19369e-05 4.62233e-09 1 0.0746742 0.244026 5.4315 0.525108 0.268267 5.24478e-05 1.99379e-09 1 
0.06 0.2 0.55 0.0754351 0.243765 5.46256 0.575449 0.376691 7.29114e-05 3.65615e-09 1 0.0754351 0.243765 5.46256 0.575449 0.193056 3.72302e-05 1.36376e-09 1 
0.06 0.2 0.6 0.0747583 0.237359 5.2744 0.62153 0.276294 5.34871e-05 2.6187e-09 1 0.0747583 0.237359 5.2744 0.62153 0.147047 2.8644e-05 1.12367e-09 1 
0.06 0.2 0.65 0.081071 0.247748 5.89076 0.676305 0.226613 4.57831e-05 2.3324e-09 1 0.081071 0.247748 5.89076 0.676305 0.115326 2.31069e-05 9.25869e-10 1 
0.06 0.2 0.7 0.073205 0.242473 5.22956 0.723333 0.159379 2.99999e-05 1.66245e-09 1 0.073205 0.242473 5.22956 0.723333 0.0780574 1.43834e-05 6.45662e-10 1 
0.06 0.2 0.75 0.0780918 0.235361 5.48432 0.794055 0.12032 1.28918e-05 7.13752e-10 1 0.0780918 0.235361 5.48432 0.794055 0.0485101 4.79545e-06 2.09754e-10 1 
0.06 0.3 0.2 0.0756833 0.433595 9.77676 0.222598 2.92584 0.00174985 6.55072e-08 1 0.0756833 0.433595 9.77676 0.222598 2.30148 0.00140294 4.73826e-08 1 
0.06 0.3 0.25 0.0771254 0.373582 8.58148 0.274064 2.10895 0.000612341 2.33933e-08 1 0.0771254 0.373582 8.58148 0.274064 1.52392 0.000454152 1.5044e-08 1 
0.06 0.3 0.3 0.0741421 0.383741 8.45091 0.323458 1.54348 0.000434955 1.7178e-08 1 0.0741421 0.383741 8.45091 0.323458 1.01289 0.000286911 9.03668e-09 1 
0.06 0.3 0.35 0.0763955 0.37891 8.66417 0.373595 1.08931 0.000306235 1.16415e-08 1 0.0763955 0.37891 8.66417 0.373595 0.72964 0.000208957 6.6764e-09 1 
0.06 0.3 0.4 0.0785463 0.373648 8.77745 0.423634 0.810462 0.000230006 9.17485e-09 1 0.0785463 0.373648 8.77745 0.423634 0.492538 0.00014031 4.28864e-09 1 
0.06 0.3 0.45 0.0775185 0.371097 8.52058 0.470288 0.608689 0.000176005 6.94175e-09 1 0.0775185 0.371097 8.52058 0.470288 0.354187 0.000105376 3.02869e-09 1 
0.06 0.3 0.5 0.0701788 0.374724 7.758 0.52756 0.465735 0.000153659 6.33642e-09 1 0.0701788 0.374724 7.758 0.52756 0.250112 8.29265e-05 2.42164e-09 1 
0.06 0.3 0.55 0.0717125 0.352328 7.4494 0.57476 0.345515 0.000132322 5.45741e-09 1 0.0717125 0.352328 7.4494 0.57476 0.173586 6.58229e-05 1.95911e-09 1 
0.06 0.3 0.6 0.0841925 0.330535 8.36712 0.629903 0.23738 0.000108963 3.88092e-09 1 0.0841925 0.330535 8.36712 0.629903 0.129543 6.03009e-05 1.82006e-09 1 
0.06 0.3 0.65 0.0693846 0.337492 7.01446 0.668996 0.20035 0.000122441 5.27866e-09 1 0.0693846 0.337492 7.01446 0.668996 0.0997957 5.9035e-05 2.13327e-09 1 
0.06 0.3 0.7 0.0760897 0.324686 7.2845 0.71787 0.133716 0.000120184 5.06858e-09 1 0.0760897 0.324686 7.2845 0.71787 0.0692414 6.8388e-05 2.15564e-09 1 
0.06 0.3 0.75 0 0 0 0 0.0991428 0.000551916 2.33093e-08 1 0 0 0 0 0.0481324 0.000266111 1.81089e-08 1 
0.06 0.5 0.2 0.0788303 0.584722 13.6889 0.222255 2.98244 0.00239515 7.75184e-08 1 0.0788303 0.584722 13.6889 0.222255 2.3592 0.0019191 5.83354e-08 1 
0.06 0.5 0.25 0.078338 0.590113 13.7475 0.273967 2.00175 0.00164716 5.5246e-08 1 0.078338 0.590113 13.7475 0.273967 1.55457 0.00128389 3.89096e-08 1 
0.06 0.5 0.3 0.0776694 0.57325 13.1133 0.327136 1.54503 0.00131847 4.77451e-08 1 0.0776694 0.57325 13.1133 0.327136 1.09319 0.000957652 2.84235e-08 1 
0.06 0.5 0.35 0.0788081 0.563524 13.1646 0.372105 1.20734 0.00143833 5.9076e-08 1 0.0788081 0.563524 13.1646 0.372105 0.723484 0.000853981 2.54451e-08 1 
0.06 0.5 0.4 0.0654949 0.532527 10.3331 0.429453 0.88168 0.0018831 8.38579e-08 1 0.0654949 0.532527 10.3331 0.429453 0.45945 0.00101246 2.59432e-08 1 
0.06 0.5 0.45 0.0754485 0.51488 11.0947 0.462337 0 0 0 0 0.0754485 0.51488 11.0947 0.462337 0 0 0 0 
0.06 0.5 0.5 0 0 0 0 0 0 0 0 0 0 0 0 0 0 0 0 
0.06 0.5 0.55 0 0 0 0 0 0 0 0 0 0 0 0 0 0 0 0 
0.06 0.5 0.6 0 0 0 0 0 0 0 0 0 0 0 0 0 0 0 0 
0.06 0.5 0.65 0 0 0 0 0 0 0 0 0 0 0 0 0 0 0 0 
0.06 0.5 0.7 0 0 0 0 0 0 0 0 0 0 0 0 0 0 0 0 
0.06 0.5 0.75 0 0 0 0 0 0 0 0 0 0 0 0 0 0 0 0 
0.06 0.7 0.2 0 0 0 0 0 0 0 0 0 0 0 0 0 0 0 0 
0.06 0.7 0.25 0 0 0 0 0 0 0 0 0 0 0 0 0 0 0 0 
0.06 0.7 0.3 0 0 0 0 0 0 0 0 0 0 0 0 0 0 0 0 
0.06 0.7 0.35 0 0 0 0 0 0 0 0 0 0 0 0 0 0 0 0 
0.06 0.7 0.4 0 0 0 0 0 0 0 0 0 0 0 0 0 0 0 0 
0.06 0.7 0.45 0 0 0 0 0 0 0 0 0 0 0 0 0 0 0 0 
0.06 0.7 0.5 0 0 0 0 0 0 0 0 0 0 0 0 0 0 0 0 
0.06 0.7 0.55 0 0 0 0 0 0 0 0 0 0 0 0 0 0 0 0 
0.06 0.7 0.6 0 0 0 0 0 0 0 0 0 0 0 0 0 0 0 0 
0.06 0.7 0.65 0 0 0 0 0 0 0 0 0 0 0 0 0 0 0 0 
0.06 0.7 0.7 0 0 0 0 0 0 0 0 0 0 0 0 0 0 0 0 
0.06 0.7 0.75 0 0 0 0 0 0 0 0 0 0 0 0 0 0 0 0 
0.1 0.1 0.2 0 0 0 0 0 0 0 0 0 0 0 0 0 0 0 0 
0.1 0.1 0.25 0 0 0 0 0 0 0 0 0 0 0 0 0 0 0 0 
0.1 0.1 0.3 0 0 0 0 0 0 0 0 0 0 0 0 0 0 0 0 
0.1 0.1 0.35 0 0 0 0 0 0 0 0 0 0 0 0 0 0 0 0 
0.1 0.1 0.4 0 0 0 0 0 0 0 0 0 0 0 0 0 0 0 0 
0.1 0.1 0.45 0 0 0 0 0 0 0 0 0 0 0 0 0 0 0 0 
0.1 0.1 0.5 0 0 0 0 0 0 0 0 0 0 0 0 0 0 0 0 
0.1 0.1 0.55 0.126044 0.143513 5.48695 0.57701 0.385658 0.000667693 3.32632e-08 1 0.126044 0.143513 5.48695 0.57701 0.149934 0.000253812 8.67209e-09 1 
0.1 0.1 0.6 0.119462 0.135059 4.81535 0.615394 0.273386 0.00021035 8.2046e-09 1 0.119462 0.135059 4.81535 0.615394 0.125513 9.92522e-05 3.15759e-09 1 
0.1 0.1 0.65 0.115347 0.133867 4.60482 0.668269 0.21953 0.000115056 3.97874e-09 1 0.115347 0.133867 4.60482 0.668269 0.112377 5.78571e-05 2.34539e-09 1 
0.1 0.1 0.7 0.11697 0.120764 4.2617 0.716965 0.17274 6.86984e-05 2.2339e-09 1 0.11697 0.120764 4.2617 0.716965 0.0672338 2.66253e-05 7.5772e-10 1 
0.1 0.1 0.75 0.115423 0.120851 4.13985 0.780467 0.163386 3.41838e-05 1.17167e-09 1 0.115423 0.120851 4.13985 0.780467 0.0573281 9.2259e-06 3.97661e-10 1 
0.1 0.15 0.2 0 0 0 0 0 0 0 0 0 0 0 0 0 0 0 0 
0.1 0.15 0.25 0 0 0 0 0 0 0 0 0 0 0 0 0 0 0 0 
0.1 0.15 0.3 0 0 0 0 0 0 0 0 0 0 0 0 0 0 0 0 
0.1 0.15 0.35 0 0 0 0 0 0 0 0 0 0 0 0 0 0 0 0 
0.1 0.15 0.4 0.123523 0.193801 7.2311 0.416366 0.923394 0.00303883 1.39003e-07 1 0.123523 0.193801 7.2311 0.416366 0.520886 0.00174775 7.59436e-08 1 
0.1 0.15 0.45 0.115712 0.180901 6.28478 0.469667 0.606525 0.000541202 2.53205e-08 1 0.115712 0.180901 6.28478 0.469667 0.318475 0.000289117 1.10465e-08 1 
0.1 0.15 0.5 0.118864 0.173739 6.10035 0.525379 0.481376 0.000270112 1.25781e-08 1 0.118864 0.173739 6.10035 0.525379 0.259519 0.000151609 6.47034e-09 1 
0.1 0.15 0.55 0.115603 0.169483 5.84401 0.570953 0.362273 0.000193495 9.06673e-09 1 0.115603 0.169483 5.84401 0.570953 0.196101 0.0001062 4.83346e-09 1 
0.1 0.15 0.6 0.11918 0.173036 6.16712 0.63294 0.267083 0.000126549 5.56452e-09 1 0.11918 0.173036 6.16712 0.63294 0.128309 6.12506e-05 2.48923e-09 1 
0.1 0.15 0.65 0.118291 0.178153 6.26679 0.675927 0.19272 9.16903e-05 4.05289e-09 1 0.118291 0.178153 6.26679 0.675927 0.0982022 4.83538e-05 1.96657e-09 1 
0.1 0.15 0.7 0.113408 0.172957 5.95011 0.722363 0.151307 7.18154e-05 3.35003e-09 1 0.113408 0.172957 5.95011 0.722363 0.066502 3.12756e-05 1.14095e-09 1 
0.1 0.15 0.75 0.113356 0.170577 5.7341 0.815918 0.140657 4.03074e-05 1.9411e-09 1 0.113356 0.170577 5.7341 0.815918 0.0451058 1.10814e-05 4.05697e-10 1 
0.1 0.2 0.2 0 0 0 0 0 0 0 0 0 0 0 0 0 0 0 0 
0.1 0.2 0.25 0 0 0 0 0 0 0 0 0 0 0 0 0 0 0 0 
0.1 0.2 0.3 0.1202 0.274909 9.88196 0.325073 1.52142 0.0021385 9.87612e-08 1 0.1202 0.274909 9.88196 0.325073 1.00556 0.00145382 5.58473e-08 1 
0.1 0.2 0.35 0.118615 0.25583 9.06198 0.376926 1.14715 0.000776807 3.45193e-08 1 0.118615 0.25583 9.06198 0.376926 0.677293 0.000470732 1.79867e-08 1 
0.1 0.2 0.4 0.114123 0.255557 8.64475 0.422625 0.881718 0.000447203 2.09147e-08 1 0.114123 0.255557 8.64475 0.422625 0.462577 0.000239987 8.52518e-09 1 
0.1 0.2 0.45 0.11577 0.247249 8.45208 0.475112 0.639566 0.000324975 1.49824e-08 1 0.11577 0.247249 8.45208 0.475112 0.347159 0.000181513 6.92042e-09 1 
0.1 0.2 0.5 0.108985 0.238344 7.69653 0.523502 0.473017 0.000237297 1.17033e-08 1 0.108985 0.238344 7.69653 0.523502 0.243638 0.000123081 4.69901e-09 1 
0.1 0.2 0.55 0.113495 0.245918 8.21363 0.5674 0.36994 0.000175209 8.6068e-09 1 0.113495 0.245918 8.21363 0.5674 0.1692 8.32654e-05 2.72259e-09 1 
0.1 0.2 0.6 0.120825 0.230915 8.24038 0.62375 0.28208 0.000143442 7.05263e-09 1 0.120825 0.230915 8.24038 0.62375 0.126958 6.65819e-05 2.23097e-09 1 
0.1 0.2 0.65 0.118658 0.230257 8.35577 0.669177 0.203484 0.000100197 4.4017e-09 1 0.118658 0.230257 8.35577 0.669177 0.0872609 4.30503e-05 1.38375e-09 1 
0.1 0.2 0.7 0.11538 0.25089 8.67801 0.722159 0.137618 6.11418e-05 2.79509e-09 1 0.11538 0.25089 8.67801 0.722159 0.0589243 2.46935e-05 1.04733e-09 1 
0.1 0.2 0.75 0.124702 0.237152 8.86974 0.796128 0.10628 2.79965e-05 1.30224e-09 1 0.124702 0.237152 8.86974 0.796128 0.0423113 1.07712e-05 4.4724e-10 1 
0.1 0.3 0.2 0.11893 0.428013 15.256 0.222132 2.97845 0.00435731 1.67259e-07 1 0.11893 0.428013 15.256 0.222132 2.20068 0.00325163 1.05415e-07 1 
0.1 0.3 0.25 0.116823 0.378027 13.1759 0.273431 2.13965 0.00155268 6.02711e-08 1 0.116823 0.378027 13.1759 0.273431 1.47364 0.00110535 3.55995e-08 1 
0.1 0.3 0.3 0.116998 0.374816 12.9931 0.32408 1.55557 0.0011005 4.34994e-08 1 0.116998 0.374816 12.9931 0.32408 0.973336 0.000690698 2.17645e-08 1 
0.1 0.3 0.35 0.118482 0.381878 13.4188 0.369253 1.143 0.00080929 3.08458e-08 1 0.118482 0.381878 13.4188 0.369253 0.68722 0.000500091 1.53205e-08 1 
0.1 0.3 0.4 0.117928 0.380417 13.3069 0.425807 0.85424 0.000594938 2.27889e-08 1 0.117928 0.380417 13.3069 0.425807 0.414141 0.000292767 7.84329e-09 1 
0.1 0.3 0.45 0.118978 0.376761 13.2957 0.467286 0.614634 0.000436087 1.75601e-08 1 0.118978 0.376761 13.2957 0.467286 0.319652 0.000229538 6.67644e-09 1 
0.1 0.3 0.5 0.118501 0.36635 12.7351 0.527745 0.434428 0.000345188 1.26237e-08 1 0.118501 0.36635 12.7351 0.527745 0.216724 0.000176864 4.59293e-09 1 
0.1 0.3 0.55 0.112497 0.333943 11.2348 0.579637 0.330199 0.000333627 1.20015e-08 1 0.112497 0.333943 11.2348 0.579637 0.158285 0.000169929 3.73303e-09 1 
0.1 0.3 0.6 0.123361 0.330614 11.8811 0.621846 0.260362 0.000315272 1.23811e-08 1 0.123361 0.330614 11.8811 0.621846 0.10955 0.000132845 2.99661e-09 1 
0.1 0.3 0.65 0.110188 0.329615 10.8942 0.680273 0.157602 0.000227889 8.27344e-09 1 0.110188 0.329615 10.8942 0.680273 0.0799285 0.000122132 3.7893e-09 1 
0.1 0.3 0.7 0.107454 0.326919 10.2721 0.72851 0.133244 0.000281521 1.26895e-08 1 0.107454 0.326919 10.2721 0.72851 0.0736485 0.000167734 6.87534e-09 1 
0.1 0.3 0.75 0 0 0 0 0 0 0 0 0 0 0 0 0 0 0 0 
0.1 0.5 0.2 0.119559 0.58992 20.7684 0.222962 3.05228 0.00557045 1.88106e-07 1 0.119559 0.58992 20.7684 0.222962 2.38344 0.00447867 1.28287e-07 1 
0.1 0.5 0.25 0.12084 0.583314 20.9686 0.274697 2.26608 0.00425588 1.47647e-07 1 0.12084 0.583314 20.9686 0.274697 1.53829 0.00298445 8.62509e-08 1 
0.1 0.5 0.3 0.115836 0.574022 19.8261 0.319969 1.60663 0.00317656 1.14335e-07 1 0.115836 0.574022 19.8261 0.319969 1.01387 0.00202535 5.69447e-08 1 
0.1 0.5 0.35 0.12005 0.559527 19.8403 0.375129 1.25558 0.00358102 1.42951e-07 1 0.12005 0.559527 19.8403 0.375129 0.687742 0.0019553 4.48046e-08 1 
0.1 0.5 0.4 0.110179 0.533723 17.5718 0.423723 0.883892 0.00457273 1.68557e-07 1 0.110179 0.533723 17.5718 0.423723 0.563487 0.00310631 1.05691e-07 1 
0.1 0.5 0.45 0 0 0 0 0 0 0 0 0 0 0 0 0 0 0 0 
0.1 0.5 0.5 0 0 0 0 0 0 0 0 0 0 0 0 0 0 0 0 
0.1 0.5 0.55 0 0 0 0 0 0 0 0 0 0 0 0 0 0 0 0 
0.1 0.5 0.6 0 0 0 0 0 0 0 0 0 0 0 0 0 0 0 0 
0.1 0.5 0.65 0 0 0 0 0 0 0 0 0 0 0 0 0 0 0 0 
0.1 0.5 0.7 0 0 0 0 0 0 0 0 0 0 0 0 0 0 0 0 
0.1 0.5 0.75 0 0 0 0 0 0 0 0 0 0 0 0 0 0 0 0 
0.1 0.7 0.2 0 0 0 0 0 0 0 0 0 0 0 0 0 0 0 0 
0.1 0.7 0.25 0 0 0 0 0 0 0 0 0 0 0 0 0 0 0 0 
0.1 0.7 0.3 0 0 0 0 0 0 0 0 0 0 0 0 0 0 0 0 
0.1 0.7 0.35 0 0 0 0 0 0 0 0 0 0 0 0 0 0 0 0 
0.1 0.7 0.4 0 0 0 0 0 0 0 0 0 0 0 0 0 0 0 0 
0.1 0.7 0.45 0 0 0 0 0 0 0 0 0 0 0 0 0 0 0 0 
0.1 0.7 0.5 0 0 0 0 0 0 0 0 0 0 0 0 0 0 0 0 
0.1 0.7 0.55 0 0 0 0 0 0 0 0 0 0 0 0 0 0 0 0 
0.1 0.7 0.6 0 0 0 0 0 0 0 0 0 0 0 0 0 0 0 0 
0.1 0.7 0.65 0 0 0 0 0 0 0 0 0 0 0 0 0 0 0 0 
0.1 0.7 0.7 0 0 0 0 0 0 0 0 0 0 0 0 0 0 0 0 
0.1 0.7 0.75 0 0 0 0 0 0 0 0 0 0 0 0 0 0 0 0 
0.14 0.1 0.2 0 0 0 0 0 0 0 0 0 0 0 0 0 0 0 0 
0.14 0.1 0.25 0 0 0 0 0 0 0 0 0 0 0 0 0 0 0 0 
0.14 0.1 0.3 0 0 0 0 0 0 0 0 0 0 0 0 0 0 0 0 
0.14 0.1 0.35 0 0 0 0 0 0 0 0 0 0 0 0 0 0 0 0 
0.14 0.1 0.4 0 0 0 0 0 0 0 0 0 0 0 0 0 0 0 0 
0.14 0.1 0.45 0 0 0 0 0 0 0 0 0 0 0 0 0 0 0 0 
0.14 0.1 0.5 0.140815 0.147582 6.42231 0.546805 0 0 0 0 0.140815 0.147582 6.42231 0.546805 0 0 0 0 
0.14 0.1 0.55 0.166783 0.147831 7.30295 0.58106 0.376559 0.00156118 7.457e-08 1 0.166783 0.147831 7.30295 0.58106 0.195078 0.000843013 3.92958e-08 1 
0.14 0.1 0.6 0.143408 0.137829 5.8782 0.611187 0.261998 0.000479145 1.71965e-08 1 0.143408 0.137829 5.8782 0.611187 0.118273 0.000215896 8.3842e-09 1 
0.14 0.1 0.65 0.158034 0.136433 6.50555 0.686965 0.201768 0.0002609 8.46275e-09 1 0.158034 0.136433 6.50555 0.686965 0.0929116 0.000131091 4.15758e-09 1 
0.14 0.1 0.7 0.148388 0.130277 5.8188 0.722222 0.153945 0.000166442 3.78955e-09 1 0.148388 0.130277 5.8188 0.722222 0.0809607 8.22458e-05 3.07192e-09 1 
0.14 0.1 0.75 0.155034 0.113907 5.32017 0.80292 0.145811 7.79721e-05 2.2591e-09 1 0.155034 0.113907 5.32017 0.80292 0.0503791 2.09429e-05 6.38881e-10 1 
0.14 0.15 0.2 0 0 0 0 0 0 0 0 0 0 0 0 0 0 0 0 
0.14 0.15 0.25 0 0 0 0 0 0 0 0 0 0 0 0 0 0 0 0 
0.14 0.15 0.3 0 0 0 0 0 0 0 0 0 0 0 0 0 0 0 0 
0.14 0.15 0.35 0 0 0 0 0 0 0 0 0 0 0 0 0 0 0 0 
0.14 0.15 0.4 0.157658 0.192086 9.18203 0.445078 0.852908 0.00628332 2.50236e-07 1 0.157658 0.192086 9.18203 0.445078 0.398138 0.00312824 1.23612e-07 1 
0.14 0.15 0.45 0.156666 0.184739 8.60604 0.464824 0.613008 0.00122133 6.68657e-08 1 0.156666 0.184739 8.60604 0.464824 0.293257 0.000647227 1.91594e-08 1 
0.14 0.15 0.5 0.15393 0.184738 8.2791 0.532472 0.455395 0.000597797 2.45218e-08 1 0.15393 0.184738 8.2791 0.532472 0.202519 0.000258663 9.9253e-09 1 
0.14 0.15 0.55 0.153699 0.164356 7.4711 0.578204 0.351092 0.000405544 1.69341e-08 1 0.153699 0.164356 7.4711 0.578204 0.156964 0.00018976 7.2982e-09 1 
0.14 0.15 0.6 0 0 0 0 0.227966 0.000242882 7.91154e-09 1 0 0 0 0 0.107493 0.000119852 4.74229e-09 1 
0.14 0.15 0.65 0.153894 0.176988 7.99815 0.67015 0.209989 0.000232853 8.47588e-09 1 0.153894 0.176988 7.99815 0.67015 0.0775377 8.86697e-05 2.89469e-09 1 
0.14 0.15 0.7 0.16998 0.168076 8.6288 0.71697 0.145213 0.00015706 5.37415e-09 1 0.16998 0.168076 8.6288 0.71697 0.0524196 5.6198e-05 2.49907e-09 1 
0.14 0.15 0.75 0.17351 0.168055 9.05972 0.834679 0.102572 5.85039e-05 1.97358e-09 1 0.17351 0.168055 9.05972 0.834679 0.0335242 1.70104e-05 5.41007e-10 1 
0.14 0.2 0.2 0 0 0 0 0 0 0 0 0 0 0 0 0 0 0 0 
0.14 0.2 0.25 0 0 0 0 0 0 0 0 0 0 0 0 0 0 0 0 
0.14 0.2 0.3 0.161311 0.270312 13.2962 0.325015 1.61215 0.00513599 2.1581e-07 1 0.161311 0.270312 13.2962 0.325015 0.97302 0.0030231 1.19289e-07 1 
0.14 0.2 0.35 0.155558 0.255009 11.7842 0.376728 1.06116 0.00152035 6.15985e-08 1 0.155558 0.255009 11.7842 0.376728 0.625993 0.000923361 3.53858e-08 1 
0.14 0.2 0.4 0.156542 0.239152 11.2503 0.420387 0.761858 0.000798142 3.32222e-08 1 0.156542 0.239152 11.2503 0.420387 0.435662 0.000480297 1.75969e-08 1 
0.14 0.2 0.45 0.153453 0.240872 10.8494 0.464108 0.623956 0.000673683 2.99677e-08 1 0.153453 0.240872 10.8494 0.464108 0.293376 0.000320921 1.05136e-08 1 
0.14 0.2 0.5 0.15327 0.249903 11.1816 0.519775 0.447987 0.000461958 1.95637e-08 1 0.15327 0.249903 11.1816 0.519775 0.186168 0.000198169 5.25445e-09 1 
0.14 0.2 0.55 0.145191 0.22542 10.002 0.579362 0.376437 0.000402001 1.79363e-08 1 0.145191 0.22542 10.002 0.579362 0.146552 0.00016065 4.68491e-09 1 
0.14 0.2 0.6 0.153849 0.219524 10.0512 0.613267 0.308975 0.000302241 1.79265e-08 1 0.153849 0.219524 10.0512 0.613267 0.0951004 9.70888e-05 2.61855e-09 1 
0.14 0.2 0.65 0.152409 0.247729 11.3206 0.677517 0.210726 0.000231303 1.0675e-08 1 0.152409 0.247729 11.3206 0.677517 0.0757131 8.17476e-05 2.39601e-09 1 
0.14 0.2 0.7 0 0 0 0 0.130577 0.000133965 5.09678e-09 1 0 0 0 0 0.0437752 4.1383e-05 1.28038e-09 1 
0.14 0.2 0.75 0.149177 0.248913 11.2338 0.821975 0.122765 7.2734e-05 3.38898e-09 1 0.149177 0.248913 11.2338 0.821975 0.0357634 1.99788e-05 7.35434e-10 1 
0.14 0.3 0.2 0.159633 0.415669 19.8363 0.22426 2.96312 0.00805118 3.26179e-07 1 0.159633 0.415669 19.8363 0.22426 2.09682 0.00587166 1.99351e-07 1 
0.14 0.3 0.25 0.156624 0.385044 17.9408 0.27189 2.01215 0.0027372 1.09162e-07 1 0.156624 0.385044 17.9408 0.27189 1.29333 0.0017967 5.58451e-08 1 
0.14 0.3 0.3 0.15926 0.389615 18.3018 0.316843 1.5538 0.00204736 8.12573e-08 1 0.15926 0.389615 18.3018 0.316843 0.943151 0.00127592 4.11049e-08 1 
0.14 0.3 0.35 0.153587 0.360599 16.3691 0.380238 1.04039 0.00135697 5.10679e-08 1 0.153587 0.360599 16.3691 0.380238 0.574828 0.000766401 2.16401e-08 1 
0.14 0.3 0.4 0.154828 0.404207 18.6806 0.431948 0.862387 0.00110008 5.24282e-08 1 0.154828 0.404207 18.6806 0.431948 0.358262 0.000465954 1.17639e-08 1 
0.14 0.3 0.45 0.160852 0.391124 18.5623 0.477772 0.598542 0.000779865 3.03609e-08 1 0.160852 0.391124 18.5623 0.477772 0.332035 0.000450051 1.32943e-08 1 
0.14 0.3 0.5 0.160709 0.385339 18.0891 0.519111 0.508821 0.000804699 3.44593e-08 1 0.160709 0.385339 18.0891 0.519111 0.232443 0.000389091 1.11295e-08 1 
0.14 0.3 0.55 0.150456 0.368543 16.7934 0.568727 0.302018 0.000500418 1.54343e-08 1 0.150456 0.368543 16.7934 0.568727 0.148194 0.000251659 7.49139e-09 1 
0.14 0.3 0.6 0.165003 0.325927 16.1072 0.615997 0.281564 0.000673192 3.48108e-08 1 0.165003 0.325927 16.1072 0.615997 0.0712217 0.000159449 3.24727e-09 1 
0.14 0.3 0.65 0.153189 0.323097 14.9614 0.675487 0.221652 0.000792761 2.77564e-08 1 0.153189 0.323097 14.9614 0.675487 0.0682402 0.000224037 4.29372e-09 1 
0.14 0.3 0.7 0.150526 0.302919 14.1937 0.705443 0.198219 0.000924901 4.45666e-08 1 0.150526 0.302919 14.1937 0.705443 0.0755803 0.00042218 1.3161e-08 1 
0.14 0.3 0.75 0 0 0 0 0 0 0 0 0 0 0 0 0 0 0 0 
0.14 0.5 0.2 0.158404 0.567253 26.4956 0.218131 0 0 0 0 0.158404 0.567253 26.4956 0.218131 0 0 0 0 
0.14 0.5 0.25 0.162841 0.606518 29.6082 0.277172 0 0 0 0 0.162841 0.606518 29.6082 0.277172 0 0 0 0 
0.14 0.5 0.3 0.161691 0.5674 27.4662 0.321106 0 0 0 0 0.161691 0.5674 27.4662 0.321106 0 0 0 0 
0.14 0.5 0.35 0.159854 0.561248 26.516 0.379689 0 0 0 0 0.159854 0.561248 26.516 0.379689 0 0 0 0 
0.14 0.5 0.4 0.171444 0.528215 26.7093 0.417797 0 0 0 0 0.171444 0.528215 26.7093 0.417797 0 0 0 0 
0.14 0.5 0.45 0 0 0 0 0 0 0 0 0 0 0 0 0 0 0 0 
0.14 0.5 0.5 0 0 0 0 0 0 0 0 0 0 0 0 0 0 0 0 
0.14 0.5 0.55 0 0 0 0 0 0 0 0 0 0 0 0 0 0 0 0 
0.14 0.5 0.6 0 0 0 0 0 0 0 0 0 0 0 0 0 0 0 0 
0.14 0.5 0.65 0 0 0 0 0 0 0 0 0 0 0 0 0 0 0 0 
0.14 0.5 0.7 0 0 0 0 0 0 0 0 0 0 0 0 0 0 0 0 
0.14 0.5 0.75 0 0 0 0 0 0 0 0 0 0 0 0 0 0 0 0 
0.14 0.7 0.2 0 0 0 0 0 0 0 0 0 0 0 0 0 0 0 0 
0.14 0.7 0.25 0 0 0 0 0 0 0 0 0 0 0 0 0 0 0 0 
0.14 0.7 0.3 0 0 0 0 0 0 0 0 0 0 0 0 0 0 0 0 
0.14 0.7 0.35 0 0 0 0 0 0 0 0 0 0 0 0 0 0 0 0 
0.14 0.7 0.4 0 0 0 0 0 0 0 0 0 0 0 0 0 0 0 0 
0.14 0.7 0.45 0 0 0 0 0 0 0 0 0 0 0 0 0 0 0 0 
0.14 0.7 0.5 0 0 0 0 0 0 0 0 0 0 0 0 0 0 0 0 
0.14 0.7 0.55 0 0 0 0 0 0 0 0 0 0 0 0 0 0 0 0 
0.14 0.7 0.6 0 0 0 0 0 0 0 0 0 0 0 0 0 0 0 0 
0.14 0.7 0.65 0 0 0 0 0 0 0 0 0 0 0 0 0 0 0 0 
0.14 0.7 0.7 0 0 0 0 0 0 0 0 0 0 0 0 0 0 0 0 
0.14 0.7 0.75 0 0 0 0 0 0 0 0 0 0 0 0 0 0 0 0 
0.18 0.1 0.2 0 0 0 0 0 0 0 0 0 0 0 0 0 0 0 0 
0.18 0.1 0.25 0 0 0 0 0 0 0 0 0 0 0 0 0 0 0 0 
0.18 0.1 0.3 0 0 0 0 0 0 0 0 0 0 0 0 0 0 0 0 
0.18 0.1 0.35 0 0 0 0 0 0 0 0 0 0 0 0 0 0 0 0 
0.18 0.1 0.4 0 0 0 0 0 0 0 0 0 0 0 0 0 0 0 0 
0.18 0.1 0.45 0 0 0 0 0 0 0 0 0 0 0 0 0 0 0 0 
0.18 0.1 0.5 0 0 0 0 0 0 0 0 0 0 0 0 0 0 0 0 
0.18 0.1 0.55 0 0 0 0 0 0 0 0 0 0 0 0 0 0 0 0 
0.18 0.1 0.6 0.180833 0.141933 8.19881 0.647681 0 0 0 0 0.180833 0.141933 8.19881 0.647681 0 0 0 0 
0.18 0.1 0.65 0.216212 0.129114 8.247 0.66681 0 0 0 0 0.216212 0.129114 8.247 0.66681 0 0 0 0 
0.18 0.1 0.7 0.242805 0.127966 9.0299 0.71501 0 0 0 0 0.242805 0.127966 9.0299 0.71501 0 0 0 0 
0.18 0.1 0.75 0.236865 0.111718 7.9311 0.76305 0 0 0 0 0.236865 0.111718 7.9311 0.76305 0 0 0 0 
0.18 0.15 0.2 0 0 0 0 0 0 0 0 0 0 0 0 0 0 0 0 
0.18 0.15 0.25 0 0 0 0 0 0 0 0 0 0 0 0 0 0 0 0 
0.18 0.15 0.3 0 0 0 0 0 0 0 0 0 0 0 0 0 0 0 0 
0.18 0.15 0.35 0 0 0 0 0 0 0 0 0 0 0 0 0 0 0 0 
0.18 0.15 0.4 0.202176 0.189989 12.2053 0.448347 0.920214 0.00652503 3.6156e-07 1 0.202176 0.189989 12.2053 0.448347 0.411298 0.00300204 1.39455e-07 1 
0.18 0.15 0.45 0.230208 0.180515 12.7851 0.46841 0.519739 0.00107816 5.08813e-08 1 0.230208 0.180515 12.7851 0.46841 0.240433 0.000498672 2.12575e-08 1 
0.18 0.15 0.5 0.209413 0.183937 11.6282 0.518637 0.452867 0.000629186 2.79034e-08 1 0.209413 0.183937 11.6282 0.518637 0.203963 0.000277989 1.07972e-08 1 
0.18 0.15 0.55 0.262665 0.177807 14.325 0.560932 0.348495 0.000428726 1.77695e-08 1 0.262665 0.177807 14.325 0.560932 0.160898 0.000194951 7.89293e-09 1 
0.18 0.15 0.6 0.257657 0.163322 13.0007 0.61375 0.264726 0.000308342 1.39828e-08 1 0.257657 0.163322 13.0007 0.61375 0.0779424 8.91226e-05 2.45282e-09 1 
0.18 0.15 0.65 0.21744 0.172991 11.3896 0.67249 0.213716 0.000270186 1.16189e-08 1 0.21744 0.172991 11.3896 0.67249 0.0731845 9.21229e-05 2.47755e-09 1 
0.18 0.15 0.7 0.215932 0.196422 12.675 0.708416 0.149685 0.000179454 7.33383e-09 1 0.215932 0.196422 12.675 0.708416 0.0584833 6.60163e-05 2.90299e-09 1 
0.18 0.15 0.75 0.195675 0.176586 10.7275 0.802717 0.123302 8.28131e-05 3.01587e-09 1 0.195675 0.176586 10.7275 0.802717 0.0285471 1.561e-05 5.15225e-10 1 
0.18 0.2 0.2 0 0 0 0 0 0 0 0 0 0 0 0 0 0 0 0 
0.18 0.2 0.25 0.237877 0.297866 22.3035 0.2845 0 0 0 0 0.237877 0.297866 22.3035 0.2845 0 0 0 0 
0.18 0.2 0.3 0.225787 0.272659 18.5558 0.3221 1.34903 0.00312291 1.58687e-07 1 0.225787 0.272659 18.5558 0.3221 0.878605 0.00205191 8.97804e-08 1 
0.18 0.2 0.35 0.232017 0.258896 18.0991 0.373981 1.05213 0.00118703 6.26953e-08 1 0.232017 0.258896 18.0991 0.373981 0.567368 0.000635876 2.70033e-08 1 
0.18 0.2 0.4 0.260579 0.244009 18.6153 0.425781 0.742961 0.000645895 3.35192e-08 1 0.260579 0.244009 18.6153 0.425781 0.376045 0.000325368 1.34107e-08 1 
0.18 0.2 0.45 0.22346 0.250779 16.7016 0.473256 0.589869 0.000507657 2.65826e-08 1 0.22346 0.250779 16.7016 0.473256 0.235997 0.000194364 7.56082e-09 1 
0.18 0.2 0.5 0.274363 0.243997 20.105 0.525532 0.431892 0.000374309 1.82959e-08 1 0.274363 0.243997 20.105 0.525532 0.184082 0.000155796 5.42857e-09 1 
0.18 0.2 0.55 0.212973 0.280668 18.3282 0.582605 0.308618 0.000246511 1.28979e-08 1 0.212973 0.280668 18.3282 0.582605 0.116863 9.40824e-05 3.1686e-09 1 
0.18 0.2 0.6 0.219508 0.23054 14.9452 0.613718 0.297617 0.000254704 1.56491e-08 1 0.219508 0.23054 14.9452 0.613718 0.0896712 7.63484e-05 2.71286e-09 1 
0.18 0.2 0.65 0.198486 0.219468 13.1377 0.676875 0.195474 0.000166489 8.77007e-09 1 0.198486 0.219468 13.1377 0.676875 0.0668042 5.77009e-05 2.57135e-09 1 
0.18 0.2 0.7 0.255595 0.272085 20.0676 0.743679 0.153689 0.000124535 7.27758e-09 1 0.255595 0.272085 20.0676 0.743679 0.0474272 3.41959e-05 1.40546e-09 1 
0.18 0.2 0.75 0.313511 0.273985 27.0362 0.789931 0.0890482 3.90513e-05 1.90306e-09 1 0.313511 0.273985 27.0362 0.789931 0.0249647 9.74211e-06 3.47789e-10 1 
0.18 0.3 0.2 0.252047 0.425598 31.9053 0.223051 2.98882 0.00557727 2.74309e-07 1 0.252047 0.425598 31.9053 0.223051 2.0625 0.00393974 1.7097e-07 1 
0.18 0.3 0.25 0.269092 0.396582 31.6732 0.275474 2.01441 0.00192177 8.94291e-08 1 0.269092 0.396582 31.6732 0.275474 1.33645 0.00130714 5.48256e-08 1 
0.18 0.3 0.3 0.239598 0.399429 28.0126 0.321871 1.52985 0.00137905 7.12334e-08 1 0.239598 0.399429 28.0126 0.321871 0.861025 0.000763955 3.05452e-08 1 
0.18 0.3 0.35 0.245395 0.364001 26.3499 0.373064 1.15395 0.00104475 5.47082e-08 1 0.245395 0.364001 26.3499 0.373064 0.580642 0.000533239 2.01214e-08 1 
0.18 0.3 0.4 0.260526 0.399131 31.104 0.416476 0.862782 0.000813055 4.18807e-08 1 0.260526 0.399131 31.104 0.416476 0.402213 0.000379937 1.23628e-08 1 
0.18 0.3 0.45 0.256881 0.376251 28.2991 0.474322 0.613907 0.000574985 3.06509e-08 1 0.256881 0.376251 28.2991 0.474322 0.277857 0.000259511 8.40252e-09 1 
0.18 0.3 0.5 0.243524 0.37856 27.5445 0.524559 0.448032 0.000457376 2.44515e-08 1 0.243524 0.37856 27.5445 0.524559 0.160655 0.000157007 4.58419e-09 1 
0.18 0.3 0.55 0.224898 0.352726 24.1468 0.569934 0.345576 0.000432471 2.16353e-08 1 0.224898 0.352726 24.1468 0.569934 0.136516 0.000179704 5.51924e-09 1 
0.18 0.3 0.6 0.23682 0.335593 23.5732 0.6243 0.286898 0.000516317 2.30639e-08 1 0.23682 0.335593 23.5732 0.6243 0.092901 0.000166081 4.71039e-09 1 
0.18 0.3 0.65 0.377237 0.315809 36.6741 0.658437 0 0 0 0 0.377237 0.315809 36.6741 0.658437 0 0 0 0 
0.18 0.3 0.7 0.370454 0.302718 34.1372 0.723554 0 0 0 0 0.370454 0.302718 34.1372 0.723554 0 0 0 0 
0.18 0.3 0.75 0 0 0 0 0 0 0 0 0 0 0 0 0 0 0 0 
0.18 0.5 0.2 0.250971 0.56697 42.8625 0.220113 0 0 0 0 0.250971 0.56697 42.8625 0.220113 0 0 0 0 
0.18 0.5 0.25 0.226721 0.574837 38.5628 0.271361 0 0 0 0 0.226721 0.574837 38.5628 0.271361 0 0 0 0 
0.18 0.5 0.3 0.258168 0.62514 46.9655 0.32822 0 0 0 0 0.258168 0.62514 46.9655 0.32822 0 0 0 0 
0.18 0.5 0.35 0.238375 0.57383 40.4477 0.377926 0 0 0 0 0.238375 0.57383 40.4477 0.377926 0 0 0 0 
0.18 0.5 0.4 0.205238 0.516852 30.3288 0.441922 0 0 0 0 0.205238 0.516852 30.3288 0.441922 0 0 0 0 
0.18 0.5 0.45 0 0 0 0 0 0 0 0 0 0 0 0 0 0 0 0 
0.18 0.5 0.5 0 0 0 0 0 0 0 0 0 0 0 0 0 0 0 0 
0.18 0.5 0.55 0 0 0 0 0 0 0 0 0 0 0 0 0 0 0 0 
0.18 0.5 0.6 0 0 0 0 0 0 0 0 0 0 0 0 0 0 0 0 
0.18 0.5 0.65 0 0 0 0 0 0 0 0 0 0 0 0 0 0 0 0 
0.18 0.5 0.7 0 0 0 0 0 0 0 0 0 0 0 0 0 0 0 0 
0.18 0.5 0.75 0 0 0 0 0 0 0 0 0 0 0 0 0 0 0 0 
0.18 0.7 0.2 0 0 0 0 0 0 0 0 0 0 0 0 0 0 0 0 
0.18 0.7 0.25 0 0 0 0 0 0 0 0 0 0 0 0 0 0 0 0 
0.18 0.7 0.3 0 0 0 0 0 0 0 0 0 0 0 0 0 0 0 0 
0.18 0.7 0.35 0 0 0 0 0 0 0 0 0 0 0 0 0 0 0 0 
0.18 0.7 0.4 0 0 0 0 0 0 0 0 0 0 0 0 0 0 0 0 
0.18 0.7 0.45 0 0 0 0 0 0 0 0 0 0 0 0 0 0 0 0 
0.18 0.7 0.5 0 0 0 0 0 0 0 0 0 0 0 0 0 0 0 0 
0.18 0.7 0.55 0 0 0 0 0 0 0 0 0 0 0 0 0 0 0 0 
0.18 0.7 0.6 0 0 0 0 0 0 0 0 0 0 0 0 0 0 0 0 
0.18 0.7 0.65 0 0 0 0 0 0 0 0 0 0 0 0 0 0 0 0 
0.18 0.7 0.7 0 0 0 0 0 0 0 0 0 0 0 0 0 0 0 0 
0.18 0.7 0.75 0 0 0 0 0 0 0 0 0 0 0 0 0 0 0 0 
