0.004 0.2 0.00788265 1.26303 0.222875 2.02618 9.50136e-05 5.2882e-09 1 0.00788265 1.26303 0.222875 1.87328 8.59398e-05 4.9558e-09 1 
0.004 0.25 0.00803184 1.26087 0.272906 1.38821 6.88638e-05 3.87133e-09 1 0.00803184 1.26087 0.272906 1.23971 6.01779e-05 3.40179e-09 1 
0.004 0.3 0.00803246 1.23646 0.324218 0.951448 5.67676e-05 2.82272e-09 1 0.00803246 1.23646 0.324218 0.848403 4.95882e-05 2.45119e-09 1 
0.004 0.35 0.0083353 1.20762 0.372903 0.671989 5.66633e-05 2.69282e-09 1 0.0083353 1.20762 0.372903 0.580256 4.778e-05 2.20032e-09 1 
0.004 0.4 0.00859497 1.16894 0.424642 0.484988 6.29629e-05 2.87631e-09 1 0.00859497 1.16894 0.424642 0.426885 5.44834e-05 2.55557e-09 1 
0.004 0.45 0.00860856 1.11885 0.473061 0.342715 7.75325e-05 3.44498e-09 1 0.00860856 1.11885 0.473061 0.303763 6.71605e-05 2.99342e-09 1 
0.004 0.5 0.0090574 1.10196 0.522925 0.248243 9.32187e-05 3.92302e-09 1 0.0090574 1.10196 0.522925 0.224624 8.582e-05 3.51908e-09 1 
0.004 0.55 0.00951616 1.09474 0.573995 0.208429 0.000166569 7.05147e-09 1 0.00951616 1.09474 0.573995 0.162123 0.000121648 5.05748e-09 1 
0.004 0.6 0.00947603 1.04668 0.621645 0.133307 0.000259788 1.017e-08 1 0.00947603 1.04668 0.621645 0.104609 0.000178567 7.43884e-09 1 
0.004 0.65 0.00975427 1.03293 0.677727 0.0774076 0.000687497 2.50213e-08 1 0.00975427 1.03293 0.677727 0.106386 0.00121249 5.14455e-08 1 
0.004 0.7 0 0 0 0 0 0 0 0 0 0 0 0 0 0 
0.004 0.75 0 0 0 0 0 0 0 0 0 0 0 0 0 0 
0.01 0.2 0.0140725 2.07282 0.222957 2.08988 7.75442e-05 4.08839e-09 1 0.0140725 2.07282 0.222957 1.88679 6.92317e-05 3.65734e-09 1 
0.01 0.25 0.0140477 1.82679 0.273282 1.42779 3.60227e-05 1.9507e-09 1 0.0140477 1.82679 0.273282 1.25478 3.11609e-05 1.67777e-09 1 
0.01 0.3 0.0144755 1.6927 0.323838 0.997048 2.08815e-05 1.15857e-09 1 0.0144755 1.6927 0.323838 0.87537 1.81127e-05 9.94558e-10 1 
0.01 0.35 0.0146977 1.56195 0.374201 0.742416 1.5293e-05 8.7346e-10 1 0.0146977 1.56195 0.374201 0.626486 1.25594e-05 7.10417e-10 1 
0.01 0.4 0.0150868 1.47925 0.423673 0.540767 1.14209e-05 6.82405e-10 1 0.0150868 1.47925 0.423673 0.446463 9.17748e-06 5.37016e-10 1 
0.01 0.45 0.0152805 1.41764 0.473619 0.393651 9.19839e-06 5.64681e-10 1 0.0152805 1.41764 0.473619 0.334138 7.60005e-06 4.73771e-10 1 
0.01 0.5 0.0153077 1.34625 0.523723 0.30616 8.10357e-06 5.18488e-10 1 0.0153077 1.34625 0.523723 0.250541 6.3571e-06 4.16842e-10 1 
0.01 0.55 0.0154468 1.32302 0.574907 0.232836 6.78749e-06 4.58904e-10 1 0.0154468 1.32302 0.574907 0.192393 5.49073e-06 3.85903e-10 1 
0.01 0.6 0.0159972 1.28162 0.624021 0.184918 6.08107e-06 4.43725e-10 1 0.0159972 1.28162 0.624021 0.147955 4.66911e-06 3.49029e-10 1 
0.01 0.65 0.0158898 1.24383 0.673486 0.144884 5.49852e-06 4.30769e-10 1 0.0158898 1.24383 0.673486 0.113365 4.09747e-06 3.18922e-10 1 
0.01 0.7 0.0160343 1.20126 0.726275 0.118865 5.26649e-06 4.59507e-10 1 0.0160343 1.20126 0.726275 0.0939795 4.07651e-06 3.75522e-10 1 
0.01 0.75 0.016514 1.18335 0.793763 0.0778448 2.11559e-06 2.42336e-10 1 0.016514 1.18335 0.793763 0.0587051 1.44383e-06 1.76786e-10 1 
0.02 0.2 0.0241282 3.55455 0.223247 2.11983 0.000221265 1.0767e-08 1 0.0241282 3.55455 0.223247 1.85219 0.00019056 9.06684e-09 1 
0.02 0.25 0.0243898 3.13492 0.273676 1.43728 9.76133e-05 4.79305e-09 1 0.0243898 3.13492 0.273676 1.26712 8.60602e-05 4.2302e-09 1 
0.02 0.3 0.0243317 2.73796 0.323833 1.02757 5.19199e-05 2.69877e-09 1 0.0243317 2.73796 0.323833 0.871352 4.32056e-05 2.18439e-09 1 
0.02 0.35 0.0242073 2.40962 0.374002 0.753092 3.12402e-05 1.67692e-09 1 0.0242073 2.40962 0.374002 0.619165 2.51557e-05 1.33398e-09 1 
0.02 0.4 0.0243144 2.15601 0.424093 0.536784 1.87502e-05 1.04389e-09 1 0.0243144 2.15601 0.424093 0.452055 1.55962e-05 8.87461e-10 1 
0.02 0.45 0.0244917 1.9507 0.474238 0.409538 1.27703e-05 7.64229e-10 1 0.0244917 1.9507 0.474238 0.336377 1.03205e-05 6.22968e-10 1 
0.02 0.5 0.0244193 1.77775 0.523848 0.321512 9.14777e-06 5.96604e-10 1 0.0244193 1.77775 0.523848 0.249718 6.93176e-06 4.33345e-10 1 
0.02 0.55 0.0244762 1.65891 0.574472 0.244628 6.55004e-06 4.45612e-10 1 0.0244762 1.65891 0.574472 0.196069 5.01222e-06 3.47098e-10 1 
0.02 0.6 0.0248632 1.58991 0.624007 0.188664 4.90569e-06 3.49726e-10 1 0.0248632 1.58991 0.624007 0.149717 3.6989e-06 2.9426e-10 1 
0.02 0.65 0.0248852 1.54595 0.674348 0.152151 3.84879e-06 3.19274e-10 1 0.0248852 1.54595 0.674348 0.113394 2.69638e-06 2.30905e-10 1 
0.02 0.7 0.0250026 1.44413 0.722744 0.124947 3.23057e-06 3.102e-10 1 0.0250026 1.44413 0.722744 0.0930975 2.32908e-06 2.35184e-10 1 
0.02 0.75 0.0247769 1.37512 0.79757 0.0831024 1.00617e-06 1.19979e-10 1 0.0247769 1.37512 0.79757 0.0619112 6.86825e-07 9.44139e-11 1 
0.03 0.2 0.0342487 4.99705 0.222088 2.20104 0.00046023 2.22715e-08 1 0.0342487 4.99705 0.222088 1.87843 0.000390151 1.815e-08 1 
0.03 0.25 0.0346914 4.41146 0.273721 1.44896 0.000192584 9.32954e-09 1 0.0346914 4.41146 0.273721 1.23935 0.000163494 7.61232e-09 1 
0.03 0.3 0.0346107 3.88759 0.323795 1.04783 0.000104956 5.08969e-09 1 0.0346107 3.88759 0.323795 0.855374 8.36326e-05 3.98625e-09 1 
0.03 0.35 0.0347179 3.42625 0.374312 0.726507 5.69114e-05 2.87414e-09 1 0.0347179 3.42625 0.374312 0.577887 4.47058e-05 2.09179e-09 1 
0.03 0.4 0.0344889 3.0435 0.425183 0.544486 3.73885e-05 1.96122e-09 1 0.0344889 3.0435 0.425183 0.431638 2.92874e-05 1.50441e-09 1 
0.03 0.45 0.034502 2.67927 0.473022 0.407196 2.43716e-05 1.37498e-09 1 0.034502 2.67927 0.473022 0.320407 1.89561e-05 1.04487e-09 1 
0.03 0.5 0.0343898 2.46919 0.524847 0.293209 1.52227e-05 8.7247e-10 1 0.0343898 2.46919 0.524847 0.23194 1.17523e-05 6.83926e-10 1 
0.03 0.55 0.0345366 2.29285 0.574523 0.235157 1.09923e-05 6.65166e-10 1 0.0345366 2.29285 0.574523 0.18121 8.24956e-06 5.17687e-10 1 
0.03 0.6 0.0346225 2.07895 0.624297 0.196703 8.17225e-06 5.62573e-10 1 0.0346225 2.07895 0.624297 0.143699 5.73044e-06 4.03475e-10 1 
0.03 0.65 0.0346335 1.95928 0.674743 0.151955 5.55488e-06 4.16138e-10 1 0.0346335 1.95928 0.674743 0.111334 3.92209e-06 2.93823e-10 1 
0.03 0.7 0.0344251 1.77402 0.724992 0.127495 4.25324e-06 3.51426e-10 1 0.0344251 1.77402 0.724992 0.0896991 2.75806e-06 2.54747e-10 1 
0.03 0.75 0.0346667 1.66116 0.798482 0.0912673 1.33317e-06 1.38993e-10 1 0.0346667 1.66116 0.798482 0.0619389 8.07803e-07 9.78791e-11 1 
0.04 0.2 0.0480934 7.06281 0.223607 2.18053 0.000466493 2.06507e-08 1 0.0480934 7.06281 0.223607 1.78615 0.000381871 1.56844e-08 1 
0.04 0.25 0.0492665 6.27894 0.273894 1.49225 0.000203339 8.96852e-09 1 0.0492665 6.27894 0.273894 1.21887 0.000164951 7.04573e-09 1 
0.04 0.3 0.0485358 5.46263 0.322383 1.02337 0.000100746 4.48125e-09 1 0.0485358 5.46263 0.322383 0.83044 8.13512e-05 3.51841e-09 1 
0.04 0.35 0.0486942 4.80357 0.374127 0.738024 5.88997e-05 2.68137e-09 1 0.0486942 4.80357 0.374127 0.585154 4.62746e-05 2.04921e-09 1 
0.04 0.4 0.0483203 4.15729 0.423136 0.537549 3.61107e-05 1.73931e-09 1 0.0483203 4.15729 0.423136 0.422916 2.8205e-05 1.32918e-09 1 
0.04 0.45 0.049033 3.79328 0.473446 0.398084 2.33973e-05 1.15788e-09 1 0.049033 3.79328 0.473446 0.305468 1.77908e-05 8.7584e-10 1 
0.04 0.5 0.0485227 3.48188 0.52234 0.297785 1.53957e-05 7.93447e-10 1 0.0485227 3.48188 0.52234 0.21958 1.10812e-05 5.48939e-10 1 
0.04 0.55 0.0482139 3.13615 0.573466 0.238352 1.09559e-05 6.03655e-10 1 0.0482139 3.13615 0.573466 0.172183 7.8145e-06 4.3287e-10 1 
0.04 0.6 0.0484475 2.91225 0.625458 0.184542 7.45649e-06 4.44245e-10 1 0.0484475 2.91225 0.625458 0.129578 5.11344e-06 3.03759e-10 1 
0.04 0.65 0.0480384 2.68301 0.674619 0.15013 5.46807e-06 3.49315e-10 1 0.0480384 2.68301 0.674619 0.104405 3.72832e-06 2.5126e-10 1 
0.04 0.7 0.0483495 2.52773 0.723053 0.122265 4.05072e-06 2.80609e-10 1 0.0483495 2.52773 0.723053 0.0854309 2.77822e-06 2.09653e-10 1 
0.04 0.75 0.048445 2.30094 0.794925 0.0852866 1.20475e-06 1.0381e-10 1 0.048445 2.30094 0.794925 0.0567919 7.33282e-07 7.20684e-11 1 
0.06 0.2 0.0770836 11.497 0.222145 2.22494 0.000628249 2.53537e-08 1 0.0770836 11.497 0.222145 1.81604 0.00051077 1.98376e-08 1 
0.06 0.25 0.0771203 9.82954 0.273753 1.49621 0.000266293 1.08938e-08 1 0.0771203 9.82954 0.273753 1.16876 0.000208836 8.03006e-09 1 
0.06 0.3 0.07534 8.48829 0.323994 1.05887 0.000136109 5.6823e-09 1 0.07534 8.48829 0.323994 0.775533 9.7743e-05 3.7761e-09 1 
0.06 0.35 0.0753669 7.47845 0.37393 0.739965 7.67629e-05 3.21587e-09 1 0.0753669 7.47845 0.37393 0.553484 5.69921e-05 2.26025e-09 1 
0.06 0.4 0.076836 6.76267 0.422625 0.535482 4.72837e-05 2.00193e-09 1 0.076836 6.76267 0.422625 0.387347 3.42008e-05 1.39909e-09 1 
0.06 0.45 0.0757809 5.9702 0.472878 0.396722 3.04007e-05 1.36847e-09 1 0.0757809 5.9702 0.472878 0.282002 2.15683e-05 9.03953e-10 1 
0.06 0.5 0.0733656 5.20868 0.524527 0.29845 2.0214e-05 9.40474e-10 1 0.0733656 5.20868 0.524527 0.200037 1.35342e-05 5.73654e-10 1 
0.06 0.55 0.0750217 4.89152 0.575669 0.223435 1.32563e-05 6.38567e-10 1 0.0750217 4.89152 0.575669 0.151391 8.86715e-06 4.16089e-10 1 
0.06 0.6 0.0768776 4.66877 0.625616 0.174838 9.44861e-06 4.58314e-10 1 0.0768776 4.66877 0.625616 0.117097 6.18115e-06 3.08156e-10 1 
0.06 0.65 0.0770517 4.34007 0.672963 0.140066 6.77472e-06 3.46056e-10 1 0.0770517 4.34007 0.672963 0.0926399 4.55049e-06 2.41049e-10 1 
0.06 0.7 0.0734839 3.89211 0.725335 0.108148 4.73963e-06 2.4131e-10 1 0.0734839 3.89211 0.725335 0.0699533 2.97385e-06 1.73091e-10 1 
0.06 0.75 0.0755072 3.68734 0.797245 0.0746496 1.44944e-06 9.07649e-11 1 0.0755072 3.68734 0.797245 0.0458839 8.39711e-07 5.71949e-11 1 
0.1 0.2 0.119015 17.5549 0.223217 2.26729 0.00151759 6.06504e-08 1 0.119015 17.5549 0.223217 1.80055 0.00119634 4.57974e-08 1 
0.1 0.25 0.117632 15.156 0.274284 1.52807 0.000668626 2.73689e-08 1 0.117632 15.156 0.274284 1.12325 0.000489921 1.82053e-08 1 
0.1 0.3 0.117954 13.1099 0.323245 1.03313 0.000335019 1.32063e-08 1 0.117954 13.1099 0.323245 0.756875 0.000244575 9.00062e-09 1 
0.1 0.35 0.118201 11.6698 0.373191 0.735609 0.000196425 7.77993e-09 1 0.118201 11.6698 0.373191 0.510558 0.000136923 5.08757e-09 1 
0.1 0.4 0.116455 10.4361 0.423136 0.533407 0.000118532 4.78227e-09 1 0.116455 10.4361 0.423136 0.347194 7.78855e-05 2.95646e-09 1 
0.1 0.45 0.1159 9.0029 0.47209 0.375865 7.30574e-05 2.98466e-09 1 0.1159 9.0029 0.47209 0.24875 4.94858e-05 1.95785e-09 1 
0.1 0.5 0.114772 8.1389 0.525119 0.273245 4.71152e-05 1.91465e-09 1 0.114772 8.1389 0.525119 0.178989 3.18689e-05 1.19593e-09 1 
0.1 0.55 0.115568 7.40272 0.571763 0.205902 3.28533e-05 1.35607e-09 1 0.115568 7.40272 0.571763 0.130792 2.07868e-05 8.02633e-10 1 
0.1 0.6 0.120027 7.15949 0.626339 0.158826 2.22715e-05 9.59131e-10 1 0.120027 7.15949 0.626339 0.0945044 1.32356e-05 5.38549e-10 1 
0.1 0.65 0.117636 6.71129 0.672208 0.123325 1.63971e-05 6.00491e-10 1 0.117636 6.71129 0.672208 0.0739779 1.00129e-05 4.2764e-10 1 
0.1 0.7 0.113577 6.2023 0.720786 0.0943536 1.1165e-05 4.92851e-10 1 0.113577 6.2023 0.720786 0.0508006 5.97261e-06 2.60923e-10 1 
0.1 0.75 0.116088 5.71077 0.796337 0.0656501 3.72e-06 1.68462e-10 1 0.116088 5.71077 0.796337 0.0365348 2.08665e-06 1.02844e-10 1 
0.14 0.2 0.159718 19.8251 0.22464 2.23401 0.00508242 2.25867e-07 1 0.159718 19.8251 0.22464 1.70717 0.003872 1.57934e-07 1 
0.14 0.25 0.156324 17.9602 0.270642 1.45862 0.00161396 7.016e-08 1 0.156324 17.9602 0.270642 1.00972 0.00110557 4.09805e-08 1 
0.14 0.3 0.159435 16.6347 0.320188 1.03382 0.000784866 3.32104e-08 1 0.159435 16.6347 0.320188 0.751584 0.00057074 2.41941e-08 1 
0.14 0.35 0.155065 14.4668 0.37983 0.678397 0.000377127 1.53248e-08 1 0.155065 14.4668 0.37983 0.47251 0.000267206 1.05614e-08 1 
0.14 0.4 0.155588 14.4094 0.425858 0.464557 0.000208658 8.70321e-09 1 0.155588 14.4094 0.425858 0.319879 0.000152193 5.26486e-09 1 
0.14 0.45 0.157391 12.4149 0.468407 0.338657 0.000135683 4.99351e-09 1 0.157391 12.4149 0.468407 0.22757 9.61915e-05 3.44022e-09 1 
0.14 0.5 0.154616 11.0822 0.524551 0.269073 0.000100415 3.91565e-09 1 0.154616 11.0822 0.524551 0.150745 5.67441e-05 2.0858e-09 1 
0.14 0.55 0.150605 10.0149 0.577617 0.213316 7.38369e-05 2.75958e-09 1 0.150605 10.0149 0.577617 0.119847 4.21264e-05 1.56806e-09 1 
0.14 0.6 0.0997185 6.5549 0.413983 0.141974 4.14296e-05 1.58962e-09 1 0.0997185 6.5549 0.413983 0.0769368 2.34908e-05 8.1229e-10 1 
0.14 0.65 0.154114 9.33411 0.67643 0.117133 3.5283e-05 1.35016e-09 1 0.154114 9.33411 0.67643 0.0576023 1.81342e-05 6.46645e-10 1 
0.14 0.7 0.108519 5.1046 0.484561 0.0822774 2.36698e-05 8.21679e-10 1 0.108519 5.1046 0.484561 0.0433153 1.22669e-05 5.41879e-10 1 
0.14 0.75 0.16121 8.21187 0.819489 0.0564495 7.81258e-06 2.55669e-10 1 0.16121 8.21187 0.819489 0.0294358 3.80281e-06 1.60695e-10 1 
0.18 0.2 0.252126 31.955 0.22378 2.28113 0.00352387 1.94379e-07 1 0.252126 31.955 0.22378 1.5989 0.00242796 1.16636e-07 1 
0.18 0.25 0.265717 31.1037 0.274802 1.42542 0.00109519 5.59043e-08 1 0.265717 31.1037 0.274802 1.03729 0.000822902 4.00478e-08 1 
0.18 0.3 0.237066 25.364 0.322344 0.984676 0.000519016 2.7474e-08 1 0.237066 25.364 0.322344 0.658682 0.000335588 1.67145e-08 1 
0.18 0.35 0.24398 22.7056 0.374641 0.694649 0.00028942 1.54917e-08 1 0.24398 22.7056 0.374641 0.434474 0.000178 8.42241e-09 1 
0.18 0.4 0.256342 22.6664 0.425037 0.472453 0.000168538 8.10816e-09 1 0.256342 22.6664 0.425037 0.285922 0.000103665 4.56609e-09 1 
0.18 0.45 0.232058 19.3377 0.475047 0.319887 0.000105595 4.26563e-09 1 0.232058 19.3377 0.475047 0.18687 6.04524e-05 2.39444e-09 1 
0.18 0.5 0.248159 20.1202 0.522796 0.243306 7.83819e-05 3.07225e-09 1 0.248159 20.1202 0.522796 0.142333 4.47025e-05 1.62493e-09 1 
0.18 0.55 0.227099 18.0893 0.577804 0.17488 5.59086e-05 2.18054e-09 1 0.227099 18.0893 0.577804 0.101077 3.38664e-05 1.32834e-09 1 
0.18 0.6 0.236225 14.9937 0.617508 0.14701 5.2978e-05 1.93945e-09 1 0.236225 14.9937 0.617508 0.0650336 2.20823e-05 8.32702e-10 1 
0.18 0.65 0.206146 12.4312 0.675103 0.101515 4.20837e-05 1.75069e-09 1 0.206146 12.4312 0.675103 0.0516471 2.25372e-05 1.01929e-09 1 
0.18 0.7 0.239565 17.0799 0.729427 0.0822443 3.55555e-05 1.48275e-09 1 0.239565 17.0799 0.729427 0.0403199 1.8545e-05 8.19604e-10 1 
0.18 0.75 0.267087 19.9628 0.792141 0.0486036 1.12656e-05 3.73888e-10 1 0.267087 19.9628 0.792141 0.0189131 3.97127e-06 1.32784e-10 1 
