0.004 0 0 0.1 0 0 0 0.2 0 0 0 0 0 0 0
0.004 0 0 0.1 0 0 0 0.25 0 0 0 0 0 0 0
0.004 0 0 0.1 0 0 0 0.3 0 0 0 0 0 0 0
0.004 0 0 0.1 0 0 0 0.35 0 0 0 0 0 0 0
0.004 0 0 0.1 0 0 0 0.4 0 0 0 0 0 0 0
0.004 0 0 0.1 0 0 0 0.45 0 0 0 0 0 0 0
0.004 0 0 0.1 0 0 0 0.5 0 0 0 0 0 0 0
0.004 0 0 0.1 0 0 0 0.55 0 0 0 0 0 0 0
0.004 0 0 0.1 0 0 0 0.6 0 0 0 0 0 0 0
0.004 0 0 0.1 0 0 0 0.65 0 0 0 0 0 0 0
0.004 0 0 0.1 0 0 0 0.7 0 0 0 0 0 0 0
0.004 0 0 0.1 0 0 0 0.75 0 0 0 0 0 0 0
0.004 0 0 0.15 0 0 0 0.2 0 0 0 0 0 0 0
0.004 0 0 0.15 0 0 0 0.25 0 0 0 0 0 0 0
0.004 0 0 0.15 0 0 0 0.3 0 0 0 0 0 0 0
0.004 0 0 0.15 0 0 0 0.35 0 0 0 0 0 0 0
0.004 0 0 0.15 0 0 0 0.4 0 0 0 0 0 0 0
0.004 0 0 0.15 0 0 0 0.45 0 0 0 0 0 0 0
0.004 0 0 0.15 0 0 0 0.5 0 0 0 0 0 0 0
0.004 0 0 0.15 0 0 0 0.55 0 0 0 0 0 0 0
0.004 0 0 0.15 0 0 0 0.6 0 0 0 0 0 0 0
0.004 0 0 0.15 0 0 0 0.65 0 0 0 0 0 0 0
0.004 0 0 0.15 0 0 0 0.7 0 0 0 0 0 0 0
0.004 0 0 0.15 0 0 0 0.75 0 0 0 0 0 0 0
0.004 0 0 0.2 0 0 0 0.2 0 0 0 0 0 0 0
0.004 0 0 0.2 0 0 0 0.25 0 0 0 0 0 0 0
0.004 0 0 0.2 0 0 0 0.3 0 0 0 0 0 0 0
0.004 0 0 0.2 0 0 0 0.35 0 0 0 0 0 0 0
0.004 0 0 0.2 0 0 0 0.4 0 0 0 0 0 0 0
0.004 0 0 0.2 0 0 0 0.45 0 0 0 0 0 0 0
0.004 0 0 0.2 0 0 0 0.5 0 0 0 0 0 0 0
0.004 0 0 0.2 0 0 0 0.55 0 0 0 0 0 0 0
0.004 0 0 0.2 0 0 0 0.6 0 0 0 0 0 0 0
0.004 0 0 0.2 0 0 0 0.65 0 0 0 0 0 0 0
0.004 0 0 0.2 0 0 0 0.7 0 0 0 0 0 0 0
0.004 0 0 0.2 0 0 0 0.75 0 0 0 0 0 0 0
0.004 0 0 0.3 0 0 0 0.2 0 0 2.37285 0.000293128 0.000293128 1.41696e-08 1.41696e-08
0.004 0 0 0.3 0 0 0 0.25 0 0 1.63461 0.000190284 0.000190284 9.38553e-09 9.38553e-09
0.004 0 0 0.3 0 0 0 0.3 0 0 1.16494 0.000142931 0.000142931 7.33233e-09 7.33233e-09
0.004 0 0 0.3 0 0 0 0.35 0 0 0.808198 0.000100819 0.000100819 5.27815e-09 5.27815e-09
0.004 0 0 0.3 0 0 0 0.4 0 0 0.602371 7.70986e-05 7.70986e-05 4.26253e-09 4.26253e-09
0.004 0 0 0.3 0 0 0 0.45 0 0 0.440384 5.89794e-05 5.89794e-05 3.38158e-09 3.38158e-09
0.004 0 0 0.3 0 0 0 0.5 0 0 0.336134 6.67414e-05 6.67414e-05 4.16561e-09 4.16561e-09
0.004 0 0 0.3 0 0 0 0.55 0 0 0.263904 9.61244e-05 9.61244e-05 6.92861e-09 6.92861e-09
0.004 0 0 0.3 0 0 0 0.6 0 0 0.167939 0.000123949 0.000123949 8.52155e-09 8.52155e-09
0.004 0 0 0.3 0 0 0 0.65 0 0 0.173895 0.000609784 0.000609784 5.54516e-08 5.54516e-08
0.004 0 0 0.3 0 0 0 0.7 0 0 0 0 0 0 0
0.004 0 0 0.3 0 0 0 0.75 0 0 0 0 0 0 0
0.004 0 0 0.5 0 0 0 0.2 0 0 2.32989 0.000152922 0.000152922 6.67707e-09 6.67707e-09
0.004 0 0 0.5 0 0 0 0.25 0 0 1.57631 0.00011177 0.00011177 4.90819e-09 4.90819e-09
0.004 0 0 0.5 0 0 0 0.3 0 0 1.12037 8.43523e-05 8.43523e-05 3.87966e-09 3.87966e-09
0.004 0 0 0.5 0 0 0 0.35 0 0 0.787117 8.97712e-05 8.97712e-05 4.31879e-09 4.31879e-09
0.004 0 0 0.5 0 0 0 0.4 0 0 0.617109 0.000157348 0.000157348 8.52276e-09 8.52276e-09
0.004 0 0 0.5 0 0 0 0.45 0 0 0 0 0 0 0
0.004 0 0 0.5 0 0 0 0.5 0 0 0 0 0 0 0
0.004 0 0 0.5 0 0 0 0.55 0 0 0 0 0 0 0
0.004 0 0 0.5 0 0 0 0.6 0 0 0 0 0 0 0
0.004 0 0 0.5 0 0 0 0.65 0 0 0 0 0 0 0
0.004 0 0 0.5 0 0 0 0.7 0 0 0 0 0 0 0
0.004 0 0 0.5 0 0 0 0.75 0 0 0 0 0 0 0
0.004 0 0 0.7 0 0 0 0.2 0 0 0 0 0 0 0
0.004 0 0 0.7 0 0 0 0.25 0 0 0 0 0 0 0
0.004 0 0 0.7 0 0 0 0.3 0 0 0 0 0 0 0
0.004 0 0 0.7 0 0 0 0.35 0 0 0 0 0 0 0
0.004 0 0 0.7 0 0 0 0.4 0 0 0 0 0 0 0
0.004 0 0 0.7 0 0 0 0.45 0 0 0 0 0 0 0
0.004 0 0 0.7 0 0 0 0.5 0 0 0 0 0 0 0
0.004 0 0 0.7 0 0 0 0.55 0 0 0 0 0 0 0
0.004 0 0 0.7 0 0 0 0.6 0 0 0 0 0 0 0
0.004 0 0 0.7 0 0 0 0.65 0 0 0 0 0 0 0
0.004 0 0 0.7 0 0 0 0.7 0 0 0 0 0 0 0
0.004 0 0 0.7 0 0 0 0.75 0 0 0 0 0 0 0
0.01 0 0 0.1 0 0 0 0.2 0 0 0 0 0 0 0
0.01 0 0 0.1 0 0 0 0.25 0 0 0 0 0 0 0
0.01 0 0 0.1 0 0 0 0.3 0 0 0 0 0 0 0
0.01 0 0 0.1 0 0 0 0.35 0 0 0 0 0 0 0
0.01 0 0 0.1 0 0 0 0.4 0 0 0 0 0 0 0
0.01 0 0 0.1 0 0 0 0.45 0 0 0 0 0 0 0
0.01 0 0 0.1 0 0 0 0.5 0 0 0 0 0 0 0
0.01 0 0 0.1 0 0 0 0.55 0 0 0 0 0 0 0
0.01 0 0 0.1 0 0 0 0.6 0 0 0 0 0 0 0
0.01 0 0 0.1 0 0 0 0.65 0 0 0 0 0 0 0
0.01 0 0 0.1 0 0 0 0.7 0 0 0 0 0 0 0
0.01 0 0 0.1 0 0 0 0.75 0 0 0 0 0 0 0
0.01 0 0 0.15 0 0 0 0.2 0 0 0 0 0 0 0
0.01 0 0 0.15 0 0 0 0.25 0 0 0 0 0 0 0
0.01 0 0 0.15 0 0 0 0.3 0 0 0 0 0 0 0
0.01 0 0 0.15 0 0 0 0.35 0 0 0 0 0 0 0
0.01 0 0 0.15 0 0 0 0.4 0 0 0.681888 0.000583402 0.000583402 4.73511e-08 4.73511e-08
0.01 0 0 0.15 0 0 0 0.45 0 0 0.496216 0.00021586 0.00021586 1.53711e-08 1.53711e-08
0.01 0 0 0.15 0 0 0 0.5 0 0 0.376847 0.000171257 0.000171257 1.20803e-08 1.20803e-08
0.01 0 0 0.15 0 0 0 0.55 0 0 0.248909 9.76146e-05 9.76146e-05 6.97488e-09 6.97488e-09
0.01 0 0 0.15 0 0 0 0.6 0 0 0.210465 7.91671e-05 7.91671e-05 6.59379e-09 6.59379e-09
0.01 0 0 0.15 0 0 0 0.65 0 0 0.158373 6.0492e-05 6.0492e-05 5.26273e-09 5.26273e-09
0.01 0 0 0.15 0 0 0 0.7 0 0 0.118805 4.03758e-05 4.03758e-05 4.40468e-09 4.40468e-09
0.01 0 0 0.15 0 0 0 0.75 0 0 0.0728363 1.05508e-05 1.05508e-05 1.102e-09 1.102e-09
0.01 0 0 0.2 0 0 0 0.2 0 0 0 0 0 0 0
0.01 0 0 0.2 0 0 0 0.25 0 0 0 0 0 0 0
0.01 0 0 0.2 0 0 0 0.3 0 0 1.19345 0.000112411 0.000112411 5.99528e-09 5.99528e-09
0.01 0 0 0.2 0 0 0 0.35 0 0 0.85882 4.93084e-05 4.93084e-05 2.66599e-09 2.66599e-09
0.01 0 0 0.2 0 0 0 0.4 0 0 0.621271 3.11717e-05 3.11717e-05 1.75858e-09 1.75858e-09
0.01 0 0 0.2 0 0 0 0.45 0 0 0.46197 2.30956e-05 2.30956e-05 1.36399e-09 1.36399e-09
0.01 0 0 0.2 0 0 0 0.5 0 0 0.344967 1.70605e-05 1.70605e-05 1.03697e-09 1.03697e-09
0.01 0 0 0.2 0 0 0 0.55 0 0 0.265076 1.31682e-05 1.31682e-05 8.65092e-10 8.65092e-10
0.01 0 0 0.2 0 0 0 0.6 0 0 0.195483 9.30639e-06 9.30639e-06 6.46742e-10 6.46742e-10
0.01 0 0 0.2 0 0 0 0.65 0 0 0.150892 6.9736e-06 6.9736e-06 5.30667e-10 5.30667e-10
0.01 0 0 0.2 0 0 0 0.7 0 0 0.120388 5.34424e-06 5.34424e-06 4.81879e-10 4.81879e-10
0.01 0 0 0.2 0 0 0 0.75 0 0 0.0729787 1.36658e-06 1.36658e-06 1.57245e-10 1.57245e-10
0.01 0 0 0.3 0 0 0 0.2 0 0 2.3857 0.000142267 0.000142267 6.22352e-09 6.22352e-09
0.01 0 0 0.3 0 0 0 0.25 0 0 1.62329 5.07685e-05 5.07685e-05 2.29857e-09 2.29857e-09
0.01 0 0 0.3 0 0 0 0.3 0 0 1.14234 3.53628e-05 3.53628e-05 1.6246e-09 1.6246e-09
0.01 0 0 0.3 0 0 0 0.35 0 0 0.82645 2.66697e-05 2.66697e-05 1.25551e-09 1.25551e-09
0.01 0 0 0.3 0 0 0 0.4 0 0 0.588682 1.90792e-05 1.90792e-05 9.3055e-10 9.3055e-10
0.01 0 0 0.3 0 0 0 0.45 0 0 0.442379 1.47537e-05 1.47537e-05 7.70758e-10 7.70758e-10
0.01 0 0 0.3 0 0 0 0.5 0 0 0.336667 1.27301e-05 1.27301e-05 7.19989e-10 7.19989e-10
0.01 0 0 0.3 0 0 0 0.55 0 0 0.260431 1.1679e-05 1.1679e-05 7.28423e-10 7.28423e-10
0.01 0 0 0.3 0 0 0 0.6 0 0 0.193898 1.05452e-05 1.05452e-05 7.22772e-10 7.22772e-10
0.01 0 0 0.3 0 0 0 0.65 0 0 0.140247 1.00529e-05 1.00529e-05 7.44168e-10 7.44168e-10
0.01 0 0 0.3 0 0 0 0.7 0 0 0.110106 1.19479e-05 1.19479e-05 1.11046e-09 1.11046e-09
0.01 0 0 0.3 0 0 0 0.75 0 0 0.0827716 5.42574e-05 5.42574e-05 7.69691e-09 7.69691e-09
0.01 0 0 0.5 0 0 0 0.2 0 0 2.36046 0.000187388 0.000187388 7.25854e-09 7.25854e-09
0.01 0 0 0.5 0 0 0 0.25 0 0 1.60224 0.000137185 0.000137185 5.26783e-09 5.26783e-09
0.01 0 0 0.5 0 0 0 0.3 0 0 1.11216 9.97534e-05 9.97534e-05 3.9631e-09 3.9631e-09
0.01 0 0 0.5 0 0 0 0.35 0 0 0.792352 9.69526e-05 9.69526e-05 3.92418e-09 3.92418e-09
0.01 0 0 0.5 0 0 0 0.4 0 0 0.598098 0.000136648 0.000136648 6.23857e-09 6.23857e-09
0.01 0 0 0.5 0 0 0 0.45 0 0 0 0 0 0 0
0.01 0 0 0.5 0 0 0 0.5 0 0 0 0 0 0 0
0.01 0 0 0.5 0 0 0 0.55 0 0 0 0 0 0 0
0.01 0 0 0.5 0 0 0 0.6 0 0 0 0 0 0 0
0.01 0 0 0.5 0 0 0 0.65 0 0 0 0 0 0 0
0.01 0 0 0.5 0 0 0 0.7 0 0 0 0 0 0 0
0.01 0 0 0.5 0 0 0 0.75 0 0 0 0 0 0 0
0.01 0 0 0.7 0 0 0 0.2 0 0 0 0 0 0 0
0.01 0 0 0.7 0 0 0 0.25 0 0 0 0 0 0 0
0.01 0 0 0.7 0 0 0 0.3 0 0 0 0 0 0 0
0.01 0 0 0.7 0 0 0 0.35 0 0 0 0 0 0 0
0.01 0 0 0.7 0 0 0 0.4 0 0 0 0 0 0 0
0.01 0 0 0.7 0 0 0 0.45 0 0 0 0 0 0 0
0.01 0 0 0.7 0 0 0 0.5 0 0 0 0 0 0 0
0.01 0 0 0.7 0 0 0 0.55 0 0 0 0 0 0 0
0.01 0 0 0.7 0 0 0 0.6 0 0 0 0 0 0 0
0.01 0 0 0.7 0 0 0 0.65 0 0 0 0 0 0 0
0.01 0 0 0.7 0 0 0 0.7 0 0 0 0 0 0 0
0.01 0 0 0.7 0 0 0 0.75 0 0 0 0 0 0 0
0.02 0 0 0.1 0 0 0 0.2 0 0 0 0 0 0 0
0.02 0 0 0.1 0 0 0 0.25 0 0 0 0 0 0 0
0.02 0 0 0.1 0 0 0 0.3 0 0 0 0 0 0 0
0.02 0 0 0.1 0 0 0 0.35 0 0 0 0 0 0 0
0.02 0 0 0.1 0 0 0 0.4 0 0 0 0 0 0 0
0.02 0 0 0.1 0 0 0 0.45 0 0 0 0 0 0 0
0.02 0 0 0.1 0 0 0 0.5 0 0 0 0 0 0 0
0.02 0 0 0.1 0 0 0 0.55 0 0 0.270637 8.17581e-05 8.17581e-05 5.69415e-09 5.69415e-09
0.02 0 0 0.1 0 0 0 0.6 0 0 0.196787 3.48156e-05 3.48156e-05 2.37073e-09 2.37073e-09
0.02 0 0 0.1 0 0 0 0.65 0 0 0.157082 2.18664e-05 2.18664e-05 1.56326e-09 1.56326e-09
0.02 0 0 0.1 0 0 0 0.7 0 0 0.112898 1.39543e-05 1.39543e-05 1.23281e-09 1.23281e-09
0.02 0 0 0.1 0 0 0 0.75 0 0 0.0777968 4.05474e-06 4.05474e-06 3.8015e-10 3.8015e-10
0.02 0 0 0.15 0 0 0 0.2 0 0 0 0 0 0 0
0.02 0 0 0.15 0 0 0 0.25 0 0 0 0 0 0 0
0.02 0 0 0.15 0 0 0 0.3 0 0 0 0 0 0 0
0.02 0 0 0.15 0 0 0 0.35 0 0 0 0 0 0 0
0.02 0 0 0.15 0 0 0 0.4 0 0 0.666862 0.000263877 0.000263877 1.72698e-08 1.72698e-08
0.02 0 0 0.15 0 0 0 0.45 0 0 0.487726 5.42917e-05 5.42917e-05 3.48777e-09 3.48777e-09
0.02 0 0 0.15 0 0 0 0.5 0 0 0.361244 2.58893e-05 2.58893e-05 1.72335e-09 1.72335e-09
0.02 0 0 0.15 0 0 0 0.55 0 0 0.270936 1.74548e-05 1.74548e-05 1.15837e-09 1.15837e-09
0.02 0 0 0.15 0 0 0 0.6 0 0 0.206064 1.29923e-05 1.29923e-05 9.17735e-10 9.17735e-10
0.02 0 0 0.15 0 0 0 0.65 0 0 0.143566 8.19806e-06 8.19806e-06 5.88134e-10 5.88134e-10
0.02 0 0 0.15 0 0 0 0.7 0 0 0.114356 6.47434e-06 6.47434e-06 5.55706e-10 5.55706e-10
0.02 0 0 0.15 0 0 0 0.75 0 0 0.0728269 1.63649e-06 1.63649e-06 1.66492e-10 1.66492e-10
0.02 0 0 0.2 0 0 0 0.2 0 0 0 0 0 0 0
0.02 0 0 0.2 0 0 0 0.25 0 0 0 0 0 0 0
0.02 0 0 0.2 0 0 0 0.3 0 0 1.14392 0.000178275 0.000178275 8.88836e-09 8.88836e-09
0.02 0 0 0.2 0 0 0 0.35 0 0 0.847997 6.69437e-05 6.69437e-05 3.47846e-09 3.47846e-09
0.02 0 0 0.2 0 0 0 0.4 0 0 0.607498 3.61302e-05 3.61302e-05 1.89691e-09 1.89691e-09
0.02 0 0 0.2 0 0 0 0.45 0 0 0.452695 2.7259e-05 2.7259e-05 1.48715e-09 1.48715e-09
0.02 0 0 0.2 0 0 0 0.5 0 0 0.334638 1.9917e-05 1.9917e-05 1.14631e-09 1.14631e-09
0.02 0 0 0.2 0 0 0 0.55 0 0 0.262691 1.5445e-05 1.5445e-05 9.62353e-10 9.62353e-10
0.02 0 0 0.2 0 0 0 0.6 0 0 0.188969 1.09668e-05 1.09668e-05 6.66945e-10 6.66945e-10
0.02 0 0 0.2 0 0 0 0.65 0 0 0.140191 7.66852e-06 7.66852e-06 5.25382e-10 5.25382e-10
0.02 0 0 0.2 0 0 0 0.7 0 0 0.111327 6.15375e-06 6.15375e-06 4.71025e-10 4.71025e-10
0.02 0 0 0.2 0 0 0 0.75 0 0 0.0722027 1.69795e-06 1.69795e-06 1.74137e-10 1.74137e-10
0.02 0 0 0.3 0 0 0 0.2 0 0 2.34387 0.000379212 0.000379212 1.51424e-08 1.51424e-08
0.02 0 0 0.3 0 0 0 0.25 0 0 1.63947 0.00013644 0.00013644 5.64802e-09 5.64802e-09
0.02 0 0 0.3 0 0 0 0.3 0 0 1.15461 9.44921e-05 9.44921e-05 3.89895e-09 3.89895e-09
0.02 0 0 0.3 0 0 0 0.35 0 0 0.797495 6.61797e-05 6.61797e-05 2.66342e-09 2.66342e-09
0.02 0 0 0.3 0 0 0 0.4 0 0 0.584852 4.95056e-05 4.95056e-05 2.04561e-09 2.04561e-09
0.02 0 0 0.3 0 0 0 0.45 0 0 0.422533 3.65502e-05 3.65502e-05 1.48831e-09 1.48831e-09
0.02 0 0 0.3 0 0 0 0.5 0 0 0.305305 2.94446e-05 2.94446e-05 1.22959e-09 1.22959e-09
0.02 0 0 0.3 0 0 0 0.55 0 0 0.236101 2.70747e-05 2.70747e-05 1.20614e-09 1.20614e-09
0.02 0 0 0.3 0 0 0 0.6 0 0 0.185313 2.64333e-05 2.64333e-05 1.34392e-09 1.34392e-09
0.02 0 0 0.3 0 0 0 0.65 0 0 0.137014 2.45929e-05 2.45929e-05 1.43991e-09 1.43991e-09
0.02 0 0 0.3 0 0 0 0.7 0 0 0.107392 3.01846e-05 3.01846e-05 2.00335e-09 2.00335e-09
0.02 0 0 0.3 0 0 0 0.75 0 0 0.0761694 0.000101219 0.000101219 1.36854e-08 1.36854e-08
0.02 0 0 0.5 0 0 0 0.2 0 0 2.34771 0.000551899 0.000551899 1.93328e-08 1.93328e-08
0.02 0 0 0.5 0 0 0 0.25 0 0 1.60847 0.000403088 0.000403088 1.39398e-08 1.39398e-08
0.02 0 0 0.5 0 0 0 0.3 0 0 1.11217 0.000295824 0.000295824 9.97672e-09 9.97672e-09
0.02 0 0 0.5 0 0 0 0.35 0 0 0.804518 0.000283173 0.000283173 1.00031e-08 1.00031e-08
0.02 0 0 0.5 0 0 0 0.4 0 0 0.530025 0.000333512 0.000333512 1.12036e-08 1.12036e-08
0.02 0 0 0.5 0 0 0 0.45 0 0 0 0 0 0 0
0.02 0 0 0.5 0 0 0 0.5 0 0 0 0 0 0 0
0.02 0 0 0.5 0 0 0 0.55 0 0 0 0 0 0 0
0.02 0 0 0.5 0 0 0 0.6 0 0 0 0 0 0 0
0.02 0 0 0.5 0 0 0 0.65 0 0 0 0 0 0 0
0.02 0 0 0.5 0 0 0 0.7 0 0 0 0 0 0 0
0.02 0 0 0.5 0 0 0 0.75 0 0 0 0 0 0 0
0.02 0 0 0.7 0 0 0 0.2 0 0 0 0 0 0 0
0.02 0 0 0.7 0 0 0 0.25 0 0 0 0 0 0 0
0.02 0 0 0.7 0 0 0 0.3 0 0 0 0 0 0 0
0.02 0 0 0.7 0 0 0 0.35 0 0 0 0 0 0 0
0.02 0 0 0.7 0 0 0 0.4 0 0 0 0 0 0 0
0.02 0 0 0.7 0 0 0 0.45 0 0 0 0 0 0 0
0.02 0 0 0.7 0 0 0 0.5 0 0 0 0 0 0 0
0.02 0 0 0.7 0 0 0 0.55 0 0 0 0 0 0 0
0.02 0 0 0.7 0 0 0 0.6 0 0 0 0 0 0 0
0.02 0 0 0.7 0 0 0 0.65 0 0 0 0 0 0 0
0.02 0 0 0.7 0 0 0 0.7 0 0 0 0 0 0 0
0.02 0 0 0.7 0 0 0 0.75 0 0 0 0 0 0 0
0.03 0 0 0.1 0 0 0 0.2 0 0 0 0 0 0 0
0.03 0 0 0.1 0 0 0 0.25 0 0 0 0 0 0 0
0.03 0 0 0.1 0 0 0 0.3 0 0 0 0 0 0 0
0.03 0 0 0.1 0 0 0 0.35 0 0 0 0 0 0 0
0.03 0 0 0.1 0 0 0 0.4 0 0 0 0 0 0 0
0.03 0 0 0.1 0 0 0 0.45 0 0 0 0 0 0 0
0.03 0 0 0.1 0 0 0 0.5 0 0 0 0 0 0 0
0.03 0 0 0.1 0 0 0 0.55 0 0 0.248115 8.17371e-05 8.17371e-05 4.99758e-09 4.99758e-09
0.03 0 0 0.1 0 0 0 0.6 0 0 0.191059 2.76768e-05 2.76768e-05 1.80007e-09 1.80007e-09
0.03 0 0 0.1 0 0 0 0.65 0 0 0.150651 1.40592e-05 1.40592e-05 9.40191e-10 9.40191e-10
0.03 0 0 0.1 0 0 0 0.7 0 0 0.110964 7.15477e-06 7.15477e-06 5.034e-10 5.034e-10
0.03 0 0 0.1 0 0 0 0.75 0 0 0.0764565 1.82743e-06 1.82743e-06 1.52057e-10 1.52057e-10
0.03 0 0 0.15 0 0 0 0.2 0 0 0 0 0 0 0
0.03 0 0 0.15 0 0 0 0.25 0 0 0 0 0 0 0
0.03 0 0 0.15 0 0 0 0.3 0 0 0 0 0 0 0
0.03 0 0 0.15 0 0 0 0.35 0 0 0 0 0 0 0
0.03 0 0 0.15 0 0 0 0.4 0 0 0.607631 0.000432033 0.000432033 2.67512e-08 2.67512e-08
0.03 0 0 0.15 0 0 0 0.45 0 0 0.448841 9.25209e-05 9.25209e-05 5.47878e-09 5.47878e-09
0.03 0 0 0.15 0 0 0 0.5 0 0 0.321104 3.92239e-05 3.92239e-05 2.22187e-09 2.22187e-09
0.03 0 0 0.15 0 0 0 0.55 0 0 0.262377 3.03945e-05 3.03945e-05 1.81137e-09 1.81137e-09
0.03 0 0 0.15 0 0 0 0.6 0 0 0.194806 2.14122e-05 2.14122e-05 1.42316e-09 1.42316e-09
0.03 0 0 0.15 0 0 0 0.65 0 0 0.146441 1.53659e-05 1.53659e-05 1.02238e-09 1.02238e-09
0.03 0 0 0.15 0 0 0 0.7 0 0 0.114382 1.13333e-05 1.13333e-05 8.16406e-10 8.16406e-10
0.03 0 0 0.15 0 0 0 0.75 0 0 0.0696809 2.82934e-06 2.82934e-06 2.50627e-10 2.50627e-10
0.03 0 0 0.2 0 0 0 0.2 0 0 0 0 0 0 0
0.03 0 0 0.2 0 0 0 0.25 0 0 0 0 0 0 0
0.03 0 0 0.2 0 0 0 0.3 0 0 1.15432 0.000360104 0.000360104 1.69471e-08 1.69471e-08
0.03 0 0 0.2 0 0 0 0.35 0 0 0.795778 0.000119055 0.000119055 5.48634e-09 5.48634e-09
0.03 0 0 0.2 0 0 0 0.4 0 0 0.595435 7.00563e-05 7.00563e-05 3.29998e-09 3.29998e-09
0.03 0 0 0.2 0 0 0 0.45 0 0 0.42856 4.96756e-05 4.96756e-05 2.56548e-09 2.56548e-09
0.03 0 0 0.2 0 0 0 0.5 0 0 0.308132 3.4578e-05 3.4578e-05 1.76099e-09 1.76099e-09
0.03 0 0 0.2 0 0 0 0.55 0 0 0.22781 2.56106e-05 2.56106e-05 1.33322e-09 1.33322e-09
0.03 0 0 0.2 0 0 0 0.6 0 0 0.184695 2.12592e-05 2.12592e-05 1.16756e-09 1.16756e-09
0.03 0 0 0.2 0 0 0 0.65 0 0 0.128409 1.38624e-05 1.38624e-05 7.83789e-10 7.83789e-10
0.03 0 0 0.2 0 0 0 0.7 0 0 0.10394 1.13252e-05 1.13252e-05 7.80398e-10 7.80398e-10
0.03 0 0 0.2 0 0 0 0.75 0 0 0.0668871 3.25927e-06 3.25927e-06 2.80904e-10 2.80904e-10
0.03 0 0 0.3 0 0 0 0.2 0 0 2.35142 0.000738468 0.000738468 2.92325e-08 2.92325e-08
0.03 0 0 0.3 0 0 0 0.25 0 0 1.59978 0.000251722 0.000251722 9.7348e-09 9.7348e-09
0.03 0 0 0.3 0 0 0 0.3 0 0 1.12828 0.000179814 0.000179814 7.08159e-09 7.08159e-09
0.03 0 0 0.3 0 0 0 0.35 0 0 0.761288 0.000119454 0.000119454 4.57031e-09 4.57031e-09
0.03 0 0 0.3 0 0 0 0.4 0 0 0.548862 8.91161e-05 8.91161e-05 3.26622e-09 3.26622e-09
0.03 0 0 0.3 0 0 0 0.45 0 0 0.41743 7.04247e-05 7.04247e-05 2.66527e-09 2.66527e-09
0.03 0 0 0.3 0 0 0 0.5 0 0 0.298287 5.67249e-05 5.67249e-05 2.09043e-09 2.09043e-09
0.03 0 0 0.3 0 0 0 0.55 0 0 0.213225 4.88689e-05 4.88689e-05 1.94289e-09 1.94289e-09
0.03 0 0 0.3 0 0 0 0.6 0 0 0.157634 4.21312e-05 4.21312e-05 1.80249e-09 1.80249e-09
0.03 0 0 0.3 0 0 0 0.65 0 0 0.125334 4.65303e-05 4.65303e-05 1.99161e-09 1.99161e-09
0.03 0 0 0.3 0 0 0 0.7 0 0 0.102039 5.33731e-05 5.33731e-05 2.8955e-09 2.8955e-09
0.03 0 0 0.3 0 0 0 0.75 0 0 0.0605788 0.000147678 0.000147678 1.44595e-08 1.44595e-08
0.03 0 0 0.5 0 0 0 0.2 0 0 2.40513 0.00119023 0.00119023 4.02477e-08 4.02477e-08
0.03 0 0 0.5 0 0 0 0.25 0 0 1.61941 0.000854081 0.000854081 2.80393e-08 2.80393e-08
0.03 0 0 0.5 0 0 0 0.3 0 0 1.07101 0.000582206 0.000582206 1.94403e-08 1.94403e-08
0.03 0 0 0.5 0 0 0 0.35 0 0 0.742789 0.000542186 0.000542186 1.81138e-08 1.81138e-08
0.03 0 0 0.5 0 0 0 0.4 0 0 0.583082 0.000792439 0.000792439 2.73203e-08 2.73203e-08
0.03 0 0 0.5 0 0 0 0.45 0 0 0 0 0 0 0
0.03 0 0 0.5 0 0 0 0.5 0 0 0 0 0 0 0
0.03 0 0 0.5 0 0 0 0.55 0 0 0 0 0 0 0
0.03 0 0 0.5 0 0 0 0.6 0 0 0 0 0 0 0
0.03 0 0 0.5 0 0 0 0.65 0 0 0 0 0 0 0
0.03 0 0 0.5 0 0 0 0.7 0 0 0 0 0 0 0
0.03 0 0 0.5 0 0 0 0.75 0 0 0 0 0 0 0
0.03 0 0 0.7 0 0 0 0.2 0 0 0 0 0 0 0
0.03 0 0 0.7 0 0 0 0.25 0 0 0 0 0 0 0
0.03 0 0 0.7 0 0 0 0.3 0 0 0 0 0 0 0
0.03 0 0 0.7 0 0 0 0.35 0 0 0 0 0 0 0
0.03 0 0 0.7 0 0 0 0.4 0 0 0 0 0 0 0
0.03 0 0 0.7 0 0 0 0.45 0 0 0 0 0 0 0
0.03 0 0 0.7 0 0 0 0.5 0 0 0 0 0 0 0
0.03 0 0 0.7 0 0 0 0.55 0 0 0 0 0 0 0
0.03 0 0 0.7 0 0 0 0.6 0 0 0 0 0 0 0
0.03 0 0 0.7 0 0 0 0.65 0 0 0 0 0 0 0
0.03 0 0 0.7 0 0 0 0.7 0 0 0 0 0 0 0
0.03 0 0 0.7 0 0 0 0.75 0 0 0 0 0 0 0
0.04 0 0 0.1 0 0 0 0.2 0 0 0 0 0 0 0
0.04 0 0 0.1 0 0 0 0.25 0 0 0 0 0 0 0
0.04 0 0 0.1 0 0 0 0.3 0 0 0 0 0 0 0
0.04 0 0 0.1 0 0 0 0.35 0 0 0 0 0 0 0
0.04 0 0 0.1 0 0 0 0.4 0 0 0 0 0 0 0
0.04 0 0 0.1 0 0 0 0.45 0 0 0 0 0 0 0
0.04 0 0 0.1 0 0 0 0.5 0 0 0 0 0 0 0
0.04 0 0 0.1 0 0 0 0.55 0 0 0.250771 8.53223e-05 8.53223e-05 5.38532e-09 5.38532e-09
0.04 0 0 0.1 0 0 0 0.6 0 0 0.1791 2.64166e-05 2.64166e-05 1.49483e-09 1.49483e-09
0.04 0 0 0.1 0 0 0 0.65 0 0 0.143093 1.33431e-05 1.33431e-05 7.9799e-10 7.9799e-10
0.04 0 0 0.1 0 0 0 0.7 0 0 0.111823 7.59538e-06 7.59538e-06 4.71047e-10 4.71047e-10
0.04 0 0 0.1 0 0 0 0.75 0 0 0.0697641 1.52543e-06 1.52543e-06 1.08958e-10 1.08958e-10
0.04 0 0 0.15 0 0 0 0.2 0 0 0 0 0 0 0
0.04 0 0 0.15 0 0 0 0.25 0 0 0 0 0 0 0
0.04 0 0 0.15 0 0 0 0.3 0 0 0 0 0 0 0
0.04 0 0 0.15 0 0 0 0.35 0 0 0 0 0 0 0
0.04 0 0 0.15 0 0 0 0.4 0 0 0.622037 0.000448675 0.000448675 2.72401e-08 2.72401e-08
0.04 0 0 0.15 0 0 0 0.45 0 0 0.435262 9.08035e-05 9.08035e-05 4.79886e-09 4.79886e-09
0.04 0 0 0.15 0 0 0 0.5 0 0 0.325245 4.0343e-05 4.0343e-05 2.12146e-09 2.12146e-09
0.04 0 0 0.15 0 0 0 0.55 0 0 0.234383 2.5742e-05 2.5742e-05 1.35181e-09 1.35181e-09
0.04 0 0 0.15 0 0 0 0.6 0 0 0.17989 1.86519e-05 1.86519e-05 1.08437e-09 1.08437e-09
0.04 0 0 0.15 0 0 0 0.65 0 0 0.129049 1.33469e-05 1.33469e-05 7.76056e-10 7.76056e-10
0.04 0 0 0.15 0 0 0 0.7 0 0 0.102694 1.01785e-05 1.01785e-05 6.33509e-10 6.33509e-10
0.04 0 0 0.15 0 0 0 0.75 0 0 0.0662915 2.88606e-06 2.88606e-06 2.11992e-10 2.11992e-10
0.04 0 0 0.2 0 0 0 0.2 0 0 0 0 0 0 0
0.04 0 0 0.2 0 0 0 0.25 0 0 0 0 0 0 0
0.04 0 0 0.2 0 0 0 0.3 0 0 1.11631 0.00034995 0.00034995 1.58307e-08 1.58307e-08
0.04 0 0 0.2 0 0 0 0.35 0 0 0.80421 0.000122512 0.000122512 5.34754e-09 5.34754e-09
0.04 0 0 0.2 0 0 0 0.4 0 0 0.57099 6.56034e-05 6.56034e-05 2.89475e-09 2.89475e-09
0.04 0 0 0.2 0 0 0 0.45 0 0 0.407942 4.68296e-05 4.68296e-05 2.10634e-09 2.10634e-09
0.04 0 0 0.2 0 0 0 0.5 0 0 0.282146 3.14097e-05 3.14097e-05 1.35627e-09 1.35627e-09
0.04 0 0 0.2 0 0 0 0.55 0 0 0.219583 2.53986e-05 2.53986e-05 1.18332e-09 1.18332e-09
0.04 0 0 0.2 0 0 0 0.6 0 0 0.163995 1.9027e-05 1.9027e-05 8.35331e-10 8.35331e-10
0.04 0 0 0.2 0 0 0 0.65 0 0 0.124044 1.40554e-05 1.40554e-05 6.68528e-10 6.68528e-10
0.04 0 0 0.2 0 0 0 0.7 0 0 0.0878779 9.45316e-06 9.45316e-06 4.70656e-10 4.70656e-10
0.04 0 0 0.2 0 0 0 0.75 0 0 0.0599336 2.99319e-06 2.99319e-06 2.02827e-10 2.02827e-10
0.04 0 0 0.3 0 0 0 0.2 0 0 2.25536 0.000746377 0.000746377 2.56445e-08 2.56445e-08
0.04 0 0 0.3 0 0 0 0.25 0 0 1.57301 0.000257963 0.000257963 9.24593e-09 9.24593e-09
0.04 0 0 0.3 0 0 0 0.3 0 0 1.08535 0.000169798 0.000169798 6.07239e-09 6.07239e-09
0.04 0 0 0.3 0 0 0 0.35 0 0 0.759196 0.000120945 0.000120945 4.21683e-09 4.21683e-09
0.04 0 0 0.3 0 0 0 0.4 0 0 0.540758 8.87164e-05 8.87164e-05 2.88089e-09 2.88089e-09
0.04 0 0 0.3 0 0 0 0.45 0 0 0.398783 6.66843e-05 6.66843e-05 2.25153e-09 2.25153e-09
0.04 0 0 0.3 0 0 0 0.5 0 0 0.2781 5.05535e-05 5.05535e-05 1.60331e-09 1.60331e-09
0.04 0 0 0.3 0 0 0 0.55 0 0 0.215057 4.78551e-05 4.78551e-05 1.67466e-09 1.67466e-09
0.04 0 0 0.3 0 0 0 0.6 0 0 0.160261 4.48491e-05 4.48491e-05 1.55009e-09 1.55009e-09
0.04 0 0 0.3 0 0 0 0.65 0 0 0.123145 4.47367e-05 4.47367e-05 1.83291e-09 1.83291e-09
0.04 0 0 0.3 0 0 0 0.7 0 0 0.0880613 4.5743e-05 4.5743e-05 2.261e-09 2.261e-09
0.04 0 0 0.3 0 0 0 0.75 0 0 0.0418448 0.000102624 0.000102624 5.55584e-09 5.55584e-09
0.04 0 0 0.5 0 0 0 0.2 0 0 2.31302 0.00114919 0.00114919 3.57178e-08 3.57178e-08
0.04 0 0 0.5 0 0 0 0.25 0 0 1.563 0.000814267 0.000814267 2.47537e-08 2.47537e-08
0.04 0 0 0.5 0 0 0 0.3 0 0 1.0663 0.000591433 0.000591433 1.73307e-08 1.73307e-08
0.04 0 0 0.5 0 0 0 0.35 0 0 0.727745 0.000546488 0.000546488 1.55074e-08 1.55074e-08
0.04 0 0 0.5 0 0 0 0.4 0 0 0.548128 0.000759948 0.000759948 2.6954e-08 2.6954e-08
0.04 0 0 0.5 0 0 0 0.45 0 0 0 0 0 0 0
0.04 0 0 0.5 0 0 0 0.5 0 0 0 0 0 0 0
0.04 0 0 0.5 0 0 0 0.55 0 0 0 0 0 0 0
0.04 0 0 0.5 0 0 0 0.6 0 0 0 0 0 0 0
0.04 0 0 0.5 0 0 0 0.65 0 0 0 0 0 0 0
0.04 0 0 0.5 0 0 0 0.7 0 0 0 0 0 0 0
0.04 0 0 0.5 0 0 0 0.75 0 0 0 0 0 0 0
0.04 0 0 0.7 0 0 0 0.2 0 0 0 0 0 0 0
0.04 0 0 0.7 0 0 0 0.25 0 0 0 0 0 0 0
0.04 0 0 0.7 0 0 0 0.3 0 0 0 0 0 0 0
0.04 0 0 0.7 0 0 0 0.35 0 0 0 0 0 0 0
0.04 0 0 0.7 0 0 0 0.4 0 0 0 0 0 0 0
0.04 0 0 0.7 0 0 0 0.45 0 0 0 0 0 0 0
0.04 0 0 0.7 0 0 0 0.5 0 0 0 0 0 0 0
0.04 0 0 0.7 0 0 0 0.55 0 0 0 0 0 0 0
0.04 0 0 0.7 0 0 0 0.6 0 0 0 0 0 0 0
0.04 0 0 0.7 0 0 0 0.65 0 0 0 0 0 0 0
0.04 0 0 0.7 0 0 0 0.7 0 0 0 0 0 0 0
0.04 0 0 0.7 0 0 0 0.75 0 0 0 0 0 0 0
0.06 0 0 0.1 0 0 0 0.2 0 0 0 0 0 0 0
0.06 0 0 0.1 0 0 0 0.25 0 0 0 0 0 0 0
0.06 0 0 0.1 0 0 0 0.3 0 0 0 0 0 0 0
0.06 0 0 0.1 0 0 0 0.35 0 0 0 0 0 0 0
0.06 0 0 0.1 0 0 0 0.4 0 0 0 0 0 0 0
0.06 0 0 0.1 0 0 0 0.45 0 0 0 0 0 0 0
0.06 0 0 0.1 0 0 0 0.5 0 0 0 0 0 0 0
0.06 0 0 0.1 0 0 0 0.55 0 0 0.2244 0.000102387 0.000102387 5.00296e-09 5.00296e-09
0.06 0 0 0.1 0 0 0 0.6 0 0 0.17002 3.54781e-05 3.54781e-05 1.73378e-09 1.73378e-09
0.06 0 0 0.1 0 0 0 0.65 0 0 0.124134 1.61489e-05 1.61489e-05 7.92888e-10 7.92888e-10
0.06 0 0 0.1 0 0 0 0.7 0 0 0.0958129 8.67924e-06 8.67924e-06 4.04996e-10 4.04996e-10
0.06 0 0 0.1 0 0 0 0.75 0 0 0.0632194 2.13023e-06 2.13023e-06 1.16699e-10 1.16699e-10
0.06 0 0 0.15 0 0 0 0.2 0 0 0 0 0 0 0
0.06 0 0 0.15 0 0 0 0.25 0 0 0 0 0 0 0
0.06 0 0 0.15 0 0 0 0.3 0 0 0 0 0 0 0
0.06 0 0 0.15 0 0 0 0.35 0 0 0 0 0 0 0
0.06 0 0 0.15 0 0 0 0.4 0 0 0.591837 0.000573832 0.000573832 2.82045e-08 2.82045e-08
0.06 0 0 0.15 0 0 0 0.45 0 0 0.405714 0.000113194 0.000113194 5.18628e-09 5.18628e-09
0.06 0 0 0.15 0 0 0 0.5 0 0 0.270215 4.32141e-05 4.32141e-05 1.8163e-09 1.8163e-09
0.06 0 0 0.15 0 0 0 0.55 0 0 0.21287 3.11866e-05 3.11866e-05 1.43193e-09 1.43193e-09
0.06 0 0 0.15 0 0 0 0.6 0 0 0.15632 2.25776e-05 2.25776e-05 1.1043e-09 1.1043e-09
0.06 0 0 0.15 0 0 0 0.65 0 0 0.117259 1.64805e-05 1.64805e-05 8.0292e-10 8.0292e-10
0.06 0 0 0.15 0 0 0 0.7 0 0 0.0847563 1.12543e-05 1.12543e-05 5.94636e-10 5.94636e-10
0.06 0 0 0.15 0 0 0 0.75 0 0 0.0507114 2.90276e-06 2.90276e-06 1.65498e-10 1.65498e-10
0.06 0 0 0.2 0 0 0 0.2 0 0 0 0 0 0 0
0.06 0 0 0.2 0 0 0 0.25 0 0 0 0 0 0 0
0.06 0 0 0.2 0 0 0 0.3 0 0 1.04298 0.00040257 0.00040257 1.66198e-08 1.66198e-08
0.06 0 0 0.2 0 0 0 0.35 0 0 0.739658 0.00014395 0.00014395 5.53811e-09 5.53811e-09
0.06 0 0 0.2 0 0 0 0.4 0 0 0.522307 7.95134e-05 7.95134e-05 3.12204e-09 3.12204e-09
0.06 0 0 0.2 0 0 0 0.45 0 0 0.372953 5.48846e-05 5.48846e-05 2.23951e-09 2.23951e-09
0.06 0 0 0.2 0 0 0 0.5 0 0 0.267199 3.90745e-05 3.90745e-05 1.44848e-09 1.44848e-09
0.06 0 0 0.2 0 0 0 0.55 0 0 0.19436 2.79768e-05 2.79768e-05 1.00968e-09 1.00968e-09
0.06 0 0 0.2 0 0 0 0.6 0 0 0.150474 2.17463e-05 2.17463e-05 8.43078e-10 8.43078e-10
0.06 0 0 0.2 0 0 0 0.65 0 0 0.113977 1.71324e-05 1.71324e-05 6.66439e-10 6.66439e-10
0.06 0 0 0.2 0 0 0 0.7 0 0 0.0789765 1.08524e-05 1.08524e-05 4.76283e-10 4.76283e-10
0.06 0 0 0.2 0 0 0 0.75 0 0 0.0464146 3.16593e-06 3.16593e-06 1.38885e-10 1.38885e-10
0.06 0 0 0.3 0 0 0 0.2 0 0 2.29187 0.00104501 0.00104501 3.44524e-08 3.44524e-08
0.06 0 0 0.3 0 0 0 0.25 0 0 1.52141 0.000339109 0.000339109 1.09542e-08 1.09542e-08
0.06 0 0 0.3 0 0 0 0.3 0 0 1.02472 0.00021582 0.00021582 6.69028e-09 6.69028e-09
0.06 0 0 0.3 0 0 0 0.35 0 0 0.724435 0.000155158 0.000155158 4.83825e-09 4.83825e-09
0.06 0 0 0.3 0 0 0 0.4 0 0 0.498414 0.000105844 0.000105844 3.17754e-09 3.17754e-09
0.06 0 0 0.3 0 0 0 0.45 0 0 0.355648 7.9022e-05 7.9022e-05 2.22596e-09 2.22596e-09
0.06 0 0 0.3 0 0 0 0.5 0 0 0.24953 6.20471e-05 6.20471e-05 1.77326e-09 1.77326e-09
0.06 0 0 0.3 0 0 0 0.55 0 0 0.176679 4.96493e-05 4.96493e-05 1.45818e-09 1.45818e-09
0.06 0 0 0.3 0 0 0 0.6 0 0 0.127453 4.45481e-05 4.45481e-05 1.30059e-09 1.30059e-09
0.06 0 0 0.3 0 0 0 0.65 0 0 0.0951637 4.27073e-05 4.27073e-05 1.47493e-09 1.47493e-09
0.06 0 0 0.3 0 0 0 0.7 0 0 0.0723839 5.28901e-05 5.28901e-05 1.64966e-09 1.64966e-09
0.06 0 0 0.3 0 0 0 0.75 0 0 0.0533673 0.000205218 0.000205218 1.34937e-08 1.34937e-08
0.06 0 0 0.5 0 0 0 0.2 0 0 2.35361 0.00143465 0.00143465 4.2402e-08 4.2402e-08
0.06 0 0 0.5 0 0 0 0.25 0 0 1.55173 0.000960259 0.000960259 2.83822e-08 2.83822e-08
0.06 0 0 0.5 0 0 0 0.3 0 0 1.07671 0.000707611 0.000707611 2.04382e-08 2.04382e-08
0.06 0 0 0.5 0 0 0 0.35 0 0 0.739833 0.000647732 0.000647732 1.89959e-08 1.89959e-08
0.06 0 0 0.5 0 0 0 0.4 0 0 0.457643 0.000755108 0.000755108 1.90228e-08 1.90228e-08
0.06 0 0 0.5 0 0 0 0.45 0 0 0 0 0 0 0
0.06 0 0 0.5 0 0 0 0.5 0 0 0 0 0 0 0
0.06 0 0 0.5 0 0 0 0.55 0 0 0 0 0 0 0
0.06 0 0 0.5 0 0 0 0.6 0 0 0 0 0 0 0
0.06 0 0 0.5 0 0 0 0.65 0 0 0 0 0 0 0
0.06 0 0 0.5 0 0 0 0.7 0 0 0 0 0 0 0
0.06 0 0 0.5 0 0 0 0.75 0 0 0 0 0 0 0
0.06 0 0 0.7 0 0 0 0.2 0 0 0 0 0 0 0
0.06 0 0 0.7 0 0 0 0.25 0 0 0 0 0 0 0
0.06 0 0 0.7 0 0 0 0.3 0 0 0 0 0 0 0
0.06 0 0 0.7 0 0 0 0.35 0 0 0 0 0 0 0
0.06 0 0 0.7 0 0 0 0.4 0 0 0 0 0 0 0
0.06 0 0 0.7 0 0 0 0.45 0 0 0 0 0 0 0
0.06 0 0 0.7 0 0 0 0.5 0 0 0 0 0 0 0
0.06 0 0 0.7 0 0 0 0.55 0 0 0 0 0 0 0
0.06 0 0 0.7 0 0 0 0.6 0 0 0 0 0 0 0
0.06 0 0 0.7 0 0 0 0.65 0 0 0 0 0 0 0
0.06 0 0 0.7 0 0 0 0.7 0 0 0 0 0 0 0
0.06 0 0 0.7 0 0 0 0.75 0 0 0 0 0 0 0
0.1 0 0 0.1 0 0 0 0.2 0 0 0 0 0 0 0
0.1 0 0 0.1 0 0 0 0.25 0 0 0 0 0 0 0
0.1 0 0 0.1 0 0 0 0.3 0 0 0 0 0 0 0
0.1 0 0 0.1 0 0 0 0.35 0 0 0 0 0 0 0
0.1 0 0 0.1 0 0 0 0.4 0 0 0 0 0 0 0
0.1 0 0 0.1 0 0 0 0.45 0 0 0 0 0 0 0
0.1 0 0 0.1 0 0 0 0.5 0 0 0 0 0 0 0
0.1 0 0 0.1 0 0 0 0.55 0 0 0.151015 0.000189812 0.000189812 6.40293e-09 6.40293e-09
0.1 0 0 0.1 0 0 0 0.6 0 0 0.12143 7.16092e-05 7.16092e-05 2.26475e-09 2.26475e-09
0.1 0 0 0.1 0 0 0 0.65 0 0 0.107717 4.16257e-05 4.16257e-05 1.64238e-09 1.64238e-09
0.1 0 0 0.1 0 0 0 0.7 0 0 0.0708963 2.06251e-05 2.06251e-05 5.96405e-10 5.96405e-10
0.1 0 0 0.1 0 0 0 0.75 0 0 0.0514635 5.59182e-06 5.59182e-06 2.39775e-10 2.39775e-10
0.1 0 0 0.15 0 0 0 0.2 0 0 0 0 0 0 0
0.1 0 0 0.15 0 0 0 0.25 0 0 0 0 0 0 0
0.1 0 0 0.15 0 0 0 0.3 0 0 0 0 0 0 0
0.1 0 0 0.15 0 0 0 0.35 0 0 0 0 0 0 0
0.1 0 0 0.15 0 0 0 0.4 0 0 0.519103 0.00130427 0.00130427 5.59803e-08 5.59803e-08
0.1 0 0 0.15 0 0 0 0.45 0 0 0.314805 0.000214139 0.000214139 8.05737e-09 8.05737e-09
0.1 0 0 0.15 0 0 0 0.5 0 0 0.254616 0.000111535 0.000111535 4.65036e-09 4.65036e-09
0.1 0 0 0.15 0 0 0 0.55 0 0 0.191608 7.81256e-05 7.81256e-05 3.42983e-09 3.42983e-09
0.1 0 0 0.15 0 0 0 0.6 0 0 0.1237 4.43657e-05 4.43657e-05 1.75042e-09 1.75042e-09
0.1 0 0 0.15 0 0 0 0.65 0 0 0.0939608 3.48857e-05 3.48857e-05 1.36918e-09 1.36918e-09
0.1 0 0 0.15 0 0 0 0.7 0 0 0.0646455 2.28976e-05 2.28976e-05 8.1274e-10 8.1274e-10
0.1 0 0 0.15 0 0 0 0.75 0 0 0.0410497 6.90541e-06 6.90541e-06 2.55563e-10 2.55563e-10
0.1 0 0 0.2 0 0 0 0.2 0 0 0 0 0 0 0
0.1 0 0 0.2 0 0 0 0.25 0 0 0 0 0 0 0
0.1 0 0 0.2 0 0 0 0.3 0 0 0.985649 0.0010739 0.0010739 3.98421e-08 3.98421e-08
0.1 0 0 0.2 0 0 0 0.35 0 0 0.681626 0.000354425 0.000354425 1.32053e-08 1.32053e-08
0.1 0 0 0.2 0 0 0 0.4 0 0 0.46524 0.000180513 0.000180513 6.29747e-09 6.29747e-09
0.1 0 0 0.2 0 0 0 0.45 0 0 0.337596 0.000132995 0.000132995 4.88341e-09 4.88341e-09
0.1 0 0 0.2 0 0 0 0.5 0 0 0.236098 8.99631e-05 8.99631e-05 3.30648e-09 3.30648e-09
0.1 0 0 0.2 0 0 0 0.55 0 0 0.167498 6.20541e-05 6.20541e-05 1.97596e-09 1.97596e-09
0.1 0 0 0.2 0 0 0 0.6 0 0 0.129526 5.05868e-05 5.05868e-05 1.66278e-09 1.66278e-09
0.1 0 0 0.2 0 0 0 0.65 0 0 0.0841904 3.14644e-05 3.14644e-05 9.78879e-10 9.78879e-10
0.1 0 0 0.2 0 0 0 0.7 0 0 0.0569125 1.80413e-05 1.80413e-05 7.33094e-10 7.33094e-10
0.1 0 0 0.2 0 0 0 0.75 0 0 0.0398616 7.01263e-06 7.01263e-06 2.87627e-10 2.87627e-10
0.1 0 0 0.3 0 0 0 0.2 0 0 2.19627 0.00243007 0.00243007 7.68507e-08 7.68507e-08
0.1 0 0 0.3 0 0 0 0.25 0 0 1.48486 0.000831292 0.000831292 2.62094e-08 2.62094e-08
0.1 0 0 0.3 0 0 0 0.3 0 0 0.97286 0.000515622 0.000515622 1.58469e-08 1.58469e-08
0.1 0 0 0.3 0 0 0 0.35 0 0 0.681094 0.00037141 0.00037141 1.10711e-08 1.10711e-08
0.1 0 0 0.3 0 0 0 0.4 0 0 0.426183 0.000223252 0.000223252 5.9249e-09 5.9249e-09
0.1 0 0 0.3 0 0 0 0.45 0 0 0.321204 0.000172207 0.000172207 4.85089e-09 4.85089e-09
0.1 0 0 0.3 0 0 0 0.5 0 0 0.219905 0.000133516 0.000133516 3.40458e-09 3.40458e-09
0.1 0 0 0.3 0 0 0 0.55 0 0 0.163009 0.000128972 0.000128972 2.8383e-09 2.8383e-09
0.1 0 0 0.3 0 0 0 0.6 0 0 0.119903 0.000105702 0.000105702 2.51643e-09 2.51643e-09
0.1 0 0 0.3 0 0 0 0.65 0 0 0.0782826 9.01721e-05 9.01721e-05 2.69414e-09 2.69414e-09
0.1 0 0 0.3 0 0 0 0.7 0 0 0.0653097 0.00011611 0.00011611 4.56364e-09 4.56364e-09
0.1 0 0 0.3 0 0 0 0.75 0 0 0 0 0 0 0
0.1 0 0 0.5 0 0 0 0.2 0 0 2.39176 0.00335286 0.00335286 9.43882e-08 9.43882e-08
0.1 0 0 0.5 0 0 0 0.25 0 0 1.53497 0.00222444 0.00222444 6.28004e-08 6.28004e-08
0.1 0 0 0.5 0 0 0 0.3 0 0 1.02491 0.0015259 0.0015259 4.2117e-08 4.2117e-08
0.1 0 0 0.5 0 0 0 0.35 0 0 0.717176 0.00150117 0.00150117 3.50311e-08 3.50311e-08
0.1 0 0 0.5 0 0 0 0.4 0 0 0.576048 0.00236907 0.00236907 7.90773e-08 7.90773e-08
0.1 0 0 0.5 0 0 0 0.45 0 0 0 0 0 0 0
0.1 0 0 0.5 0 0 0 0.5 0 0 0 0 0 0 0
0.1 0 0 0.5 0 0 0 0.55 0 0 0 0 0 0 0
0.1 0 0 0.5 0 0 0 0.6 0 0 0 0 0 0 0
0.1 0 0 0.5 0 0 0 0.65 0 0 0 0 0 0 0
0.1 0 0 0.5 0 0 0 0.7 0 0 0 0 0 0 0
0.1 0 0 0.5 0 0 0 0.75 0 0 0 0 0 0 0
0.1 0 0 0.7 0 0 0 0.2 0 0 0 0 0 0 0
0.1 0 0 0.7 0 0 0 0.25 0 0 0 0 0 0 0
0.1 0 0 0.7 0 0 0 0.3 0 0 0 0 0 0 0
0.1 0 0 0.7 0 0 0 0.35 0 0 0 0 0 0 0
0.1 0 0 0.7 0 0 0 0.4 0 0 0 0 0 0 0
0.1 0 0 0.7 0 0 0 0.45 0 0 0 0 0 0 0
0.1 0 0 0.7 0 0 0 0.5 0 0 0 0 0 0 0
0.1 0 0 0.7 0 0 0 0.55 0 0 0 0 0 0 0
0.1 0 0 0.7 0 0 0 0.6 0 0 0 0 0 0 0
0.1 0 0 0.7 0 0 0 0.65 0 0 0 0 0 0 0
0.1 0 0 0.7 0 0 0 0.7 0 0 0 0 0 0 0
0.1 0 0 0.7 0 0 0 0.75 0 0 0 0 0 0 0
0.14 0 0 0.1 0 0 0 0.2 0 0 0 0 0 0 0
0.14 0 0 0.1 0 0 0 0.25 0 0 0 0 0 0 0
0.14 0 0 0.1 0 0 0 0.3 0 0 0 0 0 0 0
0.14 0 0 0.1 0 0 0 0.35 0 0 0 0 0 0 0
0.14 0 0 0.1 0 0 0 0.4 0 0 0 0 0 0 0
0.14 0 0 0.1 0 0 0 0.45 0 0 0 0 0 0 0
0.14 0 0 0.1 0 0 0 0.5 0 0 0 0 0 0 0
0.14 0 0 0.1 0 0 0 0.55 0 0 0.201437 0.000645276 0.000645276 3.0488e-08 3.0488e-08
0.14 0 0 0.1 0 0 0 0.6 0 0 0.118008 0.000160648 0.000160648 6.00247e-09 6.00247e-09
0.14 0 0 0.1 0 0 0 0.65 0 0 0.0934742 9.84858e-05 9.84858e-05 3.10238e-09 3.10238e-09
0.14 0 0 0.1 0 0 0 0.7 0 0 0.078891 5.99579e-05 5.99579e-05 2.19356e-09 2.19356e-09
0.14 0 0 0.1 0 0 0 0.75 0 0 0.0446461 1.26863e-05 1.26863e-05 3.84915e-10 3.84915e-10
0.14 0 0 0.15 0 0 0 0.2 0 0 0 0 0 0 0
0.14 0 0 0.15 0 0 0 0.25 0 0 0 0 0 0 0
0.14 0 0 0.15 0 0 0 0.3 0 0 0 0 0 0 0
0.14 0 0 0.15 0 0 0 0.35 0 0 0 0 0 0 0
0.14 0 0 0.15 0 0 0 0.4 0 0 0.445595 0.00257007 0.00257007 9.96324e-08 9.96324e-08
0.14 0 0 0.15 0 0 0 0.45 0 0 0.317772 0.000512526 0.000512526 1.60736e-08 1.60736e-08
0.14 0 0 0.15 0 0 0 0.5 0 0 0.19924 0.000190236 0.000190236 7.04163e-09 7.04163e-09
0.14 0 0 0.15 0 0 0 0.55 0 0 0.158333 0.000141819 0.000141819 5.28488e-09 5.28488e-09
0.14 0 0 0.15 0 0 0 0.6 0 0 0.106804 8.95429e-05 8.95429e-05 3.37962e-09 3.37962e-09
0.14 0 0 0.15 0 0 0 0.65 0 0 0.0756274 6.43817e-05 6.43817e-05 2.07855e-09 2.07855e-09
0.14 0 0 0.15 0 0 0 0.7 0 0 0.0499582 4.04475e-05 4.04475e-05 1.70567e-09 1.70567e-09
0.14 0 0 0.15 0 0 0 0.75 0 0 0.0330851 1.13674e-05 1.13674e-05 3.85658e-10 3.85658e-10
0.14 0 0 0.2 0 0 0 0.2 0 0 0 0 0 0 0
0.14 0 0 0.2 0 0 0 0.25 0 0 0 0 0 0 0
0.14 0 0 0.2 0 0 0 0.3 0 0 0.953565 0.00223314 0.00223314 8.4747e-08 8.4747e-08
0.14 0 0 0.2 0 0 0 0.35 0 0 0.61802 0.000683935 0.000683935 2.51865e-08 2.51865e-08
0.14 0 0 0.2 0 0 0 0.4 0 0 0.43934 0.000364191 0.000364191 1.29693e-08 1.29693e-08
0.14 0 0 0.2 0 0 0 0.45 0 0 0.292307 0.000239705 0.000239705 7.62982e-09 7.62982e-09
0.14 0 0 0.2 0 0 0 0.5 0 0 0.187377 0.000149527 0.000149527 3.92121e-09 3.92121e-09
0.14 0 0 0.2 0 0 0 0.55 0 0 0.142714 0.000118436 0.000118436 3.37486e-09 3.37486e-09
0.14 0 0 0.2 0 0 0 0.6 0 0 0.0978112 7.44677e-05 7.44677e-05 1.9673e-09 1.9673e-09
0.14 0 0 0.2 0 0 0 0.65 0 0 0.0770399 6.17879e-05 6.17879e-05 1.79276e-09 1.79276e-09
0.14 0 0 0.2 0 0 0 0.7 0 0 0.0423638 3.06534e-05 3.06534e-05 9.03116e-10 9.03116e-10
0.14 0 0 0.2 0 0 0 0.75 0 0 0.0345352 1.33941e-05 1.33941e-05 4.8693e-10 4.8693e-10
0.14 0 0 0.3 0 0 0 0.2 0 0 2.13112 0.00442406 0.00442406 1.48013e-07 1.48013e-07
0.14 0 0 0.3 0 0 0 0.25 0 0 1.318 0.00135959 0.00135959 4.17346e-08 4.17346e-08
0.14 0 0 0.3 0 0 0 0.3 0 0 0.952477 0.000959895 0.000959895 3.02744e-08 3.02744e-08
0.14 0 0 0.3 0 0 0 0.35 0 0 0.590352 0.000581223 0.000581223 1.61877e-08 1.61877e-08
0.14 0 0 0.3 0 0 0 0.4 0 0 0.363983 0.000350813 0.000350813 8.7435e-09 8.7435e-09
0.14 0 0 0.3 0 0 0 0.45 0 0 0.309891 0.000320107 0.000320107 9.09949e-09 9.09949e-09
0.14 0 0 0.3 0 0 0 0.5 0 0 0.225231 0.000283375 0.000283375 7.82809e-09 7.82809e-09
0.14 0 0 0.3 0 0 0 0.55 0 0 0.147865 0.000188484 0.000188484 5.44562e-09 5.44562e-09
0.14 0 0 0.3 0 0 0 0.6 0 0 0.0766407 0.000125831 0.000125831 2.59582e-09 2.59582e-09
0.14 0 0 0.3 0 0 0 0.65 0 0 0.0677456 0.000165165 0.000165165 3.1864e-09 3.1864e-09
0.14 0 0 0.3 0 0 0 0.7 0 0 0.0703889 0.000296266 0.000296266 9.01996e-09 9.01996e-09
0.14 0 0 0.3 0 0 0 0.75 0 0 0 0 0 0 0
0.14 0 0 0.5 0 0 0 0.2 0 0 0 0 0 0 0
0.14 0 0 0.5 0 0 0 0.25 0 0 0 0 0 0 0
0.14 0 0 0.5 0 0 0 0.3 0 0 0 0 0 0 0
0.14 0 0 0.5 0 0 0 0.35 0 0 0 0 0 0 0
0.14 0 0 0.5 0 0 0 0.4 0 0 0 0 0 0 0
0.14 0 0 0.5 0 0 0 0.45 0 0 0 0 0 0 0
0.14 0 0 0.5 0 0 0 0.5 0 0 0 0 0 0 0
0.14 0 0 0.5 0 0 0 0.55 0 0 0 0 0 0 0
0.14 0 0 0.5 0 0 0 0.6 0 0 0 0 0 0 0
0.14 0 0 0.5 0 0 0 0.65 0 0 0 0 0 0 0
0.14 0 0 0.5 0 0 0 0.7 0 0 0 0 0 0 0
0.14 0 0 0.5 0 0 0 0.75 0 0 0 0 0 0 0
0.14 0 0 0.7 0 0 0 0.2 0 0 0 0 0 0 0
0.14 0 0 0.7 0 0 0 0.25 0 0 0 0 0 0 0
0.14 0 0 0.7 0 0 0 0.3 0 0 0 0 0 0 0
0.14 0 0 0.7 0 0 0 0.35 0 0 0 0 0 0 0
0.14 0 0 0.7 0 0 0 0.4 0 0 0 0 0 0 0
0.14 0 0 0.7 0 0 0 0.45 0 0 0 0 0 0 0
0.14 0 0 0.7 0 0 0 0.5 0 0 0 0 0 0 0
0.14 0 0 0.7 0 0 0 0.55 0 0 0 0 0 0 0
0.14 0 0 0.7 0 0 0 0.6 0 0 0 0 0 0 0
0.14 0 0 0.7 0 0 0 0.65 0 0 0 0 0 0 0
0.14 0 0 0.7 0 0 0 0.7 0 0 0 0 0 0 0
0.14 0 0 0.7 0 0 0 0.75 0 0 0 0 0 0 0
0.18 0 0 0.1 0 0 0 0.2 0 0 0 0 0 0 0
0.18 0 0 0.1 0 0 0 0.25 0 0 0 0 0 0 0
0.18 0 0 0.1 0 0 0 0.3 0 0 0 0 0 0 0
0.18 0 0 0.1 0 0 0 0.35 0 0 0 0 0 0 0
0.18 0 0 0.1 0 0 0 0.4 0 0 0 0 0 0 0
0.18 0 0 0.1 0 0 0 0.45 0 0 0 0 0 0 0
0.18 0 0 0.1 0 0 0 0.5 0 0 0 0 0 0 0
0.18 0 0 0.1 0 0 0 0.55 0 0 0 0 0 0 0
0.18 0 0 0.1 0 0 0 0.6 0 0 0 0 0 0 0
0.18 0 0 0.1 0 0 0 0.65 0 0 0 0 0 0 0
0.18 0 0 0.1 0 0 0 0.7 0 0 0 0 0 0 0
0.18 0 0 0.1 0 0 0 0.75 0 0 0 0 0 0 0
0.18 0 0 0.15 0 0 0 0.2 0 0 0 0 0 0 0
0.18 0 0 0.15 0 0 0 0.25 0 0 0 0 0 0 0
0.18 0 0 0.15 0 0 0 0.3 0 0 0 0 0 0 0
0.18 0 0 0.15 0 0 0 0.35 0 0 0 0 0 0 0
0.18 0 0 0.15 0 0 0 0.4 0 0 0.410935 0.00221669 0.00221669 1.00151e-07 1.00151e-07
0.18 0 0 0.15 0 0 0 0.45 0 0 0.243455 0.000380672 0.000380672 1.54717e-08 1.54717e-08
0.18 0 0 0.15 0 0 0 0.5 0 0 0.21335 0.00021502 0.00021502 8.46503e-09 8.46503e-09
0.18 0 0 0.15 0 0 0 0.55 0 0 0.151085 0.000138733 0.000138733 5.43167e-09 5.43167e-09
0.18 0 0 0.15 0 0 0 0.6 0 0 0.0772393 6.55619e-05 6.55619e-05 1.8402e-09 1.8402e-09
0.18 0 0 0.15 0 0 0 0.65 0 0 0.0690058 6.44208e-05 6.44208e-05 1.71551e-09 1.71551e-09
0.18 0 0 0.15 0 0 0 0.7 0 0 0.057995 4.89542e-05 4.89542e-05 2.0653e-09 2.0653e-09
0.18 0 0 0.15 0 0 0 0.75 0 0 0.0267788 1.02042e-05 1.02042e-05 3.2674e-10 3.2674e-10
0.18 0 0 0.2 0 0 0 0.2 0 0 0 0 0 0 0
0.18 0 0 0.2 0 0 0 0.25 0 0 0 0 0 0 0
0.18 0 0 0.2 0 0 0 0.3 0 0 0.883489 0.00154143 0.00154143 6.6043e-08 6.6043e-08
0.18 0 0 0.2 0 0 0 0.35 0 0 0.5784 0.000483167 0.000483167 2.03158e-08 2.03158e-08
0.18 0 0 0.2 0 0 0 0.4 0 0 0.365531 0.000238798 0.000238798 9.54627e-09 9.54627e-09
0.18 0 0 0.2 0 0 0 0.45 0 0 0.237298 0.000146293 0.000146293 5.46305e-09 5.46305e-09
0.18 0 0 0.2 0 0 0 0.5 0 0 0.190783 0.000119358 0.000119358 4.25088e-09 4.25088e-09
0.18 0 0 0.2 0 0 0 0.55 0 0 0.112675 6.89568e-05 6.89568e-05 2.21233e-09 2.21233e-09
0.18 0 0 0.2 0 0 0 0.6 0 0 0.0915874 5.78521e-05 5.78521e-05 1.99426e-09 1.99426e-09
0.18 0 0 0.2 0 0 0 0.65 0 0 0.065246 4.23026e-05 4.23026e-05 1.79288e-09 1.79288e-09
0.18 0 0 0.2 0 0 0 0.7 0 0 0.0448472 2.45527e-05 2.45527e-05 9.62911e-10 9.62911e-10
0.18 0 0 0.2 0 0 0 0.75 0 0 0.023744 6.47047e-06 6.47047e-06 2.29626e-10 2.29626e-10
0.18 0 0 0.3 0 0 0 0.2 0 0 2.03812 0.0029195 0.0029195 1.22602e-07 1.22602e-07
0.18 0 0 0.3 0 0 0 0.25 0 0 1.32753 0.000972741 0.000972741 3.95695e-08 3.95695e-08
0.18 0 0 0.3 0 0 0 0.3 0 0 0.855842 0.000567727 0.000567727 2.21533e-08 2.21533e-08
0.18 0 0 0.3 0 0 0 0.35 0 0 0.579953 0.0004002 0.0004002 1.46803e-08 1.46803e-08
0.18 0 0 0.3 0 0 0 0.4 0 0 0.398564 0.000282803 0.000282803 8.97421e-09 8.97421e-09
0.18 0 0 0.3 0 0 0 0.45 0 0 0.277041 0.000194183 0.000194183 6.18434e-09 6.18434e-09
0.18 0 0 0.3 0 0 0 0.5 0 0 0.160033 0.000116809 0.000116809 3.35339e-09 3.35339e-09
0.18 0 0 0.3 0 0 0 0.55 0 0 0.135794 0.000133758 0.000133758 4.04597e-09 4.04597e-09
0.18 0 0 0.3 0 0 0 0.6 0 0 0.0965124 0.000126057 0.000126057 3.59031e-09 3.59031e-09
0.18 0 0 0.3 0 0 0 0.65 0 0 0 0 0 0 0
0.18 0 0 0.3 0 0 0 0.7 0 0 0 0 0 0 0
0.18 0 0 0.3 0 0 0 0.75 0 0 0 0 0 0 0
0.18 0 0 0.5 0 0 0 0.2 0 0 0 0 0 0 0
0.18 0 0 0.5 0 0 0 0.25 0 0 0 0 0 0 0
0.18 0 0 0.5 0 0 0 0.3 0 0 0 0 0 0 0
0.18 0 0 0.5 0 0 0 0.35 0 0 0 0 0 0 0
0.18 0 0 0.5 0 0 0 0.4 0 0 0 0 0 0 0
0.18 0 0 0.5 0 0 0 0.45 0 0 0 0 0 0 0
0.18 0 0 0.5 0 0 0 0.5 0 0 0 0 0 0 0
0.18 0 0 0.5 0 0 0 0.55 0 0 0 0 0 0 0
0.18 0 0 0.5 0 0 0 0.6 0 0 0 0 0 0 0
0.18 0 0 0.5 0 0 0 0.65 0 0 0 0 0 0 0
0.18 0 0 0.5 0 0 0 0.7 0 0 0 0 0 0 0
0.18 0 0 0.5 0 0 0 0.75 0 0 0 0 0 0 0
0.18 0 0 0.7 0 0 0 0.2 0 0 0 0 0 0 0
0.18 0 0 0.7 0 0 0 0.25 0 0 0 0 0 0 0
0.18 0 0 0.7 0 0 0 0.3 0 0 0 0 0 0 0
0.18 0 0 0.7 0 0 0 0.35 0 0 0 0 0 0 0
0.18 0 0 0.7 0 0 0 0.4 0 0 0 0 0 0 0
0.18 0 0 0.7 0 0 0 0.45 0 0 0 0 0 0 0
0.18 0 0 0.7 0 0 0 0.5 0 0 0 0 0 0 0
0.18 0 0 0.7 0 0 0 0.55 0 0 0 0 0 0 0
0.18 0 0 0.7 0 0 0 0.6 0 0 0 0 0 0 0
0.18 0 0 0.7 0 0 0 0.65 0 0 0 0 0 0 0
0.18 0 0 0.7 0 0 0 0.7 0 0 0 0 0 0 0
0.18 0 0 0.7 0 0 0 0.75 0 0 0 0 0 0 0
