0.004 0.1 0.2 0 0 0 0 0 0 0 0 0 0 
0.004 0.1 0.25 0 0 0 0 0 0 0 0 0 0 
0.004 0.1 0.3 0 0 0 0 0 0 0 0 0 0 
0.004 0.1 0.35 0 0 0 0 0 0 0 0 0 0 
0.004 0.1 0.4 0 0 0 0 0 0 0 0 0 0 
0.004 0.1 0.45 0 0 0 0 0 0 0 0 0 0 
0.004 0.1 0.5 0 0 0 0 0 0 0 0 0 0 
0.004 0.1 0.55 0 0 0 0 0 0 0 0 0 0 
0.004 0.1 0.6 0 0 0 0 0 0 0 0 0 0 
0.004 0.1 0.65 0 0 0 0 0 0 0 0 0 0 
0.004 0.1 0.7 0 0 0 0 0 0 0 0 0 0 
0.004 0.1 0.75 0 0 0 0 0 0 0 0 0 0 
0.004 0.15 0.2 0 0 0 0 0 0 0 0 0 0 
0.004 0.15 0.25 0 0 0 0 0 0 0 0 0 0 
0.004 0.15 0.3 0 0 0 0 0 0 0 0 0 0 
0.004 0.15 0.35 0 0 0 0 0 0 0 0 0 0 
0.004 0.15 0.4 0 0 0 0 0 0 0 0 0 0 
0.004 0.15 0.45 0 0 0 0 0 0 0 0 0 0 
0.004 0.15 0.5 0 0 0 0 0 0 0 0 0 0 
0.004 0.15 0.55 0 0 0 0 0 0 0 0 0 0 
0.004 0.15 0.6 0 0 0 0 0 0 0 0 0 0 
0.004 0.15 0.65 0 0 0 0 0 0 0 0 0 0 
0.004 0.15 0.7 0 0 0 0 0 0 0 0 0 0 
0.004 0.15 0.75 0 0 0 0 0 0 0 0 0 0 
0.004 0.2 0.2 0 0 0 0 0 0 0 0 0 0 
0.004 0.2 0.25 0 0 0 0 0 0 0 0 0 0 
0.004 0.2 0.3 0 0 0 0 0 0 0 0 0 0 
0.004 0.2 0.35 0 0 0 0 0 0 0 0 0 0 
0.004 0.2 0.4 0 0 0 0 0 0 0 0 0 0 
0.004 0.2 0.45 0 0 0 0 0 0 0 0 0 0 
0.004 0.2 0.5 0 0 0 0 0 0 0 0 0 0 
0.004 0.2 0.55 0 0 0 0 0 0 0 0 0 0 
0.004 0.2 0.6 0 0 0 0 0 0 0 0 0 0 
0.004 0.2 0.65 0 0 0 0 0 0 0 0 0 0 
0.004 0.2 0.7 0 0 0 0 0 0 0 0 0 0 
0.004 0.2 0.75 0 0 0 0 0 0 0 0 0 0 
0.004 0.3 0.2 0.00865779 0.444772 1.14696 0.222564 2.07626 0.00865779 0.444772 1.14696 0.222564 1.92044 
0.004 0.3 0.25 0.00886351 0.434915 1.15 0.272196 1.41348 0.00886351 0.434915 1.15 0.272196 1.29263 
0.004 0.3 0.3 0.00879821 0.433061 1.13401 0.323613 0.997805 0.00879821 0.433061 1.13401 0.323613 0.902266 
0.004 0.3 0.35 0.00884235 0.433655 1.14349 0.372782 0.699765 0.00884235 0.433655 1.14349 0.372782 0.620816 
0.004 0.3 0.4 0.00878773 0.433586 1.13853 0.423942 0.502131 0.00878773 0.433586 1.13853 0.423942 0.442855 
0.004 0.3 0.45 0.00860856 0.437126 1.11885 0.473061 0.343124 0.00860856 0.437126 1.11885 0.473061 0.307075 
0.004 0.3 0.5 0.0090574 0.411273 1.10196 0.522925 0.247808 0.0090574 0.411273 1.10196 0.522925 0.227445 
0.004 0.3 0.55 0.00951616 0.387331 1.09474 0.573995 0.206587 0.00951616 0.387331 1.09474 0.573995 0.165108 
0.004 0.3 0.6 0.00947603 0.37636 1.04668 0.621645 0.132222 0.00947603 0.37636 1.04668 0.621645 0.106216 
0.004 0.3 0.65 0.00975427 0.353693 1.03293 0.677727 0.0758813 0.00975427 0.353693 1.03293 0.677727 0.0899501 
0.004 0.3 0.7 0 0 0 0 0 0 0 0 0 0 
0.004 0.3 0.75 0 0 0 0 0 0 0 0 0 0 
0.004 0.5 0.2 0.00748821 0.597083 1.32209 0.223033 1.99996 0.00748821 0.597083 1.32209 0.223033 1.86612 
0.004 0.5 0.25 0.00753034 0.596267 1.32772 0.273333 1.36643 0.00753034 0.596267 1.32772 0.273333 1.22222 
0.004 0.5 0.3 0.007453 0.595687 1.31398 0.324676 0.915271 0.007453 0.595687 1.31398 0.324676 0.823499 
0.004 0.5 0.35 0.00768659 0.567394 1.28967 0.373058 0.627955 0.00768659 0.567394 1.28967 0.373058 0.536882 
0.004 0.5 0.4 0.00803672 0.52973 1.25701 0.42667 0.433448 0.00803672 0.52973 1.25701 0.42667 0.390325 
0.004 0.5 0.45 0.00779208 0.511821 1.15232 0.471794 0 0.00779208 0.511821 1.15232 0.471794 0 
0.004 0.5 0.5 0 0 0 0 0 0 0 0 0 0 
0.004 0.5 0.55 0 0 0 0 0 0 0 0 0 0 
0.004 0.5 0.6 0 0 0 0 0 0 0 0 0 0 
0.004 0.5 0.65 0 0 0 0 0 0 0 0 0 0 
0.004 0.5 0.7 0 0 0 0 0 0 0 0 0 0 
0.004 0.5 0.75 0 0 0 0 0 0 0 0 0 0 
0.004 0.7 0.2 0 0 0 0 0 0 0 0 0 0 
0.004 0.7 0.25 0 0 0 0 0 0 0 0 0 0 
0.004 0.7 0.3 0 0 0 0 0 0 0 0 0 0 
0.004 0.7 0.35 0 0 0 0 0 0 0 0 0 0 
0.004 0.7 0.4 0 0 0 0 0 0 0 0 0 0 
0.004 0.7 0.45 0 0 0 0 0 0 0 0 0 0 
0.004 0.7 0.5 0 0 0 0 0 0 0 0 0 0 
0.004 0.7 0.55 0 0 0 0 0 0 0 0 0 0 
0.004 0.7 0.6 0 0 0 0 0 0 0 0 0 0 
0.004 0.7 0.65 0 0 0 0 0 0 0 0 0 0 
0.004 0.7 0.7 0 0 0 0 0 0 0 0 0 0 
0.004 0.7 0.75 0 0 0 0 0 0 0 0 0 0 
0.01 0.1 0.2 0 0 0 0 0 0 0 0 0 0 
0.01 0.1 0.25 0 0 0 0 0 0 0 0 0 0 
0.01 0.1 0.3 0 0 0 0 0 0 0 0 0 0 
0.01 0.1 0.35 0 0 0 0 0 0 0 0 0 0 
0.01 0.1 0.4 0 0 0 0 0 0 0 0 0 0 
0.01 0.1 0.45 0 0 0 0 0 0 0 0 0 0 
0.01 0.1 0.5 0 0 0 0 0 0 0 0 0 0 
0.01 0.1 0.55 0 0 0 0 0 0 0 0 0 0 
0.01 0.1 0.6 0 0 0 0 0 0 0 0 0 0 
0.01 0.1 0.65 0 0 0 0 0 0 0 0 0 0 
0.01 0.1 0.7 0 0 0 0 0 0 0 0 0 0 
0.01 0.1 0.75 0 0 0 0 0 0 0 0 0 0 
0.01 0.15 0.2 0 0 0 0 0 0 0 0 0 0 
0.01 0.15 0.25 0 0 0 0 0 0 0 0 0 0 
0.01 0.15 0.3 0 0 0 0 0 0 0 0 0 0 
0.01 0.15 0.35 0 0 0 0 0 0 0 0 0 0 
0.01 0.15 0.4 0.0182938 0.191988 1.0643 0.422332 0.579443 0.0182938 0.191988 1.0643 0.422332 0.529932 
0.01 0.15 0.45 0.0188302 0.18564 1.06133 0.473672 0.435207 0.0188302 0.18564 1.06133 0.473672 0.377775 
0.01 0.15 0.5 0.0188242 0.188549 1.07564 0.52716 0.321318 0.0188242 0.188549 1.07564 0.52716 0.275288 
0.01 0.15 0.55 0.0191208 0.187442 1.08091 0.572674 0.25948 0.0191208 0.187442 1.08091 0.572674 0.190539 
0.01 0.15 0.6 0.01875 0.187866 1.05959 0.628345 0.191229 0.01875 0.187866 1.05959 0.628345 0.16464 
0.01 0.15 0.65 0.0189574 0.185483 1.03466 0.67049 0.155853 0.0189574 0.185483 1.03466 0.67049 0.124864 
0.01 0.15 0.7 0.0189203 0.182689 1.04574 0.726998 0.128468 0.0189203 0.182689 1.04574 0.726998 0.0975347 
0.01 0.15 0.75 0.0189077 0.187711 1.06775 0.806939 0.0927408 0.0189077 0.187711 1.06775 0.806939 0.064683 
0.01 0.2 0.2 0 0 0 0 0 0 0 0 0 0 
0.01 0.2 0.25 0.0153566 0.293883 1.40636 0.273554 0 0.0153566 0.293883 1.40636 0.273554 0 
0.01 0.2 0.3 0.0156121 0.275422 1.28595 0.323501 1.05002 0.0156121 0.275422 1.28595 0.323501 0.936573 
0.01 0.2 0.35 0.0161207 0.259257 1.24237 0.374449 0.765297 0.0161207 0.259257 1.24237 0.374449 0.666378 
0.01 0.2 0.4 0.0164845 0.25234 1.2346 0.424543 0.571474 0.0164845 0.25234 1.2346 0.424543 0.472632 
0.01 0.2 0.45 0.0162802 0.255674 1.23225 0.473263 0.410061 0.0162802 0.255674 1.23225 0.473263 0.352651 
0.01 0.2 0.5 0.0163937 0.252109 1.2239 0.523157 0.324492 0.0163937 0.252109 1.2239 0.523157 0.263728 
0.01 0.2 0.55 0.0158257 0.259972 1.21776 0.574299 0.249808 0.0158257 0.259972 1.21776 0.574299 0.20192 
0.01 0.2 0.6 0.0168002 0.249183 1.24478 0.623248 0.200771 0.0168002 0.249183 1.24478 0.623248 0.154085 
0.01 0.2 0.65 0.016259 0.24908 1.20495 0.672982 0.149741 0.016259 0.24908 1.20495 0.672982 0.120415 
0.01 0.2 0.7 0.0161751 0.250046 1.19855 0.725384 0.124206 0.0161751 0.250046 1.19855 0.725384 0.100076 
0.01 0.2 0.75 0.0161128 0.251663 1.20134 0.790712 0.0756384 0.0161128 0.251663 1.20134 0.790712 0.0581175 
0.01 0.3 0.2 0.0142331 0.430657 1.83119 0.223505 2.0983 0.0142331 0.430657 1.83119 0.223505 1.91215 
0.01 0.3 0.25 0.0140931 0.385259 1.61243 0.273447 1.44307 0.0140931 0.385259 1.61243 0.273447 1.27578 
0.01 0.3 0.3 0.0142125 0.380698 1.60909 0.323572 0.997995 0.0142125 0.380698 1.60909 0.323572 0.881527 
0.01 0.3 0.35 0.0140825 0.382044 1.60058 0.374624 0.743406 0.0140825 0.382044 1.60058 0.374624 0.625051 
0.01 0.3 0.4 0.0141852 0.380315 1.59684 0.422965 0.522748 0.0141852 0.380315 1.59684 0.422965 0.437374 
0.01 0.3 0.45 0.0142297 0.377111 1.5879 0.473886 0.376603 0.0142297 0.377111 1.5879 0.473886 0.321667 
0.01 0.3 0.5 0.0138638 0.365536 1.49589 0.523928 0.283766 0.0138638 0.365536 1.49589 0.523928 0.240461 
0.01 0.3 0.55 0.0143309 0.356727 1.50207 0.57608 0.208659 0.0143309 0.356727 1.50207 0.57608 0.182464 
0.01 0.3 0.6 0.0140189 0.337 1.39255 0.624455 0.160603 0.0140189 0.337 1.39255 0.624455 0.136016 
0.01 0.3 0.65 0.0142148 0.331284 1.38843 0.67544 0.123605 0.0142148 0.331284 1.38843 0.67544 0.0962559 
0.01 0.3 0.7 0.0138113 0.320345 1.30498 0.72877 0.0892342 0.0138113 0.320345 1.30498 0.72877 0.0724156 
0.01 0.3 0.75 0.0150922 0.309972 1.31925 0.826658 0.0532774 0.0150922 0.309972 1.31925 0.826658 0.0587229 
0.01 0.5 0.2 0.0138632 0.581425 2.38777 0.222244 2.08147 0.0138632 0.581425 2.38777 0.222244 1.8793 
0.01 0.5 0.25 0.0139239 0.583199 2.41104 0.272832 1.38501 0.0139239 0.583199 2.41104 0.272832 1.22844 
0.01 0.5 0.3 0.0141827 0.575597 2.426 0.325142 0.944656 0.0141827 0.575597 2.426 0.325142 0.82638 
0.01 0.5 0.35 0.0139311 0.555763 2.29157 0.371098 0.653237 0.0139311 0.555763 2.29157 0.371098 0.56193 
0.01 0.5 0.4 0.0137213 0.528487 2.13556 0.425916 0.450933 0.0137213 0.528487 2.13556 0.425916 0.393365 
0.01 0.5 0.45 0.0136872 0.507138 2.00562 0.47667 0 0.0136872 0.507138 2.00562 0.47667 0 
0.01 0.5 0.5 0 0 0 0 0 0 0 0 0 0 
0.01 0.5 0.55 0 0 0 0 0 0 0 0 0 0 
0.01 0.5 0.6 0 0 0 0 0 0 0 0 0 0 
0.01 0.5 0.65 0 0 0 0 0 0 0 0 0 0 
0.01 0.5 0.7 0 0 0 0 0 0 0 0 0 0 
0.01 0.5 0.75 0 0 0 0 0 0 0 0 0 0 
0.01 0.7 0.2 0 0 0 0 0 0 0 0 0 0 
0.01 0.7 0.25 0 0 0 0 0 0 0 0 0 0 
0.01 0.7 0.3 0 0 0 0 0 0 0 0 0 0 
0.01 0.7 0.35 0 0 0 0 0 0 0 0 0 0 
0.01 0.7 0.4 0 0 0 0 0 0 0 0 0 0 
0.01 0.7 0.45 0 0 0 0 0 0 0 0 0 0 
0.01 0.7 0.5 0 0 0 0 0 0 0 0 0 0 
0.01 0.7 0.55 0 0 0 0 0 0 0 0 0 0 
0.01 0.7 0.6 0 0 0 0 0 0 0 0 0 0 
0.01 0.7 0.65 0 0 0 0 0 0 0 0 0 0 
0.01 0.7 0.7 0 0 0 0 0 0 0 0 0 0 
0.01 0.7 0.75 0 0 0 0 0 0 0 0 0 0 
0.02 0.1 0.2 0 0 0 0 0 0 0 0 0 0 
0.02 0.1 0.25 0 0 0 0 0 0 0 0 0 0 
0.02 0.1 0.3 0 0 0 0 0 0 0 0 0 0 
0.02 0.1 0.35 0 0 0 0 0 0 0 0 0 0 
0.02 0.1 0.4 0 0 0 0 0 0 0 0 0 0 
0.02 0.1 0.45 0 0 0 0 0 0 0 0 0 0 
0.02 0.1 0.5 0.025269 0.147868 1.16424 0.524653 0 0.025269 0.147868 1.16424 0.524653 0 
0.02 0.1 0.55 0.0261992 0.143088 1.13517 0.576475 0.268655 0.0261992 0.143088 1.13517 0.576475 0.221497 
0.02 0.1 0.6 0.0273398 0.138465 1.1364 0.622282 0.205863 0.0273398 0.138465 1.1364 0.622282 0.160918 
0.02 0.1 0.65 0.026909 0.137744 1.1048 0.675105 0.166688 0.026909 0.137744 1.1048 0.675105 0.132557 
0.02 0.1 0.7 0.0273546 0.137193 1.11666 0.723662 0.132845 0.0273546 0.137193 1.11666 0.723662 0.0955198 
0.02 0.1 0.75 0.0270004 0.13561 1.08936 0.800116 0.091923 0.0270004 0.13561 1.08936 0.800116 0.0691553 
0.02 0.15 0.2 0 0 0 0 0 0 0 0 0 0 
0.02 0.15 0.25 0 0 0 0 0 0 0 0 0 0 
0.02 0.15 0.3 0 0 0 0 0 0 0 0 0 0 
0.02 0.15 0.35 0 0 0 0 0 0 0 0 0 0 
0.02 0.15 0.4 0.0246667 0.193063 1.43905 0.424053 0.625593 0.0246667 0.193063 1.43905 0.424053 0.510227 
0.02 0.15 0.45 0.0247129 0.183143 1.35079 0.472677 0.446453 0.0247129 0.183143 1.35079 0.472677 0.370767 
0.02 0.15 0.5 0.0245606 0.176647 1.29094 0.523045 0.352049 0.0245606 0.176647 1.29094 0.523045 0.27899 
0.02 0.15 0.55 0.0244491 0.173484 1.26068 0.573267 0.26251 0.0244491 0.173484 1.26068 0.573267 0.212411 
0.02 0.15 0.6 0.0245777 0.175239 1.27405 0.623518 0.201671 0.0245777 0.175239 1.27405 0.623518 0.162851 
0.02 0.15 0.65 0.0250483 0.174464 1.2977 0.675854 0.162988 0.0250483 0.174464 1.2977 0.675854 0.11663 
0.02 0.15 0.7 0.0248754 0.172806 1.277 0.722654 0.136614 0.0248754 0.172806 1.277 0.722654 0.0971919 
0.02 0.15 0.75 0.0244582 0.171305 1.24313 0.796785 0.0867297 0.0244582 0.171305 1.24313 0.796785 0.0629411 
0.02 0.2 0.2 0 0 0 0 0 0 0 0 0 0 
0.02 0.2 0.25 0.0244373 0.295069 2.23225 0.278246 0 0.0244373 0.295069 2.23225 0.278246 0 
0.02 0.2 0.3 0.0243048 0.27357 1.99469 0.323386 1.04015 0.0243048 0.27357 1.99469 0.323386 0.891093 
0.02 0.2 0.35 0.0243562 0.253815 1.84305 0.373102 0.795596 0.0243562 0.253815 1.84305 0.373102 0.654672 
0.02 0.2 0.4 0.0243343 0.244306 1.77228 0.423865 0.549258 0.0243343 0.244306 1.77228 0.423865 0.466201 
0.02 0.2 0.45 0.0243224 0.240663 1.73922 0.474385 0.417465 0.0243224 0.240663 1.73922 0.474385 0.341779 
0.02 0.2 0.5 0.0245196 0.237575 1.72805 0.525065 0.322296 0.0245196 0.237575 1.72805 0.525065 0.252098 
0.02 0.2 0.55 0.0242966 0.240189 1.73339 0.575102 0.243348 0.0242966 0.240189 1.73339 0.575102 0.197389 
0.02 0.2 0.6 0.0244871 0.243482 1.77161 0.624984 0.18777 0.0244871 0.243482 1.77161 0.624984 0.144356 
0.02 0.2 0.65 0.0242223 0.246381 1.78232 0.672353 0.145727 0.0242223 0.246381 1.78232 0.672353 0.111904 
0.02 0.2 0.7 0.0240948 0.23926 1.70533 0.722099 0.116845 0.0240948 0.23926 1.70533 0.722099 0.091743 
0.02 0.2 0.75 0.0240826 0.238133 1.70481 0.797518 0.0761184 0.0240826 0.238133 1.70481 0.797518 0.0588733 
0.02 0.3 0.2 0.0241829 0.429862 3.10401 0.223596 2.1476 0.0241829 0.429862 3.10401 0.223596 1.8834 
0.02 0.3 0.25 0.0244374 0.383705 2.78969 0.273784 1.46337 0.0244374 0.383705 2.78969 0.273784 1.28024 
0.02 0.3 0.3 0.0243834 0.380431 2.76137 0.324107 1.03396 0.0243834 0.380431 2.76137 0.324107 0.885581 
0.02 0.3 0.35 0.0240585 0.379584 2.71784 0.374705 0.73654 0.0240585 0.379584 2.71784 0.374705 0.602629 
0.02 0.3 0.4 0.0242197 0.377704 2.71041 0.423941 0.515395 0.0242197 0.377704 2.71041 0.423941 0.436729 
0.02 0.3 0.45 0.0245894 0.381106 2.78859 0.475271 0.368372 0.0245894 0.381106 2.78859 0.475271 0.306379 
0.02 0.3 0.5 0.0240174 0.363297 2.58223 0.522633 0.275281 0.0240174 0.363297 2.58223 0.522633 0.212797 
0.02 0.3 0.55 0.0242657 0.35244 2.53769 0.574564 0.197698 0.0242657 0.35244 2.53769 0.574564 0.158878 
0.02 0.3 0.6 0.0243948 0.340487 2.45684 0.623716 0.145582 0.0243948 0.340487 2.45684 0.623716 0.133338 
0.02 0.3 0.65 0.0238229 0.333996 2.34877 0.675604 0.114411 0.0238229 0.333996 2.34877 0.675604 0.0925473 
0.02 0.3 0.7 0.0234341 0.318638 2.17054 0.724611 0.0858938 0.0234341 0.318638 2.17054 0.724611 0.0713717 
0.02 0.3 0.75 0.0224136 0.313057 1.96505 0.78101 0.0502034 0.0224136 0.313057 1.96505 0.78101 0.0589854 
0.02 0.5 0.2 0.0240511 0.585628 4.18895 0.222756 2.07137 0.0240511 0.585628 4.18895 0.222756 1.84936 
0.02 0.5 0.25 0.0242439 0.583188 4.19296 0.273342 1.39367 0.0242439 0.583188 4.19296 0.273342 1.24697 
0.02 0.5 0.3 0.0241889 0.576943 4.12262 0.323683 0.974102 0.0241889 0.576943 4.12262 0.323683 0.812504 
0.02 0.5 0.35 0.0242353 0.559382 3.98543 0.375115 0.631227 0.0242353 0.559382 3.98543 0.375115 0.5668 
0.02 0.5 0.4 0.0242791 0.524455 3.76594 0.429619 0.420845 0.0242791 0.524455 3.76594 0.429619 0.345196 
0.02 0.5 0.45 0.0246749 0.517695 3.61698 0.475364 0 0.0246749 0.517695 3.61698 0.475364 0 
0.02 0.5 0.5 0 0 0 0 0 0 0 0 0 0 
0.02 0.5 0.55 0 0 0 0 0 0 0 0 0 0 
0.02 0.5 0.6 0 0 0 0 0 0 0 0 0 0 
0.02 0.5 0.65 0 0 0 0 0 0 0 0 0 0 
0.02 0.5 0.7 0 0 0 0 0 0 0 0 0 0 
0.02 0.5 0.75 0 0 0 0 0 0 0 0 0 0 
0.02 0.7 0.2 0 0 0 0 0 0 0 0 0 0 
0.02 0.7 0.25 0 0 0 0 0 0 0 0 0 0 
0.02 0.7 0.3 0 0 0 0 0 0 0 0 0 0 
0.02 0.7 0.35 0 0 0 0 0 0 0 0 0 0 
0.02 0.7 0.4 0 0 0 0 0 0 0 0 0 0 
0.02 0.7 0.45 0 0 0 0 0 0 0 0 0 0 
0.02 0.7 0.5 0 0 0 0 0 0 0 0 0 0 
0.02 0.7 0.55 0 0 0 0 0 0 0 0 0 0 
0.02 0.7 0.6 0 0 0 0 0 0 0 0 0 0 
0.02 0.7 0.65 0 0 0 0 0 0 0 0 0 0 
0.02 0.7 0.7 0 0 0 0 0 0 0 0 0 0 
0.02 0.7 0.75 0 0 0 0 0 0 0 0 0 0 
0.03 0.1 0.2 0 0 0 0 0 0 0 0 0 0 
0.03 0.1 0.25 0 0 0 0 0 0 0 0 0 0 
0.03 0.1 0.3 0 0 0 0 0 0 0 0 0 0 
0.03 0.1 0.35 0 0 0 0 0 0 0 0 0 0 
0.03 0.1 0.4 0 0 0 0 0 0 0 0 0 0 
0.03 0.1 0.45 0 0 0 0 0 0 0 0 0 0 
0.03 0.1 0.5 0.0342685 0.145685 1.56183 0.532288 0 0.0342685 0.145685 1.56183 0.532288 0 
0.03 0.1 0.55 0.0341951 0.142341 1.46692 0.576683 0.277677 0.0341951 0.142341 1.46692 0.576683 0.199898 
0.03 0.1 0.6 0.0351665 0.134701 1.41318 0.624543 0.213454 0.0351665 0.134701 1.41318 0.624543 0.152601 
0.03 0.1 0.65 0.0350977 0.130576 1.36986 0.676698 0.16805 0.0350977 0.130576 1.36986 0.676698 0.12335 
0.03 0.1 0.7 0.034796 0.126055 1.30576 0.723931 0.135447 0.034796 0.126055 1.30576 0.723931 0.0940774 
0.03 0.1 0.75 0.0347288 0.12396 1.28332 0.796968 0.0994257 0.0347288 0.12396 1.28332 0.796968 0.0674046 
0.03 0.15 0.2 0 0 0 0 0 0 0 0 0 0 
0.03 0.15 0.25 0 0 0 0 0 0 0 0 0 0 
0.03 0.15 0.3 0 0 0 0 0 0 0 0 0 0 
0.03 0.15 0.35 0 0 0 0 0 0 0 0 0 0 
0.03 0.15 0.4 0.0352581 0.191128 2.04957 0.422219 0.601701 0.0352581 0.191128 2.04957 0.422219 0.453408 
0.03 0.15 0.45 0.0336761 0.185383 1.86025 0.47322 0.43792 0.0336761 0.185383 1.86025 0.47322 0.349543 
0.03 0.15 0.5 0.0345515 0.176356 1.81738 0.5249 0.306199 0.0345515 0.176356 1.81738 0.5249 0.248874 
0.03 0.15 0.55 0.0348825 0.1722 1.79314 0.572915 0.258503 0.0348825 0.1722 1.79314 0.572915 0.19887 
0.03 0.15 0.6 0.0341692 0.169665 1.72608 0.622542 0.203874 0.0341692 0.169665 1.72608 0.622542 0.155229 
0.03 0.15 0.65 0.03436 0.174737 1.78781 0.674561 0.158753 0.03436 0.174737 1.78781 0.674561 0.118013 
0.03 0.15 0.7 0.0341266 0.173793 1.76514 0.723587 0.129567 0.0341266 0.173793 1.76514 0.723587 0.0950654 
0.03 0.15 0.75 0.0348898 0.171817 1.77143 0.805111 0.0927235 0.0348898 0.171817 1.77143 0.805111 0.0591557 
0.03 0.2 0.2 0 0 0 0 0 0 0 0 0 0 
0.03 0.2 0.25 0.0327352 0.296373 3.0066 0.275885 0 0.0327352 0.296373 3.0066 0.275885 0 
0.03 0.2 0.3 0.034804 0.27423 2.84845 0.322877 1.10119 0.034804 0.27423 2.84845 0.322877 0.897344 
0.03 0.2 0.35 0.0350527 0.254685 2.67185 0.374109 0.761047 0.0350527 0.254685 2.67185 0.374109 0.616742 
0.03 0.2 0.4 0.034152 0.240497 2.43922 0.425002 0.563566 0.034152 0.240497 2.43922 0.425002 0.450321 
0.03 0.2 0.45 0.0350067 0.239255 2.49208 0.472184 0.412746 0.0350067 0.239255 2.49208 0.472184 0.320871 
0.03 0.2 0.5 0.0345722 0.238114 2.45548 0.524952 0.29992 0.0345722 0.238114 2.45548 0.524952 0.232842 
0.03 0.2 0.55 0.034597 0.245139 2.51103 0.574547 0.22519 0.034597 0.245139 2.51103 0.574547 0.173471 
0.03 0.2 0.6 0.0344963 0.241642 2.46662 0.624121 0.196963 0.0344963 0.241642 2.46662 0.624121 0.141409 
0.03 0.2 0.65 0.0344432 0.238532 2.43183 0.670807 0.140175 0.0344432 0.238532 2.43183 0.670807 0.101715 
0.03 0.2 0.7 0.0343446 0.244036 2.47659 0.728321 0.118762 0.0343446 0.244036 2.47659 0.728321 0.0843535 
0.03 0.2 0.75 0.03412 0.233767 2.37929 0.790669 0.0761169 0.03412 0.233767 2.37929 0.790669 0.0566724 
0.03 0.3 0.2 0.0343992 0.432713 4.43916 0.222239 2.1802 0.0343992 0.432713 4.43916 0.222239 1.87245 
0.03 0.3 0.25 0.0347098 0.380603 3.9319 0.273829 1.4453 0.0347098 0.380603 3.9319 0.273829 1.2467 
0.03 0.3 0.3 0.0345671 0.381272 3.9128 0.324379 1.03852 0.0345671 0.381272 3.9128 0.324379 0.857029 
0.03 0.3 0.35 0.0346274 0.372271 3.81916 0.375055 0.708191 0.0346274 0.372271 3.81916 0.375055 0.562797 
0.03 0.3 0.4 0.0347666 0.381848 3.94567 0.426243 0.515994 0.0347666 0.381848 3.94567 0.426243 0.409526 
0.03 0.3 0.45 0.0343257 0.369808 3.76815 0.474383 0.377953 0.0343257 0.369808 3.76815 0.474383 0.302269 
0.03 0.3 0.5 0.0337209 0.363029 3.64027 0.52453 0.265954 0.0337209 0.363029 3.64027 0.52453 0.209385 
0.03 0.3 0.55 0.0338085 0.356215 3.54968 0.576532 0.184175 0.0338085 0.356215 3.54968 0.576532 0.154738 
0.03 0.3 0.6 0.0351585 0.334958 3.52825 0.629884 0.149279 0.0351585 0.334958 3.52825 0.629884 0.108743 
0.03 0.3 0.65 0.0345247 0.341035 3.44983 0.684441 0.113856 0.0345247 0.341035 3.44983 0.684441 0.0768698 
0.03 0.3 0.7 0.0326311 0.323145 3.10632 0.72754 0.0764471 0.0326311 0.323145 3.10632 0.72754 0.0627834 
0.03 0.3 0.75 0.0354475 0.310488 3.0971 0.804253 0.03832 0.0354475 0.310488 3.0971 0.804253 0.0552953 
0.03 0.5 0.2 0.0340138 0.578401 5.86766 0.221853 2.24 0.0340138 0.578401 5.86766 0.221853 1.89527 
0.03 0.5 0.25 0.0346292 0.583571 6.02485 0.27336 1.47874 0.0346292 0.583571 6.02485 0.27336 1.22589 
0.03 0.5 0.3 0.0344022 0.580513 5.89949 0.323178 0.952291 0.0344022 0.580513 5.89949 0.323178 0.805731 
0.03 0.5 0.35 0.0332678 0.555411 5.46454 0.370727 0.686539 0.0332678 0.555411 5.46454 0.370727 0.49002 
0.03 0.5 0.4 0.0348841 0.533275 5.50691 0.422924 0.40299 0.0348841 0.533275 5.50691 0.422924 0.378536 
0.03 0.5 0.45 0.0316682 0.500143 4.6511 0.49779 0 0.0316682 0.500143 4.6511 0.49779 0 
0.03 0.5 0.5 0 0 0 0 0 0 0 0 0 0 
0.03 0.5 0.55 0 0 0 0 0 0 0 0 0 0 
0.03 0.5 0.6 0 0 0 0 0 0 0 0 0 0 
0.03 0.5 0.65 0 0 0 0 0 0 0 0 0 0 
0.03 0.5 0.7 0 0 0 0 0 0 0 0 0 0 
0.03 0.5 0.75 0 0 0 0 0 0 0 0 0 0 
0.03 0.7 0.2 0 0 0 0 0 0 0 0 0 0 
0.03 0.7 0.25 0 0 0 0 0 0 0 0 0 0 
0.03 0.7 0.3 0 0 0 0 0 0 0 0 0 0 
0.03 0.7 0.35 0 0 0 0 0 0 0 0 0 0 
0.03 0.7 0.4 0 0 0 0 0 0 0 0 0 0 
0.03 0.7 0.45 0 0 0 0 0 0 0 0 0 0 
0.03 0.7 0.5 0 0 0 0 0 0 0 0 0 0 
0.03 0.7 0.55 0 0 0 0 0 0 0 0 0 0 
0.03 0.7 0.6 0 0 0 0 0 0 0 0 0 0 
0.03 0.7 0.65 0 0 0 0 0 0 0 0 0 0 
0.03 0.7 0.7 0 0 0 0 0 0 0 0 0 0 
0.03 0.7 0.75 0 0 0 0 0 0 0 0 0 0 
0.04 0.1 0.2 0 0 0 0 0 0 0 0 0 0 
0.04 0.1 0.25 0 0 0 0 0 0 0 0 0 0 
0.04 0.1 0.3 0 0 0 0 0 0 0 0 0 0 
0.04 0.1 0.35 0 0 0 0 0 0 0 0 0 0 
0.04 0.1 0.4 0 0 0 0 0 0 0 0 0 0 
0.04 0.1 0.45 0 0 0 0 0 0 0 0 0 0 
0.04 0.1 0.5 0.0571495 0.149165 2.65023 0.522204 0 0.0571495 0.149165 2.65023 0.522204 0 
0.04 0.1 0.55 0.0473268 0.14347 2.0406 0.573281 0.26466 0.0473268 0.14347 2.0406 0.573281 0.19331 
0.04 0.1 0.6 0.0476642 0.138922 1.97765 0.625597 0.193436 0.0476642 0.138922 1.97765 0.625597 0.138419 
0.04 0.1 0.65 0.047981 0.130495 1.88411 0.675275 0.164687 0.047981 0.130495 1.88411 0.675275 0.117215 
0.04 0.1 0.7 0.0478464 0.127883 1.81605 0.722316 0.135008 0.0478464 0.127883 1.81605 0.722316 0.0944612 
0.04 0.1 0.75 0.0482835 0.122049 1.75344 0.793973 0.0933977 0.0482835 0.122049 1.75344 0.793973 0.0601856 
0.04 0.15 0.2 0 0 0 0 0 0 0 0 0 0 
0.04 0.15 0.25 0 0 0 0 0 0 0 0 0 0 
0.04 0.15 0.3 0 0 0 0 0 0 0 0 0 0 
0.04 0.15 0.35 0 0 0 0 0 0 0 0 0 0 
0.04 0.15 0.4 0.0468875 0.193123 2.74053 0.424216 0.593707 0.0468875 0.193123 2.74053 0.424216 0.448473 
0.04 0.15 0.45 0.0491268 0.181377 2.65733 0.474655 0.426976 0.0491268 0.181377 2.65733 0.474655 0.335297 
0.04 0.15 0.5 0.0492414 0.174524 2.57243 0.520869 0.323506 0.0492414 0.174524 2.57243 0.520869 0.24987 
0.04 0.15 0.55 0.0481005 0.174027 2.48405 0.575467 0.253791 0.0481005 0.174027 2.48405 0.575467 0.181859 
0.04 0.15 0.6 0.0477449 0.173803 2.44604 0.627391 0.185879 0.0477449 0.173803 2.44604 0.627391 0.139658 
0.04 0.15 0.65 0.0485682 0.177527 2.5715 0.675389 0.161056 0.0485682 0.177527 2.5715 0.675389 0.102721 
0.04 0.15 0.7 0.0483924 0.17544 2.50577 0.720042 0.123459 0.0483924 0.17544 2.50577 0.720042 0.0860453 
0.04 0.15 0.75 0.04757 0.169825 2.40155 0.798755 0.0848032 0.04757 0.169825 2.40155 0.798755 0.0567679 
0.04 0.2 0.2 0 0 0 0 0 0 0 0 0 0 
0.04 0.2 0.25 0.0485148 0.295282 4.43354 0.268916 0 0.0485148 0.295282 4.43354 0.268916 0 
0.04 0.2 0.3 0.049011 0.271727 4.01556 0.321735 1.09262 0.049011 0.271727 4.01556 0.321735 0.873401 
0.04 0.2 0.35 0.0483203 0.250275 3.59934 0.374307 0.769116 0.0483203 0.250275 3.59934 0.374307 0.615084 
0.04 0.2 0.4 0.0488991 0.240609 3.50363 0.422918 0.532145 0.0488991 0.240609 3.50363 0.422918 0.442867 
0.04 0.2 0.45 0.0492269 0.239665 3.49547 0.473885 0.407681 0.0492269 0.239665 3.49547 0.473885 0.303337 
0.04 0.2 0.5 0.0478098 0.240782 3.41724 0.522855 0.300379 0.0478098 0.240782 3.41724 0.522855 0.209966 
0.04 0.2 0.55 0.0483223 0.23543 3.40083 0.57214 0.238746 0.0483223 0.23543 3.40083 0.57214 0.166764 
0.04 0.2 0.6 0.0498916 0.243073 3.59707 0.624136 0.185139 0.0498916 0.243073 3.59707 0.624136 0.12518 
0.04 0.2 0.65 0.0474521 0.239184 3.34023 0.672323 0.140195 0.0474521 0.239184 3.34023 0.672323 0.0990908 
0.04 0.2 0.7 0.0494052 0.236027 3.46473 0.727536 0.108769 0.0494052 0.236027 3.46473 0.727536 0.0740187 
0.04 0.2 0.75 0.0503166 0.242549 3.62541 0.790807 0.0730359 0.0503166 0.242549 3.62541 0.790807 0.0485304 
0.04 0.3 0.2 0.0480347 0.428441 6.14051 0.22264 2.19136 0.0480347 0.428441 6.14051 0.22264 1.79398 
0.04 0.3 0.25 0.0489873 0.381508 5.55867 0.274363 1.52833 0.0489873 0.381508 5.55867 0.274363 1.2338 
0.04 0.3 0.3 0.048039 0.382719 5.45754 0.322654 1.00238 0.048039 0.382719 5.45754 0.322654 0.827287 
0.04 0.3 0.35 0.0489105 0.379624 5.49857 0.373818 0.727989 0.0489105 0.379624 5.49857 0.373818 0.572316 
0.04 0.3 0.4 0.0478738 0.366824 5.21623 0.422871 0.553237 0.0478738 0.366824 5.21623 0.422871 0.403255 
0.04 0.3 0.45 0.0485745 0.375722 5.42453 0.471478 0.369929 0.0485745 0.375722 5.42453 0.471478 0.297829 
0.04 0.3 0.5 0.0489321 0.357544 5.22505 0.523711 0.262148 0.0489321 0.357544 5.22505 0.523711 0.201542 
0.04 0.3 0.55 0.0489949 0.356716 5.15686 0.571862 0.195455 0.0489949 0.356716 5.15686 0.571862 0.151196 
0.04 0.3 0.6 0.0478453 0.335825 4.68695 0.622718 0.159903 0.0478453 0.335825 4.68695 0.622718 0.101919 
0.04 0.3 0.65 0.0479963 0.327853 4.64779 0.677632 0.111129 0.0479963 0.327853 4.64779 0.677632 0.0836141 
0.04 0.3 0.7 0.0459427 0.316424 4.28215 0.727263 0.0751242 0.0459427 0.316424 4.28215 0.727263 0.059676 
0.04 0.3 0.75 0.0424383 0.303121 3.6765 0.839981 0.060114 0.0424383 0.303121 3.6765 0.839981 0.0279329 
0.04 0.5 0.2 0.048181 0.587186 8.44057 0.22505 2.19105 0.048181 0.587186 8.44057 0.22505 1.8048 
0.04 0.5 0.25 0.0501875 0.581002 8.65525 0.272349 1.41451 0.0501875 0.581002 8.65525 0.272349 1.19711 
0.04 0.5 0.3 0.0497858 0.57808 8.56968 0.322526 1.00097 0.0497858 0.57808 8.56968 0.322526 0.786525 
0.04 0.5 0.35 0.049764 0.557292 8.2588 0.375127 0.66237 0.049764 0.557292 8.2588 0.375127 0.51447 
0.04 0.5 0.4 0.0473561 0.534054 7.60014 0.427959 0.394857 0.0473561 0.534054 7.60014 0.427959 0.355517 
0.04 0.5 0.45 0.0431949 0.513446 6.18754 0.484098 0 0.0431949 0.513446 6.18754 0.484098 0 
0.04 0.5 0.5 0 0 0 0 0 0 0 0 0 0 
0.04 0.5 0.55 0 0 0 0 0 0 0 0 0 0 
0.04 0.5 0.6 0 0 0 0 0 0 0 0 0 0 
0.04 0.5 0.65 0 0 0 0 0 0 0 0 0 0 
0.04 0.5 0.7 0 0 0 0 0 0 0 0 0 0 
0.04 0.5 0.75 0 0 0 0 0 0 0 0 0 0 
0.04 0.7 0.2 0 0 0 0 0 0 0 0 0 0 
0.04 0.7 0.25 0 0 0 0 0 0 0 0 0 0 
0.04 0.7 0.3 0 0 0 0 0 0 0 0 0 0 
0.04 0.7 0.35 0 0 0 0 0 0 0 0 0 0 
0.04 0.7 0.4 0 0 0 0 0 0 0 0 0 0 
0.04 0.7 0.45 0 0 0 0 0 0 0 0 0 0 
0.04 0.7 0.5 0 0 0 0 0 0 0 0 0 0 
0.04 0.7 0.55 0 0 0 0 0 0 0 0 0 0 
0.04 0.7 0.6 0 0 0 0 0 0 0 0 0 0 
0.04 0.7 0.65 0 0 0 0 0 0 0 0 0 0 
0.04 0.7 0.7 0 0 0 0 0 0 0 0 0 0 
0.04 0.7 0.75 0 0 0 0 0 0 0 0 0 0 
0.06 0.1 0.2 0 0 0 0 0 0 0 0 0 0 
0.06 0.1 0.25 0 0 0 0 0 0 0 0 0 0 
0.06 0.1 0.3 0 0 0 0 0 0 0 0 0 0 
0.06 0.1 0.35 0 0 0 0 0 0 0 0 0 0 
0.06 0.1 0.4 0 0 0 0 0 0 0 0 0 0 
0.06 0.1 0.45 0 0 0 0 0 0 0 0 0 0 
0.06 0.1 0.5 0.0681917 0.148552 3.15675 0.519993 0 0.0681917 0.148552 3.15675 0.519993 0 
0.06 0.1 0.55 0.0755611 0.140575 3.19181 0.573318 0.240365 0.0755611 0.140575 3.19181 0.573318 0.167676 
0.06 0.1 0.6 0.0763917 0.138182 3.1515 0.626367 0.188739 0.0763917 0.138182 3.1515 0.626367 0.132339 
0.06 0.1 0.65 0.077371 0.134564 3.11802 0.674577 0.151016 0.077371 0.134564 3.11802 0.674577 0.0991977 
0.06 0.1 0.7 0.0753191 0.127456 2.84491 0.727491 0.114415 0.0753191 0.127456 2.84491 0.727491 0.0794166 
0.06 0.1 0.75 0.0731664 0.124755 2.71493 0.799054 0.0826636 0.0731664 0.124755 2.71493 0.799054 0.0531341 
0.06 0.15 0.2 0 0 0 0 0 0 0 0 0 0 
0.06 0.15 0.25 0 0 0 0 0 0 0 0 0 0 
0.06 0.15 0.3 0 0 0 0 0 0 0 0 0 0 
0.06 0.15 0.35 0 0 0 0 0 0 0 0 0 0 
0.06 0.15 0.4 0.0778128 0.193433 4.57604 0.425112 0.584498 0.0778128 0.193433 4.57604 0.425112 0.460271 
0.06 0.15 0.45 0.073375 0.181154 4.01371 0.473408 0.405345 0.073375 0.181154 4.01371 0.473408 0.304363 
0.06 0.15 0.5 0.0735335 0.173017 3.78561 0.522255 0.315065 0.0735335 0.173017 3.78561 0.522255 0.208833 
0.06 0.15 0.55 0.0759588 0.172313 3.86304 0.576914 0.23309 0.0759588 0.172313 3.86304 0.576914 0.163022 
0.06 0.15 0.6 0.0776981 0.176307 4.02249 0.626503 0.184138 0.0776981 0.176307 4.02249 0.626503 0.119599 
0.06 0.15 0.65 0.0754593 0.170876 3.83341 0.670186 0.1378 0.0754593 0.170876 3.83341 0.670186 0.0926162 
0.06 0.15 0.7 0.0711405 0.17165 3.6541 0.7271 0.114746 0.0711405 0.17165 3.6541 0.7271 0.0684515 
0.06 0.15 0.75 0.0775087 0.173025 3.9784 0.799683 0.0732565 0.0775087 0.173025 3.9784 0.799683 0.0428182 
0.06 0.2 0.2 0 0 0 0 0 0 0 0 0 0 
0.06 0.2 0.25 0.0798588 0.295957 7.29547 0.276915 0 0.0798588 0.295957 7.29547 0.276915 0 
0.06 0.2 0.3 0.0753775 0.275377 6.23183 0.324226 1.07121 0.0753775 0.275377 6.23183 0.324226 0.798225 
0.06 0.2 0.35 0.0741702 0.25517 5.6424 0.374194 0.774462 0.0741702 0.25517 5.6424 0.374194 0.56614 
0.06 0.2 0.4 0.076385 0.243403 5.55628 0.42073 0.555253 0.076385 0.243403 5.55628 0.42073 0.393032 
0.06 0.2 0.45 0.0759877 0.243572 5.48708 0.474097 0.413133 0.0759877 0.243572 5.48708 0.474097 0.289618 
0.06 0.2 0.5 0.0744891 0.244024 5.41272 0.52562 0.306639 0.0744891 0.244024 5.41272 0.52562 0.204444 
0.06 0.2 0.55 0.0751284 0.242027 5.41011 0.575527 0.231459 0.0751284 0.242027 5.41011 0.575527 0.144827 
0.06 0.2 0.6 0.0745997 0.23688 5.26 0.622627 0.1727 0.0745997 0.23688 5.26 0.622627 0.115803 
0.06 0.2 0.65 0.0803317 0.247417 5.85342 0.676017 0.146561 0.0803317 0.247417 5.85342 0.676017 0.0912831 
0.06 0.2 0.7 0.073219 0.242748 5.26076 0.721133 0.10163 0.073219 0.242748 5.26076 0.721133 0.0610475 
0.06 0.2 0.75 0.0780548 0.234422 5.455 0.7962 0.065694 0.0780548 0.234422 5.455 0.7962 0.0385049 
0.06 0.3 0.2 0.0760442 0.434711 9.85545 0.222464 2.19117 0.0760442 0.434711 9.85545 0.222464 1.81958 
0.06 0.3 0.25 0.0769296 0.372915 8.53175 0.27339 1.52649 0.0769296 0.372915 8.53175 0.27339 1.17371 
0.06 0.3 0.3 0.0746986 0.383642 8.51542 0.323078 1.07864 0.0746986 0.383642 8.51542 0.323078 0.786479 
0.06 0.3 0.35 0.0761364 0.377372 8.59496 0.373929 0.720852 0.0761364 0.377372 8.59496 0.373929 0.55766 
0.06 0.3 0.4 0.0780134 0.374121 8.73356 0.424346 0.520772 0.0780134 0.374121 8.73356 0.424346 0.381504 
0.06 0.3 0.45 0.0775185 0.371097 8.52058 0.470288 0.370988 0.0775185 0.371097 8.52058 0.470288 0.254885 
0.06 0.3 0.5 0.0702178 0.375178 7.75419 0.526685 0.262864 0.0702178 0.375178 7.75419 0.526685 0.178957 
0.06 0.3 0.55 0.0717125 0.352329 7.4494 0.57476 0.189852 0.0717125 0.352329 7.4494 0.57476 0.132223 
0.06 0.3 0.6 0.0832534 0.334773 8.36757 0.631616 0.138362 0.0832534 0.334773 8.36757 0.631616 0.0902033 
0.06 0.3 0.65 0.0693995 0.33899 7.06802 0.666133 0.10208 0.0693995 0.33899 7.06802 0.666133 0.0706227 
0.06 0.3 0.7 0.0760897 0.324686 7.2845 0.71787 0.0590681 0.0760897 0.324686 7.2845 0.71787 0.051177 
0.06 0.3 0.75 0 0 0 0 0.0505208 0 0 0 0 0.0362746 
0.06 0.5 0.2 0.0784751 0.586829 13.6946 0.221717 2.30016 0.0784751 0.586829 13.6946 0.221717 1.84124 
0.06 0.5 0.25 0.0776836 0.591293 13.6642 0.274826 1.43113 0.0776836 0.591293 13.6642 0.274826 1.1757 
0.06 0.5 0.3 0.0778609 0.577007 13.2515 0.327211 1.00609 0.0778609 0.577007 13.2515 0.327211 0.747493 
0.06 0.5 0.35 0.0788081 0.563524 13.1646 0.372105 0.707466 0.0788081 0.563524 13.1646 0.372105 0.495472 
0.06 0.5 0.4 0.0679033 0.529926 10.675 0.431221 0.40109 0.0679033 0.529926 10.675 0.431221 0.306308 
0.06 0.5 0.45 0.0754485 0.51488 11.0948 0.462337 0 0.0754485 0.51488 11.0948 0.462337 0 
0.06 0.5 0.5 0 0 0 0 0 0 0 0 0 0 
0.06 0.5 0.55 0 0 0 0 0 0 0 0 0 0 
0.06 0.5 0.6 0 0 0 0 0 0 0 0 0 0 
0.06 0.5 0.65 0 0 0 0 0 0 0 0 0 0 
0.06 0.5 0.7 0 0 0 0 0 0 0 0 0 0 
0.06 0.5 0.75 0 0 0 0 0 0 0 0 0 0 
0.06 0.7 0.2 0 0 0 0 0 0 0 0 0 0 
0.06 0.7 0.25 0 0 0 0 0 0 0 0 0 0 
0.06 0.7 0.3 0 0 0 0 0 0 0 0 0 0 
0.06 0.7 0.35 0 0 0 0 0 0 0 0 0 0 
0.06 0.7 0.4 0 0 0 0 0 0 0 0 0 0 
0.06 0.7 0.45 0 0 0 0 0 0 0 0 0 0 
0.06 0.7 0.5 0 0 0 0 0 0 0 0 0 0 
0.06 0.7 0.55 0 0 0 0 0 0 0 0 0 0 
0.06 0.7 0.6 0 0 0 0 0 0 0 0 0 0 
0.06 0.7 0.65 0 0 0 0 0 0 0 0 0 0 
0.06 0.7 0.7 0 0 0 0 0 0 0 0 0 0 
0.06 0.7 0.75 0 0 0 0 0 0 0 0 0 0 
0.1 0.1 0.2 0 0 0 0 0 0 0 0 0 0 
0.1 0.1 0.25 0 0 0 0 0 0 0 0 0 0 
0.1 0.1 0.3 0 0 0 0 0 0 0 0 0 0 
0.1 0.1 0.35 0 0 0 0 0 0 0 0 0 0 
0.1 0.1 0.4 0 0 0 0 0 0 0 0 0 0 
0.1 0.1 0.45 0 0 0 0 0 0 0 0 0 0 
0.1 0.1 0.5 0 0 0 0 0 0 0 0 0 0 
0.1 0.1 0.55 0.126044 0.143513 5.48695 0.57701 0.23275 0.126044 0.143513 5.48695 0.57701 0.110492 
0.1 0.1 0.6 0.119462 0.135059 4.81535 0.615394 0.172791 0.119462 0.135059 4.81535 0.615394 0.0942337 
0.1 0.1 0.65 0.115347 0.133867 4.60482 0.668269 0.137992 0.115347 0.133867 4.60482 0.668269 0.0819126 
0.1 0.1 0.7 0.114347 0.124808 4.3097 0.713678 0.112689 0.114347 0.124808 4.3097 0.713678 0.0553716 
0.1 0.1 0.75 0.115554 0.122695 4.23206 0.777843 0.076071 0.115554 0.122695 4.23206 0.777843 0.0423232 
0.1 0.15 0.2 0 0 0 0 0 0 0 0 0 0 
0.1 0.15 0.25 0 0 0 0 0 0 0 0 0 0 
0.1 0.15 0.3 0 0 0 0 0 0 0 0 0 0 
0.1 0.15 0.35 0 0 0 0 0 0 0 0 0 0 
0.1 0.15 0.4 0.123523 0.193801 7.2311 0.416366 0.604167 0.123523 0.193801 7.2311 0.416366 0.366635 
0.1 0.15 0.45 0.114964 0.181052 6.23074 0.470801 0.357898 0.114964 0.181052 6.23074 0.470801 0.237236 
0.1 0.15 0.5 0.118864 0.173739 6.10035 0.525379 0.290563 0.118864 0.173739 6.10035 0.525379 0.196389 
0.1 0.15 0.55 0.115158 0.170372 5.8335 0.571191 0.208663 0.115158 0.170372 5.8335 0.571191 0.150114 
0.1 0.15 0.6 0.11918 0.173036 6.16712 0.63294 0.162977 0.11918 0.173036 6.16712 0.63294 0.0999646 
0.1 0.15 0.65 0.120221 0.175875 6.25678 0.677231 0.124964 0.120221 0.175875 6.25678 0.677231 0.0752811 
0.1 0.15 0.7 0.11317 0.171655 5.89002 0.7244 0.0973984 0.11317 0.171655 5.89002 0.7244 0.0498114 
0.1 0.15 0.75 0.113356 0.170577 5.7341 0.815918 0.0709874 0.113356 0.170577 5.7341 0.815918 0.0329508 
0.1 0.2 0.2 0 0 0 0 0 0 0 0 0 0 
0.1 0.2 0.25 0 0 0 0 0 0 0 0 0 0 
0.1 0.2 0.3 0.121433 0.273796 9.92825 0.324569 1.02964 0.121433 0.273796 9.92825 0.324569 0.756756 
0.1 0.2 0.35 0.118027 0.257206 9.05538 0.376406 0.750545 0.118027 0.257206 9.05538 0.376406 0.523742 
0.1 0.2 0.4 0.114589 0.254577 8.65023 0.422295 0.548298 0.114589 0.254577 8.65023 0.422295 0.362423 
0.1 0.2 0.45 0.115738 0.246015 8.42362 0.474877 0.408656 0.115738 0.246015 8.42362 0.474877 0.25887 
0.1 0.2 0.5 0.110226 0.237076 7.73306 0.523841 0.294339 0.110226 0.237076 7.73306 0.523841 0.179583 
0.1 0.2 0.55 0.113176 0.246709 8.23929 0.569086 0.213252 0.113176 0.246709 8.23929 0.569086 0.126859 
0.1 0.2 0.6 0.121716 0.236939 8.50775 0.627069 0.162998 0.121716 0.236939 8.50775 0.627069 0.0954733 
0.1 0.2 0.65 0.118658 0.230257 8.35577 0.669177 0.124614 0.118658 0.230257 8.35577 0.669177 0.0658597 
0.1 0.2 0.7 0.113573 0.256435 8.62921 0.724411 0.081827 0.113573 0.256435 8.62921 0.724411 0.0485206 
0.1 0.2 0.75 0.121756 0.235375 8.62927 0.800357 0.0511152 0.121756 0.235375 8.62927 0.800357 0.0321936 
0.1 0.3 0.2 0.118666 0.429478 15.2991 0.223904 2.27631 0.118666 0.429478 15.2991 0.223904 1.75517 
0.1 0.3 0.25 0.11638 0.377721 13.1293 0.274448 1.51391 0.11638 0.377721 13.1293 0.274448 1.1317 
0.1 0.3 0.3 0.116804 0.375325 12.9827 0.323417 1.05807 0.116804 0.375325 12.9827 0.323417 0.761796 
0.1 0.3 0.35 0.118135 0.3803 13.3223 0.369547 0.742383 0.118135 0.3803 13.3223 0.369547 0.510314 
0.1 0.3 0.4 0.117928 0.380417 13.3069 0.425807 0.528624 0.117928 0.380417 13.3069 0.425807 0.333198 
0.1 0.3 0.45 0.117243 0.37834 13.1636 0.468345 0.357996 0.117243 0.37834 13.1636 0.468345 0.245259 
0.1 0.3 0.5 0.118501 0.36635 12.7351 0.527745 0.235894 0.118501 0.36635 12.7351 0.527745 0.159539 
0.1 0.3 0.55 0.11253 0.334945 11.1941 0.577192 0.183716 0.11253 0.334945 11.1941 0.577192 0.124751 
0.1 0.3 0.6 0.118614 0.336166 11.5656 0.624147 0.137589 0.118614 0.336166 11.5656 0.624147 0.0832901 
0.1 0.3 0.65 0.110188 0.329615 10.8942 0.680273 0.0696078 0.110188 0.329615 10.8942 0.680273 0.0533163 
0.1 0.3 0.7 0.107454 0.326919 10.2721 0.72851 0.0740559 0.107454 0.326919 10.2721 0.72851 0.0598777 
0.1 0.3 0.75 0 0 0 0 0 0 0 0 0 0 
0.1 0.5 0.2 0.119488 0.584816 20.6014 0.22229 2.28235 0.119488 0.584816 20.6014 0.22229 1.88941 
0.1 0.5 0.25 0.121134 0.578484 20.8231 0.273825 1.60786 0.121134 0.578484 20.8231 0.273825 1.14787 
0.1 0.5 0.3 0.115836 0.574022 19.8261 0.319969 1.05186 0.115836 0.574022 19.8261 0.319969 0.77483 
0.1 0.5 0.35 0.12005 0.559527 19.8403 0.375129 0.70111 0.12005 0.559527 19.8403 0.375129 0.496419 
0.1 0.5 0.4 0.110179 0.533723 17.5718 0.423723 0.450901 0.110179 0.533723 17.5718 0.423723 0.36711 
0.1 0.5 0.45 0 0 0 0 0 0 0 0 0 0 
0.1 0.5 0.5 0 0 0 0 0 0 0 0 0 0 
0.1 0.5 0.55 0 0 0 0 0 0 0 0 0 0 
0.1 0.5 0.6 0 0 0 0 0 0 0 0 0 0 
0.1 0.5 0.65 0 0 0 0 0 0 0 0 0 0 
0.1 0.5 0.7 0 0 0 0 0 0 0 0 0 0 
0.1 0.5 0.75 0 0 0 0 0 0 0 0 0 0 
0.1 0.7 0.2 0 0 0 0 0 0 0 0 0 0 
0.1 0.7 0.25 0 0 0 0 0 0 0 0 0 0 
0.1 0.7 0.3 0 0 0 0 0 0 0 0 0 0 
0.1 0.7 0.35 0 0 0 0 0 0 0 0 0 0 
0.1 0.7 0.4 0 0 0 0 0 0 0 0 0 0 
0.1 0.7 0.45 0 0 0 0 0 0 0 0 0 0 
0.1 0.7 0.5 0 0 0 0 0 0 0 0 0 0 
0.1 0.7 0.55 0 0 0 0 0 0 0 0 0 0 
0.1 0.7 0.6 0 0 0 0 0 0 0 0 0 0 
0.1 0.7 0.65 0 0 0 0 0 0 0 0 0 0 
0.1 0.7 0.7 0 0 0 0 0 0 0 0 0 0 
0.1 0.7 0.75 0 0 0 0 0 0 0 0 0 0 
0.14 0.1 0.2 0 0 0 0 0 0 0 0 0 0 
0.14 0.1 0.25 0 0 0 0 0 0 0 0 0 0 
0.14 0.1 0.3 0 0 0 0 0 0 0 0 0 0 
0.14 0.1 0.35 0 0 0 0 0 0 0 0 0 0 
0.14 0.1 0.4 0 0 0 0 0 0 0 0 0 0 
0.14 0.1 0.45 0 0 0 0 0 0 0 0 0 0 
0.14 0.1 0.5 0.140815 0.147582 6.42231 0.546805 0 0.140815 0.147582 6.42231 0.546805 0 
0.14 0.1 0.55 0.166783 0.147831 7.30295 0.58106 0.271982 0.166783 0.147831 7.30295 0.58106 0.155838 
0.14 0.1 0.6 0.143408 0.137829 5.8782 0.611187 0.151972 0.143408 0.137829 5.8782 0.611187 0.0970461 
0.14 0.1 0.65 0.158035 0.136433 6.50555 0.686965 0.123965 0.158035 0.136433 6.50555 0.686965 0.0768361 
0.14 0.1 0.7 0.148388 0.130277 5.8188 0.722222 0.0915985 0.148388 0.130277 5.8188 0.722222 0.0565928 
0.14 0.1 0.75 0.153457 0.114589 5.24314 0.79895 0.0657836 0.153457 0.114589 5.24314 0.79895 0.0360158 
0.14 0.15 0.2 0 0 0 0 0 0 0 0 0 0 
0.14 0.15 0.25 0 0 0 0 0 0 0 0 0 0 
0.14 0.15 0.3 0 0 0 0 0 0 0 0 0 0 
0.14 0.15 0.35 0 0 0 0 0 0 0 0 0 0 
0.14 0.15 0.4 0.162727 0.194456 9.4995 0.429185 0.525634 0.162727 0.194456 9.4995 0.429185 0.357882 
0.14 0.15 0.45 0.157623 0.184369 8.68487 0.465711 0.352782 0.157623 0.184369 8.68487 0.465711 0.233853 
0.14 0.15 0.5 0.15393 0.184738 8.2791 0.532472 0.277223 0.15393 0.184738 8.2791 0.532472 0.158225 
0.14 0.15 0.55 0.154076 0.166578 7.67553 0.57855 0.210757 0.154076 0.166578 7.67553 0.57855 0.126999 
0.14 0.15 0.6 0 0 0 0 0.128842 0 0 0 0 0.0843823 
0.14 0.15 0.65 0.153895 0.176988 7.99815 0.67015 0.11861 0.153895 0.176988 7.99815 0.67015 0.0549723 
0.14 0.15 0.7 0.16998 0.168076 8.6288 0.71697 0.0829033 0.16998 0.168076 8.6288 0.71697 0.0395404 
0.14 0.15 0.75 0.17351 0.168055 9.05972 0.834679 0.0574097 0.17351 0.168055 9.05972 0.834679 0.0259976 
0.14 0.2 0.2 0 0 0 0 0 0 0 0 0 0 
0.14 0.2 0.25 0 0 0 0 0 0 0 0 0 0 
0.14 0.2 0.3 0.160374 0.270563 13.1799 0.325305 1.05824 0.160374 0.270563 13.1799 0.325305 0.729961 
0.14 0.2 0.35 0.156768 0.251862 11.7598 0.377195 0.696276 0.156768 0.251862 11.7598 0.377195 0.485498 
0.14 0.2 0.4 0.155367 0.234461 10.937 0.419523 0.445005 0.155367 0.234461 10.937 0.419523 0.363284 
0.14 0.2 0.45 0.155959 0.238251 10.8921 0.464458 0.365607 0.155959 0.238251 10.8921 0.464458 0.230905 
0.14 0.2 0.5 0.15327 0.249903 11.1816 0.519775 0.274027 0.15327 0.249903 11.1816 0.519775 0.144234 
0.14 0.2 0.55 0.145191 0.22542 10.002 0.579362 0.229997 0.145191 0.22542 10.002 0.579362 0.110034 
0.14 0.2 0.6 0.147258 0.212701 9.39755 0.626865 0.171496 0.147258 0.212701 9.39755 0.626865 0.0726234 
0.14 0.2 0.65 0.152409 0.247729 11.3206 0.677517 0.123218 0.152409 0.247729 11.3206 0.677517 0.0520837 
0.14 0.2 0.7 0 0 0 0 0.0751313 0 0 0 0 0.0354692 
0.14 0.2 0.75 0.149177 0.248913 11.2338 0.821975 0.0487069 0.149177 0.248913 11.2338 0.821975 0.0283079 
0.14 0.3 0.2 0.159718 0.414679 19.8251 0.22464 2.21677 0.159718 0.414679 19.8251 0.22464 1.71251 
0.14 0.3 0.25 0.156324 0.385905 17.9602 0.270642 1.47984 0.156324 0.385905 17.9602 0.270642 1.02343 
0.14 0.3 0.3 0.159 0.387848 18.2333 0.317821 1.0457 0.159 0.387848 18.2333 0.317821 0.760837 
0.14 0.3 0.35 0.153613 0.367607 16.7752 0.382076 0.686623 0.153613 0.367607 16.7752 0.382076 0.465779 
0.14 0.3 0.4 0.154828 0.404207 18.6806 0.431948 0.514679 0.154828 0.404207 18.6806 0.431948 0.273836 
0.14 0.3 0.45 0.159621 0.388346 18.3334 0.477534 0.332562 0.159621 0.388346 18.3334 0.477534 0.223251 
0.14 0.3 0.5 0.160709 0.385339 18.0891 0.519111 0.27496 0.160709 0.385339 18.0891 0.519111 0.178302 
0.14 0.3 0.55 0.150456 0.368543 16.7934 0.568727 0.169282 0.150456 0.368543 16.7934 0.568727 0.111205 
0.14 0.3 0.6 0.165003 0.325927 16.1072 0.615997 0.144376 0.165003 0.325927 16.1072 0.615997 0.0499168 
0.14 0.3 0.65 0.153189 0.323097 14.9614 0.675487 0.0991642 0.153189 0.323097 14.9614 0.675487 0.0474992 
0.14 0.3 0.7 0.150526 0.302919 14.1937 0.705443 0.0911751 0.150526 0.302919 14.1937 0.705443 0.089601 
0.14 0.3 0.75 0 0 0 0 0 0 0 0 0 0 
0.14 0.5 0.2 0.158365 0.563766 26.3298 0.218581 0 0.158365 0.563766 26.3298 0.218581 0 
0.14 0.5 0.25 0.162081 0.61011 29.5496 0.276007 0 0.162081 0.61011 29.5496 0.276007 0 
0.14 0.5 0.3 0.161691 0.5674 27.4662 0.321106 0 0.161691 0.5674 27.4662 0.321106 0 
0.14 0.5 0.35 0.159854 0.561248 26.516 0.379689 0 0.159854 0.561248 26.516 0.379689 0 
0.14 0.5 0.4 0.171444 0.528215 26.7093 0.417797 0 0.171444 0.528215 26.7093 0.417797 0 
0.14 0.5 0.45 0 0 0 0 0 0 0 0 0 0 
0.14 0.5 0.5 0 0 0 0 0 0 0 0 0 0 
0.14 0.5 0.55 0 0 0 0 0 0 0 0 0 0 
0.14 0.5 0.6 0 0 0 0 0 0 0 0 0 0 
0.14 0.5 0.65 0 0 0 0 0 0 0 0 0 0 
0.14 0.5 0.7 0 0 0 0 0 0 0 0 0 0 
0.14 0.5 0.75 0 0 0 0 0 0 0 0 0 0 
0.14 0.7 0.2 0 0 0 0 0 0 0 0 0 0 
0.14 0.7 0.25 0 0 0 0 0 0 0 0 0 0 
0.14 0.7 0.3 0 0 0 0 0 0 0 0 0 0 
0.14 0.7 0.35 0 0 0 0 0 0 0 0 0 0 
0.14 0.7 0.4 0 0 0 0 0 0 0 0 0 0 
0.14 0.7 0.45 0 0 0 0 0 0 0 0 0 0 
0.14 0.7 0.5 0 0 0 0 0 0 0 0 0 0 
0.14 0.7 0.55 0 0 0 0 0 0 0 0 0 0 
0.14 0.7 0.6 0 0 0 0 0 0 0 0 0 0 
0.14 0.7 0.65 0 0 0 0 0 0 0 0 0 0 
0.14 0.7 0.7 0 0 0 0 0 0 0 0 0 0 
0.14 0.7 0.75 0 0 0 0 0 0 0 0 0 0 
0.18 0.1 0.2 0 0 0 0 0 0 0 0 0 0 
0.18 0.1 0.25 0 0 0 0 0 0 0 0 0 0 
0.18 0.1 0.3 0 0 0 0 0 0 0 0 0 0 
0.18 0.1 0.35 0 0 0 0 0 0 0 0 0 0 
0.18 0.1 0.4 0 0 0 0 0 0 0 0 0 0 
0.18 0.1 0.45 0 0 0 0 0 0 0 0 0 0 
0.18 0.1 0.5 0 0 0 0 0 0 0 0 0 0 
0.18 0.1 0.55 0 0 0 0 0 0 0 0 0 0 
0.18 0.1 0.6 0.180833 0.141933 8.19881 0.647681 0 0.180833 0.141933 8.19881 0.647681 0 
0.18 0.1 0.65 0.209679 0.133499 8.23968 0.668347 0 0.209679 0.133499 8.23968 0.668347 0 
0.18 0.1 0.7 0.242805 0.127966 9.0299 0.71501 0 0.242805 0.127966 9.0299 0.71501 0 
0.18 0.1 0.75 0.236866 0.111717 7.9311 0.76305 0 0.236866 0.111717 7.9311 0.76305 0 
0.18 0.15 0.2 0 0 0 0 0 0 0 0 0 0 
0.18 0.15 0.25 0 0 0 0 0 0 0 0 0 0 
0.18 0.15 0.3 0 0 0 0 0 0 0 0 0 0 
0.18 0.15 0.35 0 0 0 0 0 0 0 0 0 0 
0.18 0.15 0.4 0.202176 0.189989 12.2053 0.448347 0.508999 0.202176 0.189989 12.2053 0.448347 0.294524 
0.18 0.15 0.45 0.23064 0.184553 12.9881 0.471841 0.295484 0.23064 0.184553 12.9881 0.471841 0.193628 
0.18 0.15 0.5 0.209413 0.183937 11.6282 0.518637 0.266881 0.209413 0.183937 11.6282 0.518637 0.159759 
0.18 0.15 0.55 0.262665 0.177807 14.325 0.560932 0.196903 0.262665 0.177807 14.325 0.560932 0.1213 
0.18 0.15 0.6 0.257657 0.163322 13.0007 0.61375 0.145087 0.257657 0.163322 13.0007 0.61375 0.061323 
0.18 0.15 0.65 0.21744 0.172991 11.3896 0.67249 0.118855 0.21744 0.172991 11.3896 0.67249 0.0585956 
0.18 0.15 0.7 0.215932 0.196422 12.675 0.708416 0.0851644 0.215932 0.196422 12.675 0.708416 0.0460966 
0.18 0.15 0.75 0.215344 0.183301 12.079 0.794604 0.0679289 0.215344 0.183301 12.079 0.794604 0.021414 
0.18 0.2 0.2 0 0 0 0 0 0 0 0 0 0 
0.18 0.2 0.25 0.237877 0.297866 22.3035 0.2845 0 0.237877 0.297866 22.3035 0.2845 0 
0.18 0.2 0.3 0.225181 0.272742 18.4062 0.322358 0.946209 0.225181 0.272742 18.4062 0.322358 0.660133 
0.18 0.2 0.35 0.243467 0.255925 18.6916 0.37311 0.661313 0.243467 0.255925 18.6916 0.37311 0.420872 
0.18 0.2 0.4 0.258317 0.242222 18.2948 0.427058 0.45275 0.258317 0.242222 18.2948 0.427058 0.286483 
0.18 0.2 0.45 0.221321 0.260182 17.3305 0.476401 0.345241 0.221321 0.260182 17.3305 0.476401 0.180277 
0.18 0.2 0.5 0.271889 0.246779 20.0695 0.523937 0.248494 0.271889 0.246779 20.0695 0.523937 0.146932 
0.18 0.2 0.55 0.210562 0.283462 18.2523 0.588077 0.173499 0.210562 0.283462 18.2523 0.588077 0.0889787 
0.18 0.2 0.6 0.219578 0.230122 14.9038 0.619118 0.162962 0.219578 0.230122 14.9038 0.619118 0.0688149 
0.18 0.2 0.65 0.198486 0.219468 13.1377 0.676875 0.0989379 0.198486 0.219468 13.1377 0.676875 0.0489415 
0.18 0.2 0.7 0.255595 0.272085 20.0676 0.743679 0.0800521 0.255595 0.272085 20.0676 0.743679 0.0340494 
0.18 0.2 0.75 0.313511 0.273985 27.0362 0.789931 0.038523 0.313511 0.273985 27.0362 0.789931 0.018055 
0.18 0.3 0.2 0.252126 0.426594 31.955 0.22378 2.31666 0.252126 0.426594 31.955 0.22378 1.63208 
0.18 0.3 0.25 0.265717 0.394768 31.1037 0.274802 1.45912 0.265717 0.394768 31.1037 0.274802 1.04607 
0.18 0.3 0.3 0.241593 0.396173 28.0143 0.322339 1.02366 0.241593 0.396173 28.0143 0.322339 0.669752 
0.18 0.3 0.35 0.244426 0.365191 26.1877 0.37597 0.741989 0.244426 0.365191 26.1877 0.37597 0.445468 
0.18 0.3 0.4 0.263877 0.393988 31.001 0.417639 0.525243 0.263877 0.393988 31.001 0.417639 0.307386 
0.18 0.3 0.45 0.256881 0.376251 28.2991 0.474322 0.31759 0.256881 0.376251 28.2991 0.474322 0.218412 
0.18 0.3 0.5 0.243524 0.37856 27.5445 0.524559 0.229443 0.243524 0.37856 27.5445 0.524559 0.119328 
0.18 0.3 0.55 0.224898 0.352726 24.1468 0.569934 0.169582 0.224898 0.352726 24.1468 0.569934 0.107519 
0.18 0.3 0.6 0.23682 0.335593 23.5732 0.6243 0.119157 0.23682 0.335593 23.5732 0.6243 0.0717851 
0.18 0.3 0.65 0.35575 0.308476 33.9351 0.666655 0 0.35575 0.308476 33.9351 0.666655 0 
0.18 0.3 0.7 0.370454 0.302718 34.1372 0.723554 0 0.370454 0.302718 34.1372 0.723554 0 
0.18 0.3 0.75 0 0 0 0 0 0 0 0 0 0 
0.18 0.5 0.2 0.246762 0.564292 41.9436 0.219493 0 0.246762 0.564292 41.9436 0.219493 0 
0.18 0.5 0.25 0.223715 0.575 38.0605 0.270545 0 0.223715 0.575 38.0605 0.270545 0 
0.18 0.5 0.3 0.24527 0.614002 43.7992 0.331634 0 0.24527 0.614002 43.7992 0.331634 0 
0.18 0.5 0.35 0.238376 0.57383 40.4477 0.377926 0 0.238376 0.57383 40.4477 0.377926 0 
0.18 0.5 0.4 0.205238 0.516852 30.3288 0.441922 0 0.205238 0.516852 30.3288 0.441922 0 
0.18 0.5 0.45 0 0 0 0 0 0 0 0 0 0 
0.18 0.5 0.5 0 0 0 0 0 0 0 0 0 0 
0.18 0.5 0.55 0 0 0 0 0 0 0 0 0 0 
0.18 0.5 0.6 0 0 0 0 0 0 0 0 0 0 
0.18 0.5 0.65 0 0 0 0 0 0 0 0 0 0 
0.18 0.5 0.7 0 0 0 0 0 0 0 0 0 0 
0.18 0.5 0.75 0 0 0 0 0 0 0 0 0 0 
0.18 0.7 0.2 0 0 0 0 0 0 0 0 0 0 
0.18 0.7 0.25 0 0 0 0 0 0 0 0 0 0 
0.18 0.7 0.3 0 0 0 0 0 0 0 0 0 0 
0.18 0.7 0.35 0 0 0 0 0 0 0 0 0 0 
0.18 0.7 0.4 0 0 0 0 0 0 0 0 0 0 
0.18 0.7 0.45 0 0 0 0 0 0 0 0 0 0 
0.18 0.7 0.5 0 0 0 0 0 0 0 0 0 0 
0.18 0.7 0.55 0 0 0 0 0 0 0 0 0 0 
0.18 0.7 0.6 0 0 0 0 0 0 0 0 0 0 
0.18 0.7 0.65 0 0 0 0 0 0 0 0 0 0 
0.18 0.7 0.7 0 0 0 0 0 0 0 0 0 0 
0.18 0.7 0.75 0 0 0 0 0 0 0 0 0 0 
