0.004 0.1 0.2 0 0 0 0 0 0 0 0 0 0 0 0 0 0 0 0 
0.004 0.1 0.25 0 0 0 0 0 0 0 0 0 0 0 0 0 0 0 0 
0.004 0.1 0.3 0 0 0 0 0 0 0 0 0 0 0 0 0 0 0 0 
0.004 0.1 0.35 0 0 0 0 0 0 0 0 0 0 0 0 0 0 0 0 
0.004 0.1 0.4 0 0 0 0 0 0 0 0 0 0 0 0 0 0 0 0 
0.004 0.1 0.45 0 0 0 0 0 0 0 0 0 0 0 0 0 0 0 0 
0.004 0.1 0.5 0 0 0 0 0 0 0 0 0 0 0 0 0 0 0 0 
0.004 0.1 0.55 0 0 0 0 0 0 0 0 0 0 0 0 0 0 0 0 
0.004 0.1 0.6 0 0 0 0 0 0 0 0 0 0 0 0 0 0 0 0 
0.004 0.1 0.65 0 0 0 0 0 0 0 0 0 0 0 0 0 0 0 0 
0.004 0.1 0.7 0 0 0 0 0 0 0 0 0 0 0 0 0 0 0 0 
0.004 0.1 0.75 0 0 0 0 0 0 0 0 0 0 0 0 0 0 0 0 
0.004 0.15 0.2 0 0 0 0 0 0 0 0 0 0 0 0 0 0 0 0 
0.004 0.15 0.25 0 0 0 0 0 0 0 0 0 0 0 0 0 0 0 0 
0.004 0.15 0.3 0 0 0 0 0 0 0 0 0 0 0 0 0 0 0 0 
0.004 0.15 0.35 0 0 0 0 0 0 0 0 0 0 0 0 0 0 0 0 
0.004 0.15 0.4 0 0 0 0 0 0 0 0 0 0 0 0 0 0 0 0 
0.004 0.15 0.45 0 0 0 0 0 0 0 0 0 0 0 0 0 0 0 0 
0.004 0.15 0.5 0 0 0 0 0 0 0 0 0 0 0 0 0 0 0 0 
0.004 0.15 0.55 0 0 0 0 0 0 0 0 0 0 0 0 0 0 0 0 
0.004 0.15 0.6 0 0 0 0 0 0 0 0 0 0 0 0 0 0 0 0 
0.004 0.15 0.65 0 0 0 0 0 0 0 0 0 0 0 0 0 0 0 0 
0.004 0.15 0.7 0 0 0 0 0 0 0 0 0 0 0 0 0 0 0 0 
0.004 0.15 0.75 0 0 0 0 0 0 0 0 0 0 0 0 0 0 0 0 
0.004 0.2 0.2 0 0 0 0 0 0 0 0 0 0 0 0 0 0 0 0 
0.004 0.2 0.25 0 0 0 0 0 0 0 0 0 0 0 0 0 0 0 0 
0.004 0.2 0.3 0 0 0 0 0 0 0 0 0 0 0 0 0 0 0 0 
0.004 0.2 0.35 0 0 0 0 0 0 0 0 0 0 0 0 0 0 0 0 
0.004 0.2 0.4 0 0 0 0 0 0 0 0 0 0 0 0 0 0 0 0 
0.004 0.2 0.45 0 0 0 0 0 0 0 0 0 0 0 0 0 0 0 0 
0.004 0.2 0.5 0 0 0 0 0 0 0 0 0 0 0 0 0 0 0 0 
0.004 0.2 0.55 0 0 0 0 0 0 0 0 0 0 0 0 0 0 0 0 
0.004 0.2 0.6 0 0 0 0 0 0 0 0 0 0 0 0 0 0 0 0 
0.004 0.2 0.65 0 0 0 0 0 0 0 0 0 0 0 0 0 0 0 0 
0.004 0.2 0.7 0 0 0 0 0 0 0 0 0 0 0 0 0 0 0 0 
0.004 0.2 0.75 0 0 0 0 0 0 0 0 0 0 0 0 0 0 0 0 
0.004 0.3 0.2 0.00865779 0.444772 1.14696 0.222564 0.150465 4.93444e-05 5.19647e-10 1 0.00865779 0.444772 1.14696 0.222564 0.0968156 3.80631e-05 3.34547e-10 1 
0.004 0.3 0.25 0.00886351 0.434915 1.15 0.272196 0.120517 2.98305e-05 4.16784e-10 1 0.00886351 0.434915 1.15 0.272196 0.0834415 2.38015e-05 2.82201e-10 1 
0.004 0.3 0.3 0.00879821 0.433061 1.13401 0.323613 0.109453 2.16211e-05 5.34812e-10 1 0.00879821 0.433061 1.13401 0.323613 0.0654612 1.51225e-05 2.52089e-10 1 
0.004 0.3 0.35 0.00884235 0.433655 1.14349 0.372782 0.0917261 1.54682e-05 5.87975e-10 1 0.00884235 0.433655 1.14349 0.372782 0.047692 8.70948e-06 2.08591e-10 1 
0.004 0.3 0.4 0.00878773 0.433586 1.13853 0.423942 0.0674562 1.07991e-05 4.2809e-10 1 0.00878773 0.433586 1.13853 0.423942 0.0330658 5.55312e-06 9.83317e-11 1 
0.004 0.3 0.45 0.00860856 0.437126 1.11885 0.473061 0.0533674 8.69929e-06 4.6513e-10 1 0.00860856 0.437126 1.11885 0.473061 0.021576 3.86921e-06 6.44309e-11 1 
0.004 0.3 0.5 0.0090574 0.411273 1.10196 0.522925 0.040948 9.97042e-06 5.49151e-10 1 0.0090574 0.411273 1.10196 0.522925 0.0195117 5.2091e-06 1.6955e-10 1 
0.004 0.3 0.55 0.00951616 0.387331 1.09474 0.573995 0.0269258 1.2211e-05 5.04276e-10 1 0.00951616 0.387331 1.09474 0.573995 0.0147874 8.35159e-06 3.10803e-10 1 
0.004 0.3 0.6 0.00947603 0.37636 1.04668 0.621645 0.0204294 2.16105e-05 1.26646e-09 1 0.00947603 0.37636 1.04668 0.621645 0.0105601 1.56361e-05 6.45905e-10 1 
0.004 0.3 0.65 0.00975427 0.353693 1.03293 0.677727 0.0151836 0.00013611 1.5173e-08 1 0.00975427 0.353693 1.03293 0.677727 0.0140295 7.17787e-05 2.14748e-08 1 
0.004 0.3 0.7 0 0 0 0 0 0 0 0 0 0 0 0 0 0 0 0 
0.004 0.3 0.75 0 0 0 0 0 0 0 0 0 0 0 0 0 0 0 0 
0.004 0.5 0.2 0.00748821 0.597083 1.32209 0.223033 0.141616 1.79048e-05 2.36088e-10 1 0.00748821 0.597083 1.32209 0.223033 0.0970067 1.38507e-05 1.46612e-10 1 
0.004 0.5 0.25 0.00753034 0.596267 1.32772 0.273333 0.125875 1.22177e-05 3.09476e-10 1 0.00753034 0.596267 1.32772 0.273333 0.0832384 8.77024e-06 1.47983e-10 1 
0.004 0.5 0.3 0.007453 0.595687 1.31398 0.324676 0.101618 9.14594e-06 3.06671e-10 1 0.007453 0.595687 1.31398 0.324676 0.0615537 5.87819e-06 1.13463e-10 1 
0.004 0.5 0.35 0.00768659 0.567394 1.28967 0.373058 0.0836539 1.08487e-05 4.52237e-10 1 0.00768659 0.567394 1.28967 0.373058 0.0459314 6.65938e-06 1.4886e-10 1 
0.004 0.5 0.4 0.00803672 0.52973 1.25701 0.42667 0.0663502 2.05627e-05 1.18654e-09 1 0.00803672 0.52973 1.25701 0.42667 0.0368346 1.21469e-05 2.91823e-10 1 
0.004 0.5 0.45 0.00779208 0.511821 1.15232 0.471794 0.055605 9.81405e-05 6.55288e-09 1 0.00779208 0.511821 1.15232 0.471794 0.0257346 5.11089e-05 1.26409e-09 1 
0.004 0.5 0.5 0 0 0 0 0 0 0 0 0 0 0 0 0 0 0 0 
0.004 0.5 0.55 0 0 0 0 0 0 0 0 0 0 0 0 0 0 0 0 
0.004 0.5 0.6 0 0 0 0 0 0 0 0 0 0 0 0 0 0 0 0 
0.004 0.5 0.65 0 0 0 0 0 0 0 0 0 0 0 0 0 0 0 0 
0.004 0.5 0.7 0 0 0 0 0 0 0 0 0 0 0 0 0 0 0 0 
0.004 0.5 0.75 0 0 0 0 0 0 0 0 0 0 0 0 0 0 0 0 
0.004 0.7 0.2 0 0 0 0 0 0 0 0 0 0 0 0 0 0 0 0 
0.004 0.7 0.25 0 0 0 0 0 0 0 0 0 0 0 0 0 0 0 0 
0.004 0.7 0.3 0 0 0 0 0 0 0 0 0 0 0 0 0 0 0 0 
0.004 0.7 0.35 0 0 0 0 0 0 0 0 0 0 0 0 0 0 0 0 
0.004 0.7 0.4 0 0 0 0 0 0 0 0 0 0 0 0 0 0 0 0 
0.004 0.7 0.45 0 0 0 0 0 0 0 0 0 0 0 0 0 0 0 0 
0.004 0.7 0.5 0 0 0 0 0 0 0 0 0 0 0 0 0 0 0 0 
0.004 0.7 0.55 0 0 0 0 0 0 0 0 0 0 0 0 0 0 0 0 
0.004 0.7 0.6 0 0 0 0 0 0 0 0 0 0 0 0 0 0 0 0 
0.004 0.7 0.65 0 0 0 0 0 0 0 0 0 0 0 0 0 0 0 0 
0.004 0.7 0.7 0 0 0 0 0 0 0 0 0 0 0 0 0 0 0 0 
0.004 0.7 0.75 0 0 0 0 0 0 0 0 0 0 0 0 0 0 0 0 
0.01 0.1 0.2 0 0 0 0 0 0 0 0 0 0 0 0 0 0 0 0 
0.01 0.1 0.25 0 0 0 0 0 0 0 0 0 0 0 0 0 0 0 0 
0.01 0.1 0.3 0 0 0 0 0 0 0 0 0 0 0 0 0 0 0 0 
0.01 0.1 0.35 0 0 0 0 0 0 0 0 0 0 0 0 0 0 0 0 
0.01 0.1 0.4 0 0 0 0 0 0 0 0 0 0 0 0 0 0 0 0 
0.01 0.1 0.45 0 0 0 0 0 0 0 0 0 0 0 0 0 0 0 0 
0.01 0.1 0.5 0 0 0 0 0 0 0 0 0 0 0 0 0 0 0 0 
0.01 0.1 0.55 0 0 0 0 0 0 0 0 0 0 0 0 0 0 0 0 
0.01 0.1 0.6 0 0 0 0 0 0 0 0 0 0 0 0 0 0 0 0 
0.01 0.1 0.65 0 0 0 0 0 0 0 0 0 0 0 0 0 0 0 0 
0.01 0.1 0.7 0 0 0 0 0 0 0 0 0 0 0 0 0 0 0 0 
0.01 0.1 0.75 0 0 0 0 0 0 0 0 0 0 0 0 0 0 0 0 
0.01 0.15 0.2 0 0 0 0 0 0 0 0 0 0 0 0 0 0 0 0 
0.01 0.15 0.25 0 0 0 0 0 0 0 0 0 0 0 0 0 0 0 0 
0.01 0.15 0.3 0 0 0 0 0 0 0 0 0 0 0 0 0 0 0 0 
0.01 0.15 0.35 0 0 0 0 0 0 0 0 0 0 0 0 0 0 0 0 
0.01 0.15 0.4 0.0182938 0.191988 1.0643 0.422332 0.0906776 0.000150052 3.15353e-09 1 0.0182938 0.191988 1.0643 0.422332 0.0409096 9.17413e-05 1.98867e-09 1 
0.01 0.15 0.45 0.0188302 0.18564 1.06133 0.473672 0.086872 7.90065e-05 1.94182e-09 1 0.0188302 0.18564 1.06133 0.473672 0.023718 3.24639e-05 3.9614e-10 1 
0.01 0.15 0.5 0.0188242 0.188549 1.07564 0.52716 0.0821183 7.75864e-05 2.28205e-09 1 0.0188242 0.188549 1.07564 0.52716 0.0142853 2.30805e-05 4.70053e-10 1 
0.01 0.15 0.55 0.0191208 0.187442 1.08091 0.572674 0.0330876 2.9055e-05 6.80271e-10 1 0.0191208 0.187442 1.08091 0.572674 0.0145514 1.8241e-05 4.3625e-10 1 
0.01 0.15 0.6 0.01875 0.187866 1.05959 0.628345 0.0294758 2.69458e-05 5.68414e-10 1 0.01875 0.187866 1.05959 0.628345 0.0123192 1.29581e-05 1.85988e-10 1 
0.01 0.15 0.65 0.0189574 0.185483 1.03466 0.67049 0.0276911 2.03127e-05 5.92787e-10 1 0.0189574 0.185483 1.03466 0.67049 0.00929022 1.14959e-05 2.46102e-10 1 
0.01 0.15 0.7 0.0189203 0.182689 1.04574 0.726998 0.0107918 8.62349e-06 1.60687e-10 1 0.0189203 0.182689 1.04574 0.726998 0.0059469 6.70484e-06 7.53592e-11 1 
0.01 0.15 0.75 0.0189077 0.187711 1.06775 0.806939 0.00339321 1.91906e-06 8.78967e-12 1 0.0189077 0.187711 1.06775 0.806939 0.00220754 1.02504e-06 1.00425e-11 1 
0.01 0.2 0.2 0 0 0 0 0 0 0 0 0 0 0 0 0 0 0 0 
0.01 0.2 0.25 0.0153566 0.293883 1.40636 0.273554 0.159957 0.000676404 1.53232e-08 1 0.0153566 0.293883 1.40636 0.273554 0.10601 0.000513591 8.6216e-09 1 
0.01 0.2 0.3 0.0156121 0.275422 1.28595 0.323501 0.12969 2.77496e-05 4.46985e-10 1 0.0156121 0.275422 1.28595 0.323501 0.0595618 1.61023e-05 1.50031e-10 1 
0.01 0.2 0.35 0.0161207 0.259257 1.24237 0.374449 0.110222 1.42082e-05 2.68641e-10 1 0.0161207 0.259257 1.24237 0.374449 0.0459936 7.25497e-06 8.5488e-11 1 
0.01 0.2 0.4 0.0164845 0.25234 1.2346 0.424543 0.0889773 9.36364e-06 2.04669e-10 1 0.0164845 0.25234 1.2346 0.424543 0.0377062 4.81952e-06 6.46315e-11 1 
0.01 0.2 0.45 0.0162802 0.255674 1.23225 0.473263 0.0691194 6.57445e-06 1.68025e-10 1 0.0162802 0.255674 1.23225 0.473263 0.0270016 3.19453e-06 4.31331e-11 1 
0.01 0.2 0.5 0.0163937 0.252109 1.2239 0.523157 0.0511317 4.51226e-06 1.32411e-10 1 0.0163937 0.252109 1.2239 0.523157 0.019634 2.01028e-06 3.13057e-11 1 
0.01 0.2 0.55 0.0158257 0.259972 1.21776 0.574299 0.037469 3.15896e-06 1.04148e-10 1 0.0158257 0.259972 1.21776 0.574299 0.0124431 1.21159e-06 1.64948e-11 1 
0.01 0.2 0.6 0.0168002 0.249183 1.24478 0.623248 0.0260138 2.05797e-06 7.45491e-11 1 0.0168002 0.249183 1.24478 0.623248 0.00864861 7.75127e-07 1.15291e-11 1 
0.01 0.2 0.65 0.016259 0.24908 1.20495 0.672982 0.0180484 1.32331e-06 4.52587e-11 1 0.016259 0.24908 1.20495 0.672982 0.00431504 4.13695e-07 3.09371e-12 1 
0.01 0.2 0.7 0.0161751 0.250046 1.19855 0.725384 0.011326 8.49103e-07 2.21116e-11 1 0.0161751 0.250046 1.19855 0.725384 0.002143 2.52334e-07 1.16752e-12 1 
0.01 0.2 0.75 0.0161128 0.251663 1.20134 0.790712 0.0052615 2.10307e-07 3.68836e-12 1 0.0161128 0.251663 1.20134 0.790712 0.000700242 6.4053e-08 1.20826e-13 1 
0.01 0.3 0.2 0.0142331 0.430657 1.83119 0.223505 0.150423 2.46185e-05 2.14472e-10 1 0.0142331 0.430657 1.83119 0.223505 0.0986949 1.87619e-05 1.4356e-10 1 
0.01 0.3 0.25 0.0140931 0.385259 1.61243 0.273447 0.139027 1.0292e-05 1.36183e-10 1 0.0140931 0.385259 1.61243 0.273447 0.0825173 6.95411e-06 7.64696e-11 1 
0.01 0.3 0.3 0.0142125 0.380698 1.60909 0.323572 0.112664 6.87549e-06 1.29022e-10 1 0.0142125 0.380698 1.60909 0.323572 0.0671556 4.6398e-06 6.49667e-11 1 
0.01 0.3 0.35 0.0140825 0.382044 1.60058 0.374624 0.0976059 5.16975e-06 1.48007e-10 1 0.0140825 0.382044 1.60058 0.374624 0.0473632 2.83013e-06 4.35698e-11 1 
0.01 0.3 0.4 0.0141852 0.380315 1.59684 0.422965 0.0747043 3.35436e-06 1.2266e-10 1 0.0141852 0.380315 1.59684 0.422965 0.0353881 1.8406e-06 3.20183e-11 1 
0.01 0.3 0.45 0.0142297 0.377111 1.5879 0.473886 0.054729 2.3338e-06 9.01679e-11 1 0.0142297 0.377111 1.5879 0.473886 0.0242733 1.15028e-06 2.10634e-11 1 
0.01 0.3 0.5 0.0138638 0.365536 1.49589 0.523928 0.042556 2.04144e-06 9.61149e-11 1 0.0138638 0.365536 1.49589 0.523928 0.0182326 9.73159e-07 1.7859e-11 1 
0.01 0.3 0.55 0.0143309 0.356727 1.50207 0.57608 0.0318223 1.73346e-06 7.72361e-11 1 0.0143309 0.356727 1.50207 0.57608 0.0113141 7.39108e-07 1.01731e-11 1 
0.01 0.3 0.6 0.0140189 0.337 1.39255 0.624455 0.0209849 1.52214e-06 6.36369e-11 1 0.0140189 0.337 1.39255 0.624455 0.00522659 4.96893e-07 4.32666e-12 1 
0.01 0.3 0.65 0.0142148 0.331284 1.38843 0.67544 0.0163916 1.6539e-06 7.11876e-11 1 0.0142148 0.331284 1.38843 0.67544 0.00472958 5.78199e-07 1.08662e-11 1 
0.01 0.3 0.7 0.0138113 0.320345 1.30498 0.72877 0.0089067 1.53469e-06 4.36788e-11 1 0.0138113 0.320345 1.30498 0.72877 0.00543972 1.09869e-06 2.07557e-11 1 
0.01 0.3 0.75 0.0150922 0.309972 1.31925 0.826658 0.00712316 1.11501e-05 1.21144e-09 1 0.0150922 0.309972 1.31925 0.826658 0.00207408 6.33085e-06 2.21215e-10 1 
0.01 0.5 0.2 0.0138632 0.581425 2.38777 0.222244 0.146086 2.39269e-05 2.78785e-10 1 0.0138632 0.581425 2.38777 0.222244 0.109834 2.02615e-05 2.06498e-10 1 
0.01 0.5 0.25 0.0139239 0.583199 2.41104 0.272832 0.130793 1.58326e-05 3.87475e-10 1 0.0139239 0.583199 2.41104 0.272832 0.0906605 1.19375e-05 1.96883e-10 1 
0.01 0.5 0.3 0.0141827 0.575597 2.426 0.325142 0.105765 1.13956e-05 3.60728e-10 1 0.0141827 0.575597 2.426 0.325142 0.0651775 7.57858e-06 1.60559e-10 1 
0.01 0.5 0.35 0.0139311 0.555763 2.29157 0.371098 0.0890313 1.27314e-05 5.22026e-10 1 0.0139311 0.555763 2.29157 0.371098 0.0457517 7.06436e-06 1.2891e-10 1 
0.01 0.5 0.4 0.0137213 0.528487 2.13556 0.425916 0.069962 1.7713e-05 8.37382e-10 1 0.0137213 0.528487 2.13556 0.425916 0.0317928 8.91899e-06 2.04338e-10 1 
0.01 0.5 0.45 0.0136872 0.507138 2.00562 0.47667 0.0535797 7.57684e-05 3.9851e-09 1 0.0136872 0.507138 2.00562 0.47667 0.0254739 3.91416e-05 1.07664e-09 1 
0.01 0.5 0.5 0 0 0 0 0 0 0 0 0 0 0 0 0 0 0 0 
0.01 0.5 0.55 0 0 0 0 0 0 0 0 0 0 0 0 0 0 0 0 
0.01 0.5 0.6 0 0 0 0 0 0 0 0 0 0 0 0 0 0 0 0 
0.01 0.5 0.65 0 0 0 0 0 0 0 0 0 0 0 0 0 0 0 0 
0.01 0.5 0.7 0 0 0 0 0 0 0 0 0 0 0 0 0 0 0 0 
0.01 0.5 0.75 0 0 0 0 0 0 0 0 0 0 0 0 0 0 0 0 
0.01 0.7 0.2 0 0 0 0 0 0 0 0 0 0 0 0 0 0 0 0 
0.01 0.7 0.25 0 0 0 0 0 0 0 0 0 0 0 0 0 0 0 0 
0.01 0.7 0.3 0 0 0 0 0 0 0 0 0 0 0 0 0 0 0 0 
0.01 0.7 0.35 0 0 0 0 0 0 0 0 0 0 0 0 0 0 0 0 
0.01 0.7 0.4 0 0 0 0 0 0 0 0 0 0 0 0 0 0 0 0 
0.01 0.7 0.45 0 0 0 0 0 0 0 0 0 0 0 0 0 0 0 0 
0.01 0.7 0.5 0 0 0 0 0 0 0 0 0 0 0 0 0 0 0 0 
0.01 0.7 0.55 0 0 0 0 0 0 0 0 0 0 0 0 0 0 0 0 
0.01 0.7 0.6 0 0 0 0 0 0 0 0 0 0 0 0 0 0 0 0 
0.01 0.7 0.65 0 0 0 0 0 0 0 0 0 0 0 0 0 0 0 0 
0.01 0.7 0.7 0 0 0 0 0 0 0 0 0 0 0 0 0 0 0 0 
0.01 0.7 0.75 0 0 0 0 0 0 0 0 0 0 0 0 0 0 0 0 
0.02 0.1 0.2 0 0 0 0 0 0 0 0 0 0 0 0 0 0 0 0 
0.02 0.1 0.25 0 0 0 0 0 0 0 0 0 0 0 0 0 0 0 0 
0.02 0.1 0.3 0 0 0 0 0 0 0 0 0 0 0 0 0 0 0 0 
0.02 0.1 0.35 0 0 0 0 0 0 0 0 0 0 0 0 0 0 0 0 
0.02 0.1 0.4 0 0 0 0 0 0 0 0 0 0 0 0 0 0 0 0 
0.02 0.1 0.45 0 0 0 0 0 0 0 0 0 0 0 0 0 0 0 0 
0.02 0.1 0.5 0.025269 0.147868 1.16424 0.524653 0.0711165 0.000391876 1.4135e-08 1 0.025269 0.147868 1.16424 0.524653 0 0 0 0 
0.02 0.1 0.55 0.0261992 0.143088 1.13517 0.576475 0.0534984 3.42427e-05 9.3779e-10 1 0.0261992 0.143088 1.13517 0.576475 0.0120217 1.1846e-05 1.93323e-10 1 
0.02 0.1 0.6 0.0273398 0.138465 1.1364 0.622282 0.0363655 1.42519e-05 2.78292e-10 1 0.0273398 0.138465 1.1364 0.622282 0.00746883 5.56655e-06 1.04444e-10 1 
0.02 0.1 0.65 0.026909 0.137744 1.1048 0.675105 0.0296729 1.02395e-05 1.54975e-10 1 0.026909 0.137744 1.1048 0.675105 0.00498403 3.04839e-06 2.45064e-11 1 
0.02 0.1 0.7 0.0273546 0.137193 1.11666 0.723662 0.0180082 6.28763e-06 7.91134e-11 1 0.0273546 0.137193 1.11666 0.723662 0.00364083 2.04568e-06 2.51977e-11 1 
0.02 0.1 0.75 0.0270004 0.13561 1.08936 0.800116 0.0096567 1.7787e-06 1.62835e-11 1 0.0270004 0.13561 1.08936 0.800116 0.002221 7.03788e-07 8.65235e-12 1 
0.02 0.15 0.2 0 0 0 0 0 0 0 0 0 0 0 0 0 0 0 0 
0.02 0.15 0.25 0 0 0 0 0 0 0 0 0 0 0 0 0 0 0 0 
0.02 0.15 0.3 0 0 0 0 0 0 0 0 0 0 0 0 0 0 0 0 
0.02 0.15 0.35 0 0 0 0 0 0 0 0 0 0 0 0 0 0 0 0 
0.02 0.15 0.4 0.0246667 0.193063 1.43905 0.424053 0.0987668 8.0065e-05 1.88681e-09 1 0.0246667 0.193063 1.43905 0.424053 0.0372791 3.57544e-05 7.31809e-10 1 
0.02 0.15 0.45 0.0247129 0.183143 1.35079 0.472677 0.0825279 1.89687e-05 4.40935e-10 1 0.0247129 0.183143 1.35079 0.472677 0.0288464 8.19011e-06 1.50322e-10 1 
0.02 0.15 0.5 0.0245606 0.176647 1.29094 0.523045 0.0609559 8.83825e-06 1.71886e-10 1 0.0245606 0.176647 1.29094 0.523045 0.0193567 3.85737e-06 4.88094e-11 1 
0.02 0.15 0.55 0.0244491 0.173484 1.26068 0.573267 0.04374 6.07066e-06 1.31998e-10 1 0.0244491 0.173484 1.26068 0.573267 0.0111941 2.41184e-06 2.56674e-11 1 
0.02 0.15 0.6 0.0245777 0.175239 1.27405 0.623518 0.0340678 4.81722e-06 1.00532e-10 1 0.0245777 0.175239 1.27405 0.623518 0.0088568 1.87877e-06 1.8358e-11 1 
0.02 0.15 0.65 0.0250483 0.174464 1.2977 0.675854 0.0215539 2.90261e-06 5.42023e-11 1 0.0250483 0.174464 1.2977 0.675854 0.00754678 1.3133e-06 1.59036e-11 1 
0.02 0.15 0.7 0.0248754 0.172806 1.277 0.722654 0.0171419 2.29223e-06 4.22466e-11 1 0.0248754 0.172806 1.277 0.722654 0.00403123 7.17046e-07 6.9203e-12 1 
0.02 0.15 0.75 0.0244582 0.171305 1.24313 0.796785 0.00687696 5.0185e-07 4.8028e-12 1 0.0244582 0.171305 1.24313 0.796785 0.0018694 1.83631e-07 8.16394e-13 1 
0.02 0.2 0.2 0 0 0 0 0 0 0 0 0 0 0 0 0 0 0 0 
0.02 0.2 0.25 0.0244373 0.295069 2.23225 0.278246 0.11603 0.00110499 1.4275e-08 1 0.0244373 0.295069 2.23225 0.278246 0.0527881 0.000731168 1.48587e-08 1 
0.02 0.2 0.3 0.0243048 0.27357 1.99469 0.323386 0.133793 4.76147e-05 8.17036e-10 1 0.0243048 0.27357 1.99469 0.323386 0.053498 2.47426e-05 2.37824e-10 1 
0.02 0.2 0.35 0.0243562 0.253815 1.84305 0.373102 0.116627 1.99992e-05 3.56617e-10 1 0.0243562 0.253815 1.84305 0.373102 0.0489512 1.04795e-05 1.40606e-10 1 
0.02 0.2 0.4 0.0243343 0.244306 1.77228 0.423865 0.0990999 1.21541e-05 2.77835e-10 1 0.0243343 0.244306 1.77228 0.423865 0.0342747 5.43332e-06 5.95352e-11 1 
0.02 0.2 0.45 0.0243224 0.240663 1.73922 0.474385 0.0746993 8.61333e-06 2.48261e-10 1 0.0243224 0.240663 1.73922 0.474385 0.027981 4.0614e-06 5.59967e-11 1 
0.02 0.2 0.5 0.0245196 0.237575 1.72805 0.525065 0.053141 5.51745e-06 1.66309e-10 1 0.0245196 0.237575 1.72805 0.525065 0.0198414 2.50086e-06 3.27739e-11 1 
0.02 0.2 0.55 0.0242966 0.240189 1.73339 0.575102 0.040288 4.04922e-06 1.32718e-10 1 0.0242966 0.240189 1.73339 0.575102 0.0140534 1.66374e-06 2.34488e-11 1 
0.02 0.2 0.6 0.0244871 0.243482 1.77161 0.624984 0.0276734 2.51335e-06 7.79786e-11 1 0.0244871 0.243482 1.77161 0.624984 0.00851618 9.36434e-07 1.0308e-11 1 
0.02 0.2 0.65 0.0242223 0.246381 1.78232 0.672353 0.0157726 1.39213e-06 3.84456e-11 1 0.0242223 0.246381 1.78232 0.672353 0.00464288 5.19138e-07 4.66375e-12 1 
0.02 0.2 0.7 0.0240948 0.23926 1.70533 0.722099 0.011064 9.60574e-07 1.82139e-11 1 0.0240948 0.23926 1.70533 0.722099 0.00266915 3.51944e-07 2.40556e-12 1 
0.02 0.2 0.75 0.0240826 0.238133 1.70481 0.797518 0.00518988 2.24717e-07 3.92276e-12 1 0.0240826 0.238133 1.70481 0.797518 0.000579219 7.69801e-08 1.73903e-13 1 
0.02 0.3 0.2 0.0241829 0.429862 3.10401 0.223596 0.149425 6.71698e-05 5.33447e-10 1 0.0241829 0.429862 3.10401 0.223596 0.0938927 4.96951e-05 3.76137e-10 1 
0.02 0.3 0.25 0.0244374 0.383705 2.78969 0.273784 0.140437 2.73996e-05 3.30562e-10 1 0.0244374 0.383705 2.78969 0.273784 0.0797069 1.84612e-05 1.81174e-10 1 
0.02 0.3 0.3 0.0243834 0.380431 2.76137 0.324107 0.122167 2.01306e-05 3.64274e-10 1 0.0243834 0.380431 2.76137 0.324107 0.0689903 1.29731e-05 1.65468e-10 1 
0.02 0.3 0.35 0.0240585 0.379584 2.71784 0.374705 0.104479 1.43382e-05 4.13073e-10 1 0.0240585 0.379584 2.71784 0.374705 0.0512281 7.99316e-06 1.23576e-10 1 
0.02 0.3 0.4 0.0242197 0.377704 2.71041 0.423941 0.0791342 9.26068e-06 3.36439e-10 1 0.0242197 0.377704 2.71041 0.423941 0.0358525 4.85278e-06 8.3449e-11 1 
0.02 0.3 0.45 0.0245894 0.381106 2.78859 0.475271 0.0596896 6.52406e-06 2.44438e-10 1 0.0245894 0.381106 2.78859 0.475271 0.0264946 3.26321e-06 5.42232e-11 1 
0.02 0.3 0.5 0.0240174 0.363297 2.58223 0.522633 0.0442348 5.35186e-06 2.07108e-10 1 0.0240174 0.363297 2.58223 0.522633 0.0180806 2.54806e-06 3.40406e-11 1 
0.02 0.3 0.55 0.0242657 0.35244 2.53769 0.574564 0.0338805 4.62566e-06 2.00101e-10 1 0.0242657 0.35244 2.53769 0.574564 0.0100802 1.75505e-06 2.34081e-11 1 
0.02 0.3 0.6 0.0243948 0.340487 2.45684 0.623716 0.0243222 4.20667e-06 2.00186e-10 1 0.0243948 0.340487 2.45684 0.623716 0.00539739 1.45505e-06 1.27882e-11 1 
0.02 0.3 0.65 0.0238229 0.333996 2.34877 0.675604 0.0163094 3.93503e-06 1.30409e-10 1 0.0238229 0.333996 2.34877 0.675604 0.00545625 1.77564e-06 2.15158e-11 1 
0.02 0.3 0.7 0.0234341 0.318638 2.17054 0.724611 0.00927775 3.66034e-06 1.12691e-10 1 0.0234341 0.318638 2.17054 0.724611 0.00439544 2.53566e-06 5.61824e-11 1 
0.02 0.3 0.75 0.0224136 0.313057 1.96505 0.78101 0.0012493 4.17491e-06 1.89214e-10 1 0.0224136 0.313057 1.96505 0.78101 0 0 0 0 
0.02 0.5 0.2 0.0240511 0.585628 4.18895 0.222756 0.150868 7.11209e-05 7.03843e-10 1 0.0240511 0.585628 4.18895 0.222756 0.112061 6.22095e-05 6.80252e-10 1 
0.02 0.5 0.25 0.0242439 0.583188 4.19296 0.273342 0.133563 4.80141e-05 9.36505e-10 1 0.0242439 0.583188 4.19296 0.273342 0.0830337 3.298e-05 4.966e-10 1 
0.02 0.5 0.3 0.0241889 0.576943 4.12262 0.323683 0.114488 3.66665e-05 1.13867e-09 1 0.0241889 0.576943 4.12262 0.323683 0.0651801 2.29673e-05 4.0353e-10 1 
0.02 0.5 0.35 0.0242353 0.559382 3.98543 0.375115 0.0921959 3.68005e-05 1.67872e-09 1 0.0242353 0.559382 3.98543 0.375115 0.0432858 2.05872e-05 2.56498e-10 1 
0.02 0.5 0.4 0.0242791 0.524455 3.76594 0.429619 0.0646959 4.59748e-05 1.79879e-09 1 0.0242791 0.524455 3.76594 0.429619 0.0405461 3.12014e-05 5.15868e-10 1 
0.02 0.5 0.45 0.0246749 0.517695 3.61698 0.475364 0.0783208 0.000340816 4.28326e-08 1 0.0246749 0.517695 3.61698 0.475364 0.0158728 6.94481e-05 1.46246e-09 1 
0.02 0.5 0.5 0 0 0 0 0 0 0 0 0 0 0 0 0 0 0 0 
0.02 0.5 0.55 0 0 0 0 0 0 0 0 0 0 0 0 0 0 0 0 
0.02 0.5 0.6 0 0 0 0 0 0 0 0 0 0 0 0 0 0 0 0 
0.02 0.5 0.65 0 0 0 0 0 0 0 0 0 0 0 0 0 0 0 0 
0.02 0.5 0.7 0 0 0 0 0 0 0 0 0 0 0 0 0 0 0 0 
0.02 0.5 0.75 0 0 0 0 0 0 0 0 0 0 0 0 0 0 0 0 
0.02 0.7 0.2 0 0 0 0 0 0 0 0 0 0 0 0 0 0 0 0 
0.02 0.7 0.25 0 0 0 0 0 0 0 0 0 0 0 0 0 0 0 0 
0.02 0.7 0.3 0 0 0 0 0 0 0 0 0 0 0 0 0 0 0 0 
0.02 0.7 0.35 0 0 0 0 0 0 0 0 0 0 0 0 0 0 0 0 
0.02 0.7 0.4 0 0 0 0 0 0 0 0 0 0 0 0 0 0 0 0 
0.02 0.7 0.45 0 0 0 0 0 0 0 0 0 0 0 0 0 0 0 0 
0.02 0.7 0.5 0 0 0 0 0 0 0 0 0 0 0 0 0 0 0 0 
0.02 0.7 0.55 0 0 0 0 0 0 0 0 0 0 0 0 0 0 0 0 
0.02 0.7 0.6 0 0 0 0 0 0 0 0 0 0 0 0 0 0 0 0 
0.02 0.7 0.65 0 0 0 0 0 0 0 0 0 0 0 0 0 0 0 0 
0.02 0.7 0.7 0 0 0 0 0 0 0 0 0 0 0 0 0 0 0 0 
0.02 0.7 0.75 0 0 0 0 0 0 0 0 0 0 0 0 0 0 0 0 
0.03 0.1 0.2 0 0 0 0 0 0 0 0 0 0 0 0 0 0 0 0 
0.03 0.1 0.25 0 0 0 0 0 0 0 0 0 0 0 0 0 0 0 0 
0.03 0.1 0.3 0 0 0 0 0 0 0 0 0 0 0 0 0 0 0 0 
0.03 0.1 0.35 0 0 0 0 0 0 0 0 0 0 0 0 0 0 0 0 
0.03 0.1 0.4 0 0 0 0 0 0 0 0 0 0 0 0 0 0 0 0 
0.03 0.1 0.45 0 0 0 0 0 0 0 0 0 0 0 0 0 0 0 0 
0.03 0.1 0.5 0.0342685 0.145685 1.56183 0.532288 0.0826986 0.000595369 2.38542e-08 1 0.0342685 0.145685 1.56183 0.532288 0.0149228 0.000135253 5.81364e-09 1 
0.03 0.1 0.55 0.0341951 0.142341 1.46692 0.576683 0.0445543 3.12557e-05 5.42561e-10 1 0.0341951 0.142341 1.46692 0.576683 0.00662538 8.42086e-06 4.05261e-11 1 
0.03 0.1 0.6 0.0351665 0.134701 1.41318 0.624543 0.0400222 1.23963e-05 2.62147e-10 1 0.0351665 0.134701 1.41318 0.624543 0.00951302 4.0811e-06 4.75697e-11 1 
0.03 0.1 0.65 0.0350977 0.130576 1.36986 0.676698 0.0317917 6.44207e-06 1.21446e-10 1 0.0350977 0.130576 1.36986 0.676698 0.00577943 2.13041e-06 1.70138e-11 1 
0.03 0.1 0.7 0.034796 0.126055 1.30576 0.723931 0.0232878 4.15895e-06 6.35646e-11 1 0.034796 0.126055 1.30576 0.723931 0.00320092 1.14405e-06 7.82947e-12 1 
0.03 0.1 0.75 0.0347288 0.12396 1.28332 0.796968 0.0111725 8.82175e-07 7.82449e-12 1 0.0347288 0.12396 1.28332 0.796968 0.00199689 3.32922e-07 9.91651e-13 1 
0.03 0.15 0.2 0 0 0 0 0 0 0 0 0 0 0 0 0 0 0 0 
0.03 0.15 0.25 0 0 0 0 0 0 0 0 0 0 0 0 0 0 0 0 
0.03 0.15 0.3 0 0 0 0 0 0 0 0 0 0 0 0 0 0 0 0 
0.03 0.15 0.35 0 0 0 0 0 0 0 0 0 0 0 0 0 0 0 0 
0.03 0.15 0.4 0.0352581 0.191128 2.04957 0.422219 0.0958175 0.000136449 3.49924e-09 1 0.0352581 0.191128 2.04957 0.422219 0.0463317 8.94361e-05 2.22999e-09 1 
0.03 0.15 0.45 0.0336761 0.185383 1.86025 0.47322 0.0828841 3.23881e-05 8.58904e-10 1 0.0336761 0.185383 1.86025 0.47322 0.0254807 1.29693e-05 1.76459e-10 1 
0.03 0.15 0.5 0.0345515 0.176356 1.81738 0.5249 0.0688561 1.5848e-05 4.7876e-10 1 0.0345515 0.176356 1.81738 0.5249 0.0171979 5.91737e-06 5.60908e-11 1 
0.03 0.15 0.55 0.0348825 0.1722 1.79314 0.572915 0.0515724 1.16145e-05 2.69684e-10 1 0.0348825 0.1722 1.79314 0.572915 0.0148077 4.83607e-06 6.1912e-11 1 
0.03 0.15 0.6 0.0341692 0.169665 1.72608 0.622542 0.0375712 8.45896e-06 1.88108e-10 1 0.0341692 0.169665 1.72608 0.622542 0.00671007 2.43767e-06 1.67984e-11 1 
0.03 0.15 0.65 0.03436 0.174737 1.78781 0.674561 0.0286464 6.4078e-06 1.4084e-10 1 0.03436 0.174737 1.78781 0.674561 0.00586894 1.91199e-06 1.56934e-11 1 
0.03 0.15 0.7 0.0341266 0.173793 1.76514 0.723587 0.0154198 3.4216e-06 6.86804e-11 1 0.0341266 0.173793 1.76514 0.723587 0.00219598 9.59235e-07 5.47783e-12 1 
0.03 0.15 0.75 0.0348898 0.171817 1.77143 0.805111 0.00745492 8.37482e-07 1.20461e-11 1 0.0348898 0.171817 1.77143 0.805111 0.00272761 3.72056e-07 3.9229e-12 1 
0.03 0.2 0.2 0 0 0 0 0 0 0 0 0 0 0 0 0 0 0 0 
0.03 0.2 0.25 0.0327352 0.296373 3.0066 0.275885 0.0853269 0.00175153 3.37053e-08 1 0.0327352 0.296373 3.0066 0.275885 0.0738654 0.00183702 3.23871e-08 1 
0.03 0.2 0.3 0.034804 0.27423 2.84845 0.322877 0.147593 9.88839e-05 1.75805e-09 1 0.034804 0.27423 2.84845 0.322877 0.0617813 5.39346e-05 5.77896e-10 1 
0.03 0.2 0.35 0.0350527 0.254685 2.67185 0.374109 0.111969 3.51923e-05 6.49752e-10 1 0.0350527 0.254685 2.67185 0.374109 0.0445279 1.75209e-05 1.7121e-10 1 
0.03 0.2 0.4 0.034152 0.240497 2.43922 0.425002 0.113838 2.7723e-05 7.46296e-10 1 0.034152 0.240497 2.43922 0.425002 0.0384756 1.10723e-05 1.39418e-10 1 
0.03 0.2 0.45 0.0350067 0.239255 2.49208 0.472184 0.0744709 1.605e-05 4.97146e-10 1 0.0350067 0.239255 2.49208 0.472184 0.0265372 7.28776e-06 1.03587e-10 1 
0.03 0.2 0.5 0.0345722 0.238114 2.45548 0.524952 0.056075 1.06079e-05 3.08736e-10 1 0.0345722 0.238114 2.45548 0.524952 0.0194799 4.62235e-06 6.77429e-11 1 
0.03 0.2 0.55 0.034597 0.245139 2.51103 0.574547 0.0380667 7.11179e-06 2.47847e-10 1 0.034597 0.245139 2.51103 0.574547 0.0104831 2.43429e-06 2.99312e-11 1 
0.03 0.2 0.6 0.0344963 0.241642 2.46662 0.624121 0.0289253 4.96814e-06 1.47344e-10 1 0.0344963 0.241642 2.46662 0.624121 0.00853015 1.84544e-06 2.06044e-11 1 
0.03 0.2 0.65 0.0344432 0.238532 2.43183 0.670807 0.0164028 2.67815e-06 7.65119e-11 1 0.0344432 0.238532 2.43183 0.670807 0.00482237 9.22925e-07 1.07241e-11 1 
0.03 0.2 0.7 0.0343446 0.244036 2.47659 0.728321 0.0119254 2.15065e-06 4.065e-11 1 0.0343446 0.244036 2.47659 0.728321 0.000942815 4.22148e-07 1.48106e-12 1 
0.03 0.2 0.75 0.03412 0.233767 2.37929 0.790669 0.00514575 4.49723e-07 7.57017e-12 1 0.03412 0.233767 2.37929 0.790669 5.62886e-05 9.33004e-08 2.35769e-13 1 
0.03 0.3 0.2 0.0343992 0.432713 4.43916 0.222239 0.148618 0.000129144 9.95805e-10 1 0.0343992 0.432713 4.43916 0.222239 0.103185 0.000105142 9.79558e-10 1 
0.03 0.3 0.25 0.0347098 0.380603 3.9319 0.273829 0.134883 4.98272e-05 6.22674e-10 1 0.0347098 0.380603 3.9319 0.273829 0.0806057 3.53078e-05 3.33778e-10 1 
0.03 0.3 0.3 0.0345671 0.381272 3.9128 0.324379 0.133195 4.24296e-05 8.68923e-10 1 0.0345671 0.381272 3.9128 0.324379 0.0676681 2.4123e-05 2.92614e-10 1 
0.03 0.3 0.35 0.0346274 0.372271 3.81916 0.375055 0.10461 2.66815e-05 7.11033e-10 1 0.0346274 0.372271 3.81916 0.375055 0.0489566 1.38375e-05 2.11528e-10 1 
0.03 0.3 0.4 0.0347666 0.381848 3.94567 0.426243 0.087441 1.93516e-05 7.08027e-10 1 0.0347666 0.381848 3.94567 0.426243 0.0316466 8.44415e-06 1.07056e-10 1 
0.03 0.3 0.45 0.0343257 0.369808 3.76815 0.474383 0.0576398 1.2568e-05 4.8732e-10 1 0.0343257 0.369808 3.76815 0.474383 0.0253455 6.5181e-06 1.12218e-10 1 
0.03 0.3 0.5 0.0337209 0.363029 3.64027 0.52453 0.044904 1.02567e-05 3.63134e-10 1 0.0337209 0.363029 3.64027 0.52453 0.0164153 4.48233e-06 4.3807e-11 1 
0.03 0.3 0.55 0.0338085 0.356215 3.54968 0.576532 0.0353492 9.56641e-06 4.06289e-10 1 0.0338085 0.356215 3.54968 0.576532 0.00777264 2.94818e-06 2.05946e-11 1 
0.03 0.3 0.6 0.0351585 0.334958 3.52825 0.629884 0.0204788 6.15192e-06 2.50636e-10 1 0.0351585 0.334958 3.52825 0.629884 0.00651075 3.07948e-06 4.82228e-11 1 
0.03 0.3 0.65 0.0345247 0.341035 3.44983 0.684441 0.0201782 9.67698e-06 3.94727e-10 1 0.0345247 0.341035 3.44983 0.684441 0.0033379 2.60967e-06 2.11423e-11 1 
0.03 0.3 0.7 0.0326311 0.323145 3.10632 0.72754 0.0101072 6.04231e-06 2.13857e-10 1 0.0326311 0.323145 3.10632 0.72754 0.00235111 2.93309e-06 4.18051e-11 1 
0.03 0.3 0.75 0.0354475 0.310488 3.0971 0.804253 0.0114647 5.38453e-05 4.75118e-09 1 0.0354475 0.310488 3.0971 0.804253 0 0 0 0 
0.03 0.5 0.2 0.0340138 0.578401 5.86766 0.221853 0.158951 0.00016076 1.60486e-09 1 0.0340138 0.578401 5.86766 0.221853 0.107079 0.000123743 9.18335e-10 1 
0.03 0.5 0.25 0.0346292 0.583571 6.02485 0.27336 0.153371 0.000116936 2.49316e-09 1 0.0346292 0.583571 6.02485 0.27336 0.0925814 7.91381e-05 9.66485e-10 1 
0.03 0.5 0.3 0.0344022 0.580513 5.89949 0.323178 0.115635 7.84884e-05 2.35524e-09 1 0.0344022 0.580513 5.89949 0.323178 0.049432 3.63411e-05 3.29419e-10 1 
0.03 0.5 0.35 0.0332678 0.555411 5.46454 0.370727 0.10191 8.62321e-05 3.25098e-09 1 0.0332678 0.555411 5.46454 0.370727 0.0532532 5.32416e-05 7.33558e-10 1 
0.03 0.5 0.4 0.0348841 0.533275 5.50691 0.422924 0.0729344 0.000107625 4.83066e-09 1 0.0348841 0.533275 5.50691 0.422924 0.0424936 7.74822e-05 2.43901e-09 1 
0.03 0.5 0.45 0.0316682 0.500143 4.6511 0.49779 0.033289 0.000238938 1.16462e-08 1 0.0316682 0.500143 4.6511 0.49779 0.0208596 0.000214061 1.6828e-08 1 
0.03 0.5 0.5 0 0 0 0 0 0 0 0 0 0 0 0 0 0 0 0 
0.03 0.5 0.55 0 0 0 0 0 0 0 0 0 0 0 0 0 0 0 0 
0.03 0.5 0.6 0 0 0 0 0 0 0 0 0 0 0 0 0 0 0 0 
0.03 0.5 0.65 0 0 0 0 0 0 0 0 0 0 0 0 0 0 0 0 
0.03 0.5 0.7 0 0 0 0 0 0 0 0 0 0 0 0 0 0 0 0 
0.03 0.5 0.75 0 0 0 0 0 0 0 0 0 0 0 0 0 0 0 0 
0.03 0.7 0.2 0 0 0 0 0 0 0 0 0 0 0 0 0 0 0 0 
0.03 0.7 0.25 0 0 0 0 0 0 0 0 0 0 0 0 0 0 0 0 
0.03 0.7 0.3 0 0 0 0 0 0 0 0 0 0 0 0 0 0 0 0 
0.03 0.7 0.35 0 0 0 0 0 0 0 0 0 0 0 0 0 0 0 0 
0.03 0.7 0.4 0 0 0 0 0 0 0 0 0 0 0 0 0 0 0 0 
0.03 0.7 0.45 0 0 0 0 0 0 0 0 0 0 0 0 0 0 0 0 
0.03 0.7 0.5 0 0 0 0 0 0 0 0 0 0 0 0 0 0 0 0 
0.03 0.7 0.55 0 0 0 0 0 0 0 0 0 0 0 0 0 0 0 0 
0.03 0.7 0.6 0 0 0 0 0 0 0 0 0 0 0 0 0 0 0 0 
0.03 0.7 0.65 0 0 0 0 0 0 0 0 0 0 0 0 0 0 0 0 
0.03 0.7 0.7 0 0 0 0 0 0 0 0 0 0 0 0 0 0 0 0 
0.03 0.7 0.75 0 0 0 0 0 0 0 0 0 0 0 0 0 0 0 0 
0.04 0.1 0.2 0 0 0 0 0 0 0 0 0 0 0 0 0 0 0 0 
0.04 0.1 0.25 0 0 0 0 0 0 0 0 0 0 0 0 0 0 0 0 
0.04 0.1 0.3 0 0 0 0 0 0 0 0 0 0 0 0 0 0 0 0 
0.04 0.1 0.35 0 0 0 0 0 0 0 0 0 0 0 0 0 0 0 0 
0.04 0.1 0.4 0 0 0 0 0 0 0 0 0 0 0 0 0 0 0 0 
0.04 0.1 0.45 0 0 0 0 0 0 0 0 0 0 0 0 0 0 0 0 
0.04 0.1 0.5 0.0571495 0.149165 2.65023 0.522204 0.0429308 0.000380971 1.2045e-08 1 0.0571495 0.149165 2.65023 0.522204 0.0351048 0.00025332 1.86738e-08 1 
0.04 0.1 0.55 0.0473268 0.14347 2.0406 0.573281 0.058587 3.62918e-05 8.87947e-10 1 0.0473268 0.14347 2.0406 0.573281 0.0128446 1.31498e-05 3.39101e-10 1 
0.04 0.1 0.6 0.0476642 0.138922 1.97765 0.625597 0.0346552 1.00809e-05 1.80235e-10 1 0.0476642 0.138922 1.97765 0.625597 0.0116333 4.66499e-06 8.73979e-11 1 
0.04 0.1 0.65 0.047981 0.130495 1.88411 0.675275 0.0305234 6.01423e-06 9.61849e-11 1 0.047981 0.130495 1.88411 0.675275 0.00704439 2.10456e-06 2.50539e-11 1 
0.04 0.1 0.7 0.0478464 0.127883 1.81605 0.722316 0.020886 3.1897e-06 5.12891e-11 1 0.0478464 0.127883 1.81605 0.722316 0.00453564 1.17923e-06 6.81559e-12 1 
0.04 0.1 0.75 0.0482835 0.122049 1.75344 0.793973 0.0124131 7.95098e-07 8.35922e-12 1 0.0482835 0.122049 1.75344 0.793973 0.0032875 3.24532e-07 2.59682e-12 1 
0.04 0.15 0.2 0 0 0 0 0 0 0 0 0 0 0 0 0 0 0 0 
0.04 0.15 0.25 0 0 0 0 0 0 0 0 0 0 0 0 0 0 0 0 
0.04 0.15 0.3 0 0 0 0 0 0 0 0 0 0 0 0 0 0 0 0 
0.04 0.15 0.35 0 0 0 0 0 0 0 0 0 0 0 0 0 0 0 0 
0.04 0.15 0.4 0.0468875 0.193123 2.74053 0.424216 0.113504 0.000166774 4.06012e-09 1 0.0468875 0.193123 2.74053 0.424216 0.0648377 0.00011293 3.62418e-09 1 
0.04 0.15 0.45 0.0491268 0.181377 2.65733 0.474655 0.0881041 3.40517e-05 8.27135e-10 1 0.0491268 0.181377 2.65733 0.474655 0.0236036 1.41588e-05 1.51501e-10 1 
0.04 0.15 0.5 0.0492414 0.174524 2.57243 0.520869 0.0720867 1.62135e-05 4.29597e-10 1 0.0492414 0.174524 2.57243 0.520869 0.0180092 5.79698e-06 6.27864e-11 1 
0.04 0.15 0.55 0.0481005 0.174027 2.48405 0.575467 0.059532 1.24876e-05 3.34969e-10 1 0.0481005 0.174027 2.48405 0.575467 0.00964041 3.12937e-06 1.95644e-11 1 
0.04 0.15 0.6 0.0477449 0.173803 2.44604 0.627391 0.0420567 8.21928e-06 2.27143e-10 1 0.0477449 0.173803 2.44604 0.627391 0.00684804 2.12146e-06 1.29539e-11 1 
0.04 0.15 0.65 0.0485682 0.177527 2.5715 0.675389 0.025442 5.15231e-06 1.31187e-10 1 0.0485682 0.177527 2.5715 0.675389 0.00372721 1.3097e-06 8.32606e-12 1 
0.04 0.15 0.7 0.0483924 0.17544 2.50577 0.720042 0.0180448 3.47762e-06 8.10614e-11 1 0.0483924 0.17544 2.50577 0.720042 0.00258759 8.04622e-07 3.40996e-12 1 
0.04 0.15 0.75 0.04757 0.169825 2.40155 0.798755 0.00634158 6.62869e-07 6.35899e-12 1 0.04757 0.169825 2.40155 0.798755 0.00244778 2.83517e-07 3.52629e-12 1 
0.04 0.2 0.2 0 0 0 0 0 0 0 0 0 0 0 0 0 0 0 0 
0.04 0.2 0.25 0.0485148 0.295282 4.43354 0.268916 0.152671 0.00238665 7.69854e-08 1 0.0485148 0.295282 4.43354 0.268916 0.077066 0.00157346 3.35953e-08 1 
0.04 0.2 0.3 0.049011 0.271727 4.01556 0.321735 0.127793 9.16686e-05 1.46215e-09 1 0.049011 0.271727 4.01556 0.321735 0.0606843 5.07187e-05 6.3163e-10 1 
0.04 0.2 0.35 0.0483203 0.250275 3.59934 0.374307 0.125421 3.95339e-05 7.84306e-10 1 0.0483203 0.250275 3.59934 0.374307 0.0461235 1.84081e-05 1.95311e-10 1 
0.04 0.2 0.4 0.0488991 0.240609 3.50363 0.422918 0.109584 2.3391e-05 5.87577e-10 1 0.0488991 0.240609 3.50363 0.422918 0.0322084 9.26373e-06 8.99866e-11 1 
0.04 0.2 0.45 0.0492269 0.239665 3.49547 0.473885 0.0815466 1.66973e-05 4.72739e-10 1 0.0492269 0.239665 3.49547 0.473885 0.0255303 6.59478e-06 8.93877e-11 1 
0.04 0.2 0.5 0.0478098 0.240782 3.41724 0.522855 0.0652407 1.19969e-05 4.16991e-10 1 0.0478098 0.240782 3.41724 0.522855 0.0177177 4.02375e-06 4.7449e-11 1 
0.04 0.2 0.55 0.0483223 0.23543 3.40083 0.57214 0.0399784 7.1482e-06 2.20048e-10 1 0.0483223 0.23543 3.40083 0.57214 0.00961195 2.09651e-06 2.63889e-11 1 
0.04 0.2 0.6 0.0498916 0.243073 3.59707 0.624136 0.0281691 4.84635e-06 1.47711e-10 1 0.0498916 0.243073 3.59707 0.624136 0.00638237 1.41116e-06 1.30885e-11 1 
0.04 0.2 0.65 0.0474521 0.239184 3.34023 0.672323 0.0211048 3.38186e-06 1.12569e-10 1 0.0474521 0.239184 3.34023 0.672323 0.00391245 8.71273e-07 5.1813e-12 1 
0.04 0.2 0.7 0.0494052 0.236027 3.46473 0.727536 0.0119288 1.95706e-06 4.51289e-11 1 0.0494052 0.236027 3.46473 0.727536 0.00139059 4.13407e-07 1.7635e-12 1 
0.04 0.2 0.75 0.0503166 0.242549 3.62541 0.790807 0.00597133 4.98237e-07 9.93377e-12 1 0.0503166 0.242549 3.62541 0.790807 0.000527648 1.53678e-07 3.93118e-13 1 
0.04 0.3 0.2 0.0480347 0.428441 6.14051 0.22264 0.143395 0.000133672 9.13325e-10 1 0.0480347 0.428441 6.14051 0.22264 0.0925649 9.76963e-05 6.92435e-10 1 
0.04 0.3 0.25 0.0489873 0.381508 5.55867 0.274363 0.145193 5.5628e-05 6.49063e-10 1 0.0489873 0.381508 5.55867 0.274363 0.0723252 3.36134e-05 2.34574e-10 1 
0.04 0.3 0.3 0.048039 0.382719 5.45754 0.322654 0.127783 3.95842e-05 7.06323e-10 1 0.048039 0.382719 5.45754 0.322654 0.0677108 2.37806e-05 2.42825e-10 1 
0.04 0.3 0.35 0.0489105 0.379624 5.49857 0.373818 0.117482 3.01915e-05 8.42146e-10 1 0.0489105 0.379624 5.49857 0.373818 0.0465801 1.43567e-05 1.60549e-10 1 
0.04 0.3 0.4 0.0478738 0.366824 5.21623 0.422871 0.0804394 1.8088e-05 5.8052e-10 1 0.0478738 0.366824 5.21623 0.422871 0.0298978 8.09711e-06 8.98521e-11 1 
0.04 0.3 0.45 0.0485745 0.375722 5.42453 0.471478 0.0662525 1.43322e-05 5.44312e-10 1 0.0485745 0.375722 5.42453 0.471478 0.0200109 5.43466e-06 5.46835e-11 1 
0.04 0.3 0.5 0.0489321 0.357544 5.22505 0.523711 0.0526302 1.21084e-05 5.76539e-10 1 0.0489321 0.357544 5.22505 0.523711 0.0137472 3.8115e-06 3.46429e-11 1 
0.04 0.3 0.55 0.0489949 0.356716 5.15686 0.571862 0.0351285 9.33607e-06 3.06318e-10 1 0.0489949 0.356716 5.15686 0.571862 0.00902751 3.6245e-06 2.88363e-11 1 
0.04 0.3 0.6 0.0478453 0.335825 4.68695 0.622718 0.0251789 7.99013e-06 2.50659e-10 1 0.0478453 0.335825 4.68695 0.622718 0.00674585 3.92038e-06 3.36095e-11 1 
0.04 0.3 0.65 0.0479963 0.327853 4.64779 0.677632 0.0194113 8.65922e-06 2.46166e-10 1 0.0479963 0.327853 4.64779 0.677632 0.00276115 2.83359e-06 1.42816e-11 1 
0.04 0.3 0.7 0.0459427 0.316424 4.28215 0.727263 0.00697052 3.66224e-06 8.27221e-11 1 0.0459427 0.316424 4.28215 0.727263 0.00315168 2.92942e-06 3.62179e-11 1 
0.04 0.3 0.75 0.0424383 0.303121 3.6765 0.839981 0.00460367 2.97391e-05 4.36294e-09 1 0.0424383 0.303121 3.6765 0.839981 0 0 0 0 
0.04 0.5 0.2 0.048181 0.587186 8.44057 0.22505 0.136628 0.00014463 1.27277e-09 1 0.048181 0.587186 8.44057 0.22505 0.107395 0.000125076 9.03986e-10 1 
0.04 0.5 0.25 0.0501875 0.581002 8.65525 0.272349 0.134966 0.000102096 1.89179e-09 1 0.0501875 0.581002 8.65525 0.272349 0.0822921 6.81435e-05 7.56717e-10 1 
0.04 0.5 0.3 0.0497858 0.57808 8.56968 0.322526 0.126233 9.04983e-05 2.28431e-09 1 0.0497858 0.57808 8.56968 0.322526 0.0569909 4.47391e-05 3.95875e-10 1 
0.04 0.5 0.35 0.049764 0.557292 8.2588 0.375127 0.114923 0.000100027 4.08974e-09 1 0.049764 0.557292 8.2588 0.375127 0.0451856 4.57448e-05 4.99239e-10 1 
0.04 0.5 0.4 0.0473561 0.534054 7.60014 0.427959 0.0896676 0.000152647 8.32421e-09 1 0.0473561 0.534054 7.60014 0.427959 0.0250573 4.97613e-05 6.20421e-10 1 
0.04 0.5 0.45 0.0431949 0.513446 6.18754 0.484098 0.0395392 0.000347379 1.85747e-08 1 0.0431949 0.513446 6.18754 0.484098 0.0291401 0.000357972 2.48237e-08 1 
0.04 0.5 0.5 0 0 0 0 0 0 0 0 0 0 0 0 0 0 0 0 
0.04 0.5 0.55 0 0 0 0 0 0 0 0 0 0 0 0 0 0 0 0 
0.04 0.5 0.6 0 0 0 0 0 0 0 0 0 0 0 0 0 0 0 0 
0.04 0.5 0.65 0 0 0 0 0 0 0 0 0 0 0 0 0 0 0 0 
0.04 0.5 0.7 0 0 0 0 0 0 0 0 0 0 0 0 0 0 0 0 
0.04 0.5 0.75 0 0 0 0 0 0 0 0 0 0 0 0 0 0 0 0 
0.04 0.7 0.2 0 0 0 0 0 0 0 0 0 0 0 0 0 0 0 0 
0.04 0.7 0.25 0 0 0 0 0 0 0 0 0 0 0 0 0 0 0 0 
0.04 0.7 0.3 0 0 0 0 0 0 0 0 0 0 0 0 0 0 0 0 
0.04 0.7 0.35 0 0 0 0 0 0 0 0 0 0 0 0 0 0 0 0 
0.04 0.7 0.4 0 0 0 0 0 0 0 0 0 0 0 0 0 0 0 0 
0.04 0.7 0.45 0 0 0 0 0 0 0 0 0 0 0 0 0 0 0 0 
0.04 0.7 0.5 0 0 0 0 0 0 0 0 0 0 0 0 0 0 0 0 
0.04 0.7 0.55 0 0 0 0 0 0 0 0 0 0 0 0 0 0 0 0 
0.04 0.7 0.6 0 0 0 0 0 0 0 0 0 0 0 0 0 0 0 0 
0.04 0.7 0.65 0 0 0 0 0 0 0 0 0 0 0 0 0 0 0 0 
0.04 0.7 0.7 0 0 0 0 0 0 0 0 0 0 0 0 0 0 0 0 
0.04 0.7 0.75 0 0 0 0 0 0 0 0 0 0 0 0 0 0 0 0 
0.06 0.1 0.2 0 0 0 0 0 0 0 0 0 0 0 0 0 0 0 0 
0.06 0.1 0.25 0 0 0 0 0 0 0 0 0 0 0 0 0 0 0 0 
0.06 0.1 0.3 0 0 0 0 0 0 0 0 0 0 0 0 0 0 0 0 
0.06 0.1 0.35 0 0 0 0 0 0 0 0 0 0 0 0 0 0 0 0 
0.06 0.1 0.4 0 0 0 0 0 0 0 0 0 0 0 0 0 0 0 0 
0.06 0.1 0.45 0 0 0 0 0 0 0 0 0 0 0 0 0 0 0 0 
0.06 0.1 0.5 0.0681917 0.148552 3.15675 0.519993 0.0553186 0.000531979 1.39779e-08 1 0.0681917 0.148552 3.15675 0.519993 0.0133161 0.000216807 1.23553e-08 1 
0.06 0.1 0.55 0.0755611 0.140575 3.19181 0.573318 0.0677386 5.21972e-05 1.66588e-09 1 0.0755611 0.140575 3.19181 0.573318 0.0177014 1.99685e-05 3.89148e-10 1 
0.06 0.1 0.6 0.0763917 0.138182 3.1515 0.626367 0.0502565 1.70266e-05 4.57701e-10 1 0.0763917 0.138182 3.1515 0.626367 0.012145 6.39107e-06 8.22113e-11 1 
0.06 0.1 0.65 0.077371 0.134564 3.11802 0.674577 0.0308059 7.3656e-06 1.28079e-10 1 0.077371 0.134564 3.11802 0.674577 0.00960886 3.47828e-06 7.31096e-11 1 
0.06 0.1 0.7 0.0753191 0.127456 2.84491 0.727491 0.0273931 4.95899e-06 9.9541e-11 1 0.0753191 0.127456 2.84491 0.727491 0.00480691 1.30078e-06 1.30369e-11 1 
0.06 0.1 0.75 0.0731664 0.124755 2.71493 0.799054 0.0150344 1.16789e-06 1.92756e-11 1 0.0731664 0.124755 2.71493 0.799054 0.00318266 3.85695e-07 3.8142e-12 1 
0.06 0.15 0.2 0 0 0 0 0 0 0 0 0 0 0 0 0 0 0 0 
0.06 0.15 0.25 0 0 0 0 0 0 0 0 0 0 0 0 0 0 0 0 
0.06 0.15 0.3 0 0 0 0 0 0 0 0 0 0 0 0 0 0 0 0 
0.06 0.15 0.35 0 0 0 0 0 0 0 0 0 0 0 0 0 0 0 0 
0.06 0.15 0.4 0.0778128 0.193433 4.57604 0.425112 0.111403 0.000218191 5.04115e-09 1 0.0778128 0.193433 4.57604 0.425112 0.0370355 9.18263e-05 1.35888e-09 1 
0.06 0.15 0.45 0.073375 0.181154 4.01371 0.473408 0.102364 4.89196e-05 1.37183e-09 1 0.073375 0.181154 4.01371 0.473408 0.0339274 2.25431e-05 4.22829e-10 1 
0.06 0.15 0.5 0.0735335 0.173017 3.78561 0.522255 0.0759226 2.18219e-05 6.38021e-10 1 0.0735335 0.173017 3.78561 0.522255 0.0157773 6.26279e-06 5.50323e-11 1 
0.06 0.15 0.55 0.0759588 0.172313 3.86304 0.576914 0.0560291 1.45434e-05 3.94256e-10 1 0.0759588 0.172313 3.86304 0.576914 0.0145487 5.04251e-06 9.0342e-11 1 
0.06 0.15 0.6 0.0776981 0.176307 4.02249 0.626503 0.0430106 9.96715e-06 3.03772e-10 1 0.0776981 0.176307 4.02249 0.626503 0.0113195 3.67476e-06 5.65056e-11 1 
0.06 0.15 0.65 0.0754593 0.170876 3.83341 0.670186 0.025147 6.44379e-06 1.30441e-10 1 0.0754593 0.170876 3.83341 0.670186 0.00576208 1.91791e-06 1.76842e-11 1 
0.06 0.15 0.7 0.0711405 0.17165 3.6541 0.7271 0.0129664 3.31236e-06 6.32592e-11 1 0.0711405 0.17165 3.6541 0.7271 0.00312602 9.72076e-07 7.36254e-12 1 
0.06 0.15 0.75 0.0775087 0.173025 3.9784 0.799683 0.00753996 8.95041e-07 1.21528e-11 1 0.0775087 0.173025 3.9784 0.799683 0.00162775 2.46128e-07 2.02282e-12 1 
0.06 0.2 0.2 0 0 0 0 0 0 0 0 0 0 0 0 0 0 0 0 
0.06 0.2 0.25 0.0798588 0.295957 7.29547 0.276915 0.11404 0.00263265 4.19355e-08 1 0.0798588 0.295957 7.29547 0.276915 0 0 0 0 
0.06 0.2 0.3 0.0753775 0.275377 6.23183 0.324226 0.143147 0.000118313 1.96297e-09 1 0.0753775 0.275377 6.23183 0.324226 0.0627486 6.52238e-05 7.6669e-10 1 
0.06 0.2 0.35 0.0741702 0.25517 5.6424 0.374194 0.139982 5.31801e-05 1.13678e-09 1 0.0741702 0.25517 5.6424 0.374194 0.046413 2.17775e-05 2.33785e-10 1 
0.06 0.2 0.4 0.076385 0.243403 5.55628 0.42073 0.125108 3.49246e-05 1.1138e-09 1 0.076385 0.243403 5.55628 0.42073 0.0329865 1.23883e-05 1.10065e-10 1 
0.06 0.2 0.45 0.0759877 0.243572 5.48708 0.474097 0.0903539 2.23287e-05 7.02937e-10 1 0.0759877 0.243572 5.48708 0.474097 0.0219865 6.90845e-06 6.40958e-11 1 
0.06 0.2 0.5 0.0744891 0.244024 5.41272 0.52562 0.0564237 1.30737e-05 3.69702e-10 1 0.0744891 0.244024 5.41272 0.52562 0.0154665 4.5749e-06 4.71442e-11 1 
0.06 0.2 0.55 0.0751284 0.242027 5.41011 0.575527 0.0475745 1.00558e-05 3.52428e-10 1 0.0751284 0.242027 5.41011 0.575527 0.0108679 3.0257e-06 3.66283e-11 1 
0.06 0.2 0.6 0.0745997 0.23688 5.26 0.622627 0.0298801 6.3306e-06 1.85448e-10 1 0.0745997 0.23688 5.26 0.622627 0.00693893 1.88264e-06 3.307e-11 1 
0.06 0.2 0.65 0.0803317 0.247417 5.85342 0.676017 0.0205201 4.38037e-06 1.22791e-10 1 0.0803317 0.247417 5.85342 0.676017 0.0035924 1.05554e-06 6.47318e-12 1 
0.06 0.2 0.7 0.073219 0.242748 5.26076 0.721133 0.0123649 2.43827e-06 6.321e-11 1 0.073219 0.242748 5.26076 0.721133 0.00168472 6.28699e-07 2.65647e-12 1 
0.06 0.2 0.75 0.0780548 0.234422 5.455 0.7962 0.00674074 7.6439e-07 1.54751e-11 1 0.0780548 0.234422 5.455 0.7962 0 0 0 0 
0.06 0.3 0.2 0.0760442 0.434711 9.85545 0.222464 0.16553 0.000199282 1.49146e-09 1 0.0760442 0.434711 9.85545 0.222464 0.082396 0.000126531 5.68785e-10 1 
0.06 0.3 0.25 0.0769296 0.372915 8.53175 0.27339 0.148941 7.32022e-05 9.70276e-10 1 0.0769296 0.372915 8.53175 0.27339 0.0861931 4.95656e-05 4.14338e-10 1 
0.06 0.3 0.3 0.0746986 0.383642 8.51542 0.323078 0.135128 5.60212e-05 1.09236e-09 1 0.0746986 0.383642 8.51542 0.323078 0.0551655 2.6925e-05 1.76862e-10 1 
0.06 0.3 0.35 0.0761364 0.377372 8.59496 0.373929 0.125882 4.30589e-05 1.3815e-09 1 0.0761364 0.377372 8.59496 0.373929 0.0395238 1.63151e-05 1.42107e-10 1 
0.06 0.3 0.4 0.0780134 0.374121 8.73356 0.424346 0.100701 2.88965e-05 9.56136e-10 1 0.0780134 0.374121 8.73356 0.424346 0.0238994 8.48094e-06 6.63089e-11 1 
0.06 0.3 0.45 0.0775185 0.371097 8.52058 0.470288 0.0684 1.88898e-05 7.41301e-10 1 0.0775185 0.371097 8.52058 0.470288 0.0197916 7.15869e-06 7.05351e-11 1 
0.06 0.3 0.5 0.0702178 0.375178 7.75419 0.526685 0.0551835 1.6629e-05 6.39623e-10 1 0.0702178 0.375178 7.75419 0.526685 0.0115267 4.75947e-06 3.52275e-11 1 
0.06 0.3 0.55 0.0717125 0.352329 7.4494 0.57476 0.0442413 1.44238e-05 6.08584e-10 1 0.0717125 0.352329 7.4494 0.57476 0.00673204 3.73218e-06 2.05638e-11 1 
0.06 0.3 0.6 0.0832534 0.334773 8.36757 0.631616 0.0264768 1.01032e-05 3.84733e-10 1 0.0832534 0.334773 8.36757 0.631616 0.000620654 1.32124e-06 9.02215e-12 1 
0.06 0.3 0.65 0.0693995 0.33899 7.06802 0.666133 0.0220491 1.13838e-05 5.48435e-10 1 0.0693995 0.33899 7.06802 0.666133 0.00637726 5.79265e-06 6.98213e-11 1 
0.06 0.3 0.7 0.0760897 0.324686 7.2845 0.71787 0.0086641 6.89163e-06 2.11724e-10 1 0.0760897 0.324686 7.2845 0.71787 0.00147477 2.91401e-06 8.87945e-11 1 
0.06 0.3 0.75 0 0 0 0 0.00418047 2.09316e-05 1.61284e-09 1 0 0 0 0 0 0 0 0 
0.06 0.5 0.2 0.0784751 0.586829 13.6946 0.221717 0.167269 0.000212763 1.78088e-09 1 0.0784751 0.586829 13.6946 0.221717 0.111625 0.000156535 1.22079e-09 1 
0.06 0.5 0.25 0.0776836 0.591293 13.6642 0.274826 0.157008 0.000142433 3.66482e-09 1 0.0776836 0.591293 13.6642 0.274826 0.097099 9.0183e-05 1.04003e-09 1 
0.06 0.5 0.3 0.0778609 0.577007 13.2515 0.327211 0.128267 9.79315e-05 2.59612e-09 1 0.0778609 0.577007 13.2515 0.327211 0.0721669 6.92024e-05 8.29847e-10 1 
0.06 0.5 0.35 0.0788081 0.563524 13.1646 0.372105 0.115997 0.000125502 6.85225e-09 1 0.0788081 0.563524 13.1646 0.372105 0.0369258 5.28134e-05 6.94183e-10 1 
0.06 0.5 0.4 0.0679033 0.529926 10.675 0.431221 0.114804 0.000213244 1.8262e-08 1 0.0679033 0.529926 10.675 0.431221 0.0154189 4.49383e-05 3.2979e-10 1 
0.06 0.5 0.45 0.0754485 0.51488 11.0948 0.462337 0.0854509 0.000962119 7.78287e-08 1 0.0754485 0.51488 11.0948 0.462337 0 0 0 0 
0.06 0.5 0.5 0 0 0 0 0 0 0 0 0 0 0 0 0 0 0 0 
0.06 0.5 0.55 0 0 0 0 0 0 0 0 0 0 0 0 0 0 0 0 
0.06 0.5 0.6 0 0 0 0 0 0 0 0 0 0 0 0 0 0 0 0 
0.06 0.5 0.65 0 0 0 0 0 0 0 0 0 0 0 0 0 0 0 0 
0.06 0.5 0.7 0 0 0 0 0 0 0 0 0 0 0 0 0 0 0 0 
0.06 0.5 0.75 0 0 0 0 0 0 0 0 0 0 0 0 0 0 0 0 
0.06 0.7 0.2 0 0 0 0 0 0 0 0 0 0 0 0 0 0 0 0 
0.06 0.7 0.25 0 0 0 0 0 0 0 0 0 0 0 0 0 0 0 0 
0.06 0.7 0.3 0 0 0 0 0 0 0 0 0 0 0 0 0 0 0 0 
0.06 0.7 0.35 0 0 0 0 0 0 0 0 0 0 0 0 0 0 0 0 
0.06 0.7 0.4 0 0 0 0 0 0 0 0 0 0 0 0 0 0 0 0 
0.06 0.7 0.45 0 0 0 0 0 0 0 0 0 0 0 0 0 0 0 0 
0.06 0.7 0.5 0 0 0 0 0 0 0 0 0 0 0 0 0 0 0 0 
0.06 0.7 0.55 0 0 0 0 0 0 0 0 0 0 0 0 0 0 0 0 
0.06 0.7 0.6 0 0 0 0 0 0 0 0 0 0 0 0 0 0 0 0 
0.06 0.7 0.65 0 0 0 0 0 0 0 0 0 0 0 0 0 0 0 0 
0.06 0.7 0.7 0 0 0 0 0 0 0 0 0 0 0 0 0 0 0 0 
0.06 0.7 0.75 0 0 0 0 0 0 0 0 0 0 0 0 0 0 0 0 
0.1 0.1 0.2 0 0 0 0 0 0 0 0 0 0 0 0 0 0 0 0 
0.1 0.1 0.25 0 0 0 0 0 0 0 0 0 0 0 0 0 0 0 0 
0.1 0.1 0.3 0 0 0 0 0 0 0 0 0 0 0 0 0 0 0 0 
0.1 0.1 0.35 0 0 0 0 0 0 0 0 0 0 0 0 0 0 0 0 
0.1 0.1 0.4 0 0 0 0 0 0 0 0 0 0 0 0 0 0 0 0 
0.1 0.1 0.45 0 0 0 0 0 0 0 0 0 0 0 0 0 0 0 0 
0.1 0.1 0.5 0 0 0 0 0.225665 0.00551471 7.15482e-07 1 0 0 0 0 0.0221297 0.000543706 8.28599e-10 1 
0.1 0.1 0.55 0.126044 0.143513 5.48695 0.57701 0.0688258 0.000143605 5.00933e-09 1 0.126044 0.143513 5.48695 0.57701 0.0082029 2.48882e-05 4.78961e-10 1 
0.1 0.1 0.6 0.119462 0.135059 4.81535 0.615394 0.0441491 4.54416e-05 9.59531e-10 1 0.119462 0.135059 4.81535 0.615394 0.0113384 1.48067e-05 5.40636e-10 1 
0.1 0.1 0.65 0.115347 0.133867 4.60482 0.668269 0.0348158 2.32988e-05 3.93781e-10 1 0.115347 0.133867 4.60482 0.668269 0.0104383 8.84936e-06 1.69161e-10 1 
0.1 0.1 0.7 0.114347 0.124808 4.3097 0.713678 0.0278233 1.42111e-05 2.57535e-10 1 0.114347 0.124808 4.3097 0.713678 0.00745015 5.27612e-06 8.83418e-11 1 
0.1 0.1 0.75 0.115554 0.122695 4.23206 0.777843 0.0182042 3.99262e-06 7.71635e-11 1 0.115554 0.122695 4.23206 0.777843 0.00434962 1.46191e-06 1.67691e-11 1 
0.1 0.15 0.2 0 0 0 0 0 0 0 0 0 0 0 0 0 0 0 0 
0.1 0.15 0.25 0 0 0 0 0 0 0 0 0 0 0 0 0 0 0 0 
0.1 0.15 0.3 0 0 0 0 0 0 0 0 0 0 0 0 0 0 0 0 
0.1 0.15 0.35 0 0 0 0 0 0 0 0 0 0 0 0 0 0 0 0 
0.1 0.15 0.4 0.123523 0.193801 7.2311 0.416366 0.152186 0.000624042 1.93219e-08 1 0.123523 0.193801 7.2311 0.416366 0.0366001 0.000193319 6.44224e-09 1 
0.1 0.15 0.45 0.114964 0.181052 6.23074 0.470801 0.105737 0.000124044 3.72343e-09 1 0.114964 0.181052 6.23074 0.470801 0.0257095 4.02751e-05 5.77446e-10 1 
0.1 0.15 0.5 0.118864 0.173739 6.10035 0.525379 0.0870696 6.35757e-05 1.81792e-09 1 0.118864 0.173739 6.10035 0.525379 0.0192147 1.90846e-05 3.27172e-10 1 
0.1 0.15 0.55 0.115158 0.170372 5.8335 0.571191 0.0810914 5.57198e-05 1.98516e-09 1 0.115158 0.170372 5.8335 0.571191 0.0144551 1.27466e-05 1.47542e-10 1 
0.1 0.15 0.6 0.11918 0.173036 6.16712 0.63294 0.0402577 2.304e-05 6.96512e-10 1 0.11918 0.173036 6.16712 0.63294 0.00734883 6.10084e-06 1.58134e-10 1 
0.1 0.15 0.65 0.120221 0.175875 6.25678 0.677231 0.0258763 1.54776e-05 3.51504e-10 1 0.120221 0.175875 6.25678 0.677231 0.00347278 3.67161e-06 5.77751e-11 1 
0.1 0.15 0.7 0.11317 0.171655 5.89002 0.7244 0.0173325 1.06912e-05 1.85032e-10 1 0.11317 0.171655 5.89002 0.7244 0.00588269 4.72837e-06 1.61585e-10 1 
0.1 0.15 0.75 0.113356 0.170577 5.7341 0.815918 0.00953623 3.27975e-06 4.56162e-11 1 0.113356 0.170577 5.7341 0.815918 0.0025933 7.22825e-07 1.40977e-11 1 
0.1 0.2 0.2 0 0 0 0 0 0 0 0 0 0 0 0 0 0 0 0 
0.1 0.2 0.25 0 0 0 0 0.165222 0.0128421 3.92087e-07 1 0 0 0 0 0.0656976 0.00591484 2.40873e-07 1 
0.1 0.2 0.3 0.121433 0.273796 9.92825 0.324569 0.1447 0.000307584 5.43078e-09 1 0.121433 0.273796 9.92825 0.324569 0.0695215 0.000202123 2.41789e-09 1 
0.1 0.2 0.35 0.118027 0.257206 9.05538 0.376406 0.160159 0.000151088 3.77289e-09 1 0.118027 0.257206 9.05538 0.376406 0.045239 5.82526e-05 4.3074e-10 1 
0.1 0.2 0.4 0.114589 0.254577 8.65023 0.422295 0.12802 8.4792e-05 2.38314e-09 1 0.114589 0.254577 8.65023 0.422295 0.0320392 2.56277e-05 2.39982e-10 1 
0.1 0.2 0.45 0.115738 0.246015 8.42362 0.474877 0.099377 6.17524e-05 1.92175e-09 1 0.115738 0.246015 8.42362 0.474877 0.0206376 1.75327e-05 1.70692e-10 1 
0.1 0.2 0.5 0.110226 0.237076 7.73306 0.523841 0.0708963 4.02081e-05 1.50189e-09 1 0.110226 0.237076 7.73306 0.523841 0.0172648 1.20435e-05 1.87277e-10 1 
0.1 0.2 0.55 0.113176 0.246709 8.23929 0.569086 0.0530729 2.66143e-05 1.03011e-09 1 0.113176 0.246709 8.23929 0.569086 0.0059686 4.15048e-06 2.63956e-11 1 
0.1 0.2 0.6 0.121716 0.236939 8.50775 0.627069 0.0354804 1.97732e-05 6.30979e-10 1 0.121716 0.236939 8.50775 0.627069 0.00526458 4.03788e-06 3.03592e-11 1 
0.1 0.2 0.65 0.118658 0.230257 8.35577 0.669177 0.0196733 9.81982e-06 2.85686e-10 1 0.118658 0.230257 8.35577 0.669177 0.00322831 2.10242e-06 2.40503e-11 1 
0.1 0.2 0.7 0.113573 0.256435 8.62921 0.724411 0.00889418 3.96169e-06 6.75919e-11 1 0.113573 0.256435 8.62921 0.724411 0.000856788 8.00171e-07 2.71128e-12 1 
0.1 0.2 0.75 0.121756 0.235375 8.62927 0.800357 0.00791582 2.0753e-06 5.23689e-11 1 0.121756 0.235375 8.62927 0.800357 0 0 0 0 
0.1 0.3 0.2 0.118666 0.429478 15.2991 0.223904 0.156311 0.000478784 3.51982e-09 1 0.118666 0.429478 15.2991 0.223904 0.10268 0.000345835 1.99648e-09 1 
0.1 0.3 0.25 0.11638 0.377721 13.1293 0.274448 0.150598 0.000189171 2.5678e-09 1 0.11638 0.377721 13.1293 0.274448 0.0914831 0.000131393 1.28359e-09 1 
0.1 0.3 0.3 0.116804 0.375325 12.9827 0.323417 0.156288 0.00014983 3.79469e-09 1 0.116804 0.375325 12.9827 0.323417 0.0620708 7.2396e-05 7.87614e-10 1 
0.1 0.3 0.35 0.118135 0.3803 13.3223 0.369547 0.137267 0.000116702 3.6777e-09 1 0.118135 0.3803 13.3223 0.369547 0.0451269 4.52747e-05 3.98103e-10 1 
0.1 0.3 0.4 0.117928 0.380417 13.3069 0.425807 0.101167 7.56601e-05 3.4509e-09 1 0.117928 0.380417 13.3069 0.425807 0.0188085 1.68666e-05 1.08358e-10 1 
0.1 0.3 0.45 0.117243 0.37834 13.1636 0.468345 0.0613495 4.21756e-05 1.63376e-09 1 0.117243 0.37834 13.1636 0.468345 0.0129405 1.2779e-05 4.54221e-11 1 
0.1 0.3 0.5 0.118501 0.36635 12.7351 0.527745 0.0663234 5.05413e-05 2.62788e-09 1 0.118501 0.36635 12.7351 0.527745 0.00898608 9.86322e-06 5.67755e-11 1 
0.1 0.3 0.55 0.11253 0.334945 11.1941 0.577192 0.0588631 5.48694e-05 3.58721e-09 1 0.11253 0.334945 11.1941 0.577192 0.00239753 7.99986e-06 2.43325e-11 1 
0.1 0.3 0.6 0.118614 0.336166 11.5656 0.624147 0.0186647 1.84868e-05 4.97756e-10 1 0.118614 0.336166 11.5656 0.624147 0.00116418 6.57612e-06 8.10498e-11 1 
0.1 0.3 0.65 0.110188 0.329615 10.8942 0.680273 0.0224218 2.66733e-05 1.14364e-09 1 0.110188 0.329615 10.8942 0.680273 0.00231935 6.26759e-06 5.68647e-11 1 
0.1 0.3 0.7 0.107454 0.326919 10.2721 0.72851 0.0195087 4.5182e-05 1.70843e-09 1 0.107454 0.326919 10.2721 0.72851 0.000112928 5.17543e-06 1.27446e-10 1 
0.1 0.3 0.75 0 0 0 0 0.00518199 3.0809e-05 5.36158e-09 1 0 0 0 0 0 0 0 0 
0.1 0.5 0.2 0.119488 0.584816 20.6014 0.22229 0.186675 0.000522783 6.12567e-09 1 0.119488 0.584816 20.6014 0.22229 0.11335 0.000373411 2.25728e-09 1 
0.1 0.5 0.25 0.121134 0.578484 20.8231 0.273825 0.17315 0.000368422 7.96348e-09 1 0.121134 0.578484 20.8231 0.273825 0.0911084 0.00021401 2.58523e-09 1 
0.1 0.5 0.3 0.115836 0.574022 19.8261 0.319969 0.126351 0.000228611 7.11973e-09 1 0.115836 0.574022 19.8261 0.319969 0.0444944 0.000100729 7.16877e-10 1 
0.1 0.5 0.35 0.12005 0.559527 19.8403 0.375129 0.131883 0.000320128 1.65591e-08 1 0.12005 0.559527 19.8403 0.375129 0.0353445 0.00012558 8.57507e-10 1 
0.1 0.5 0.4 0.110179 0.533723 17.5718 0.423723 0.119731 0.000535495 2.78845e-08 1 0.110179 0.533723 17.5718 0.423723 0.026623 0.000234158 2.38494e-09 1 
0.1 0.5 0.45 0 0 0 0 0.0921636 0.00360452 6.96991e-07 1 0 0 0 0 0.0142535 0.00051863 3.22592e-08 1 
0.1 0.5 0.5 0 0 0 0 0 0 0 0 0 0 0 0 0 0 0 0 
0.1 0.5 0.55 0 0 0 0 0 0 0 0 0 0 0 0 0 0 0 0 
0.1 0.5 0.6 0 0 0 0 0 0 0 0 0 0 0 0 0 0 0 0 
0.1 0.5 0.65 0 0 0 0 0 0 0 0 0 0 0 0 0 0 0 0 
0.1 0.5 0.7 0 0 0 0 0 0 0 0 0 0 0 0 0 0 0 0 
0.1 0.5 0.75 0 0 0 0 0 0 0 0 0 0 0 0 0 0 0 0 
0.1 0.7 0.2 0 0 0 0 0 0 0 0 0 0 0 0 0 0 0 0 
0.1 0.7 0.25 0 0 0 0 0 0 0 0 0 0 0 0 0 0 0 0 
0.1 0.7 0.3 0 0 0 0 0 0 0 0 0 0 0 0 0 0 0 0 
0.1 0.7 0.35 0 0 0 0 0 0 0 0 0 0 0 0 0 0 0 0 
0.1 0.7 0.4 0 0 0 0 0 0 0 0 0 0 0 0 0 0 0 0 
0.1 0.7 0.45 0 0 0 0 0 0 0 0 0 0 0 0 0 0 0 0 
0.1 0.7 0.5 0 0 0 0 0 0 0 0 0 0 0 0 0 0 0 0 
0.1 0.7 0.55 0 0 0 0 0 0 0 0 0 0 0 0 0 0 0 0 
0.1 0.7 0.6 0 0 0 0 0 0 0 0 0 0 0 0 0 0 0 0 
0.1 0.7 0.65 0 0 0 0 0 0 0 0 0 0 0 0 0 0 0 0 
0.1 0.7 0.7 0 0 0 0 0 0 0 0 0 0 0 0 0 0 0 0 
0.1 0.7 0.75 0 0 0 0 0 0 0 0 0 0 0 0 0 0 0 0 
0.14 0.1 0.2 0 0 0 0 0 0 0 0 0 0 0 0 0 0 0 0 
0.14 0.1 0.25 0 0 0 0 0 0 0 0 0 0 0 0 0 0 0 0 
0.14 0.1 0.3 0 0 0 0 0 0 0 0 0 0 0 0 0 0 0 0 
0.14 0.1 0.35 0 0 0 0 0 0 0 0 0 0 0 0 0 0 0 0 
0.14 0.1 0.4 0 0 0 0 0 0 0 0 0 0 0 0 0 0 0 0 
0.14 0.1 0.45 0 0 0 0 0 0 0 0 0 0 0 0 0 0 0 0 
0.14 0.1 0.5 0.140815 0.147582 6.42231 0.546805 0 0 0 0 0.140815 0.147582 6.42231 0.546805 0.0294251 0.00449019 1.55091e-06 1 
0.14 0.1 0.55 0.166783 0.147831 7.30295 0.58106 0.0720789 0.000374821 1.00968e-08 1 0.166783 0.147831 7.30295 0.58106 0.0151747 0.000134615 6.06305e-09 1 
0.14 0.1 0.6 0.143408 0.137829 5.8782 0.611187 0.0486519 0.000105884 2.57796e-09 1 0.143408 0.137829 5.8782 0.611187 0.0142936 4.08249e-05 1.90716e-09 1 
0.14 0.1 0.65 0.158035 0.136433 6.50555 0.686965 0.0350666 5.8303e-05 1.31542e-09 1 0.158035 0.136433 6.50555 0.686965 0.00552236 1.57767e-05 5.7796e-10 1 
0.14 0.1 0.7 0.148388 0.130277 5.8188 0.722222 0.0359428 4.8364e-05 9.72511e-10 1 0.148388 0.130277 5.8188 0.722222 0.0145374 2.59999e-05 1.14426e-09 1 
0.14 0.1 0.75 0.153457 0.114589 5.24314 0.79895 0.0174041 9.10282e-06 1.14671e-10 1 0.153457 0.114589 5.24314 0.79895 0.00573674 3.90054e-06 6.93215e-11 1 
0.14 0.15 0.2 0 0 0 0 0 0 0 0 0 0 0 0 0 0 0 0 
0.14 0.15 0.25 0 0 0 0 0 0 0 0 0 0 0 0 0 0 0 0 
0.14 0.15 0.3 0 0 0 0 0 0 0 0 0 0 0 0 0 0 0 0 
0.14 0.15 0.35 0 0 0 0 0 0 0 0 0 0 0 0 0 0 0 0 
0.14 0.15 0.4 0.162727 0.194456 9.4995 0.429185 0.140801 0.00134256 6.06291e-08 1 0.162727 0.194456 9.4995 0.429185 0.0360908 0.000487853 1.47453e-08 1 
0.14 0.15 0.45 0.157623 0.184369 8.68487 0.465711 0.0993339 0.00025801 1.18681e-08 1 0.157623 0.184369 8.68487 0.465711 0.0332892 0.000172472 4.84055e-09 1 
0.14 0.15 0.5 0.15393 0.184738 8.2791 0.532472 0.0907091 0.000157438 5.57979e-09 1 0.15393 0.184738 8.2791 0.532472 0.00751805 1.84599e-05 9.55058e-11 1 
0.14 0.15 0.55 0.154076 0.166578 7.67553 0.57855 0.0724289 9.50212e-05 3.19725e-09 1 0.154076 0.166578 7.67553 0.57855 0.0126996 2.2316e-05 2.56391e-10 1 
0.14 0.15 0.6 0 0 0 0 0.0393652 4.82938e-05 9.67119e-10 1 0 0 0 0 0.00679596 1.30026e-05 2.10308e-10 1 
0.14 0.15 0.65 0.153895 0.176988 7.99815 0.67015 0.0335946 3.95724e-05 1.17811e-09 1 0.153895 0.176988 7.99815 0.67015 0.00683587 9.1757e-06 2.90104e-10 1 
0.14 0.15 0.7 0.16998 0.168076 8.6288 0.71697 0.0205046 2.78362e-05 7.12047e-10 1 0.16998 0.168076 8.6288 0.71697 0.00206126 2.91345e-06 5.93625e-11 1 
0.14 0.15 0.75 0.17351 0.168055 9.05972 0.834679 0.00810096 4.46406e-06 8.41862e-11 1 0.17351 0.168055 9.05972 0.834679 0.00324362 2.03889e-06 7.87957e-11 1 
0.14 0.2 0.2 0 0 0 0 0 0 0 0 0 0 0 0 0 0 0 0 
0.14 0.2 0.25 0 0 0 0 0.708228 0.0926405 1.14636e-05 1 0 0 0 0 0.25756 0.0341431 2.18869e-06 1 
0.14 0.2 0.3 0.160374 0.270563 13.1799 0.325305 0.229118 0.000995294 2.71481e-08 1 0.160374 0.270563 13.1799 0.325305 0.0520207 0.00029814 4.43287e-09 1 
0.14 0.2 0.35 0.156768 0.251862 11.7598 0.377195 0.133855 0.000268502 5.48671e-09 1 0.156768 0.251862 11.7598 0.377195 0.0274458 8.25263e-05 6.18105e-10 1 
0.14 0.2 0.4 0.155367 0.234461 10.937 0.419523 0.136142 0.000187152 6.12514e-09 1 0.155367 0.234461 10.937 0.419523 0.0204563 3.75954e-05 3.39917e-10 1 
0.14 0.2 0.45 0.155959 0.238251 10.8921 0.464458 0.108764 0.000144528 5.19647e-09 1 0.155959 0.238251 10.8921 0.464458 0.0188222 3.31843e-05 4.05111e-10 1 
0.14 0.2 0.5 0.15327 0.249903 11.1816 0.519775 0.0560408 6.88323e-05 2.09286e-09 1 0.15327 0.249903 11.1816 0.519775 0.0175229 2.39491e-05 3.31295e-10 1 
0.14 0.2 0.55 0.145191 0.22542 10.002 0.579362 0.0578463 7.46764e-05 2.67213e-09 1 0.145191 0.22542 10.002 0.579362 0.00819366 1.19925e-05 1.34509e-10 1 
0.14 0.2 0.6 0.147258 0.212701 9.39755 0.626865 0.0481115 5.11574e-05 3.52909e-09 1 0.147258 0.212701 9.39755 0.626865 0.00801037 9.9726e-06 1.84277e-10 1 
0.14 0.2 0.65 0.152409 0.247729 11.3206 0.677517 0.0276914 3.3789e-05 1.23044e-09 1 0.152409 0.247729 11.3206 0.677517 0.00150291 2.60142e-06 3.70523e-11 1 
0.14 0.2 0.7 0 0 0 0 0.0134544 1.56172e-05 2.94966e-10 1 0 0 0 0 0 0 0 0 
0.14 0.2 0.75 0.149177 0.248913 11.2338 0.821975 0.0104334 6.2917e-06 2.80967e-10 1 0.149177 0.248913 11.2338 0.821975 0.000455078 1.00574e-06 1.28371e-11 1 
0.14 0.3 0.2 0.159718 0.414679 19.8251 0.22464 0.173452 0.00100745 7.63664e-09 1 0.159718 0.414679 19.8251 0.22464 0.123288 0.000663828 7.14317e-09 1 
0.14 0.3 0.25 0.156324 0.385905 17.9602 0.270642 0.148512 0.00032467 4.51679e-09 1 0.156324 0.385905 17.9602 0.270642 0.0677573 0.000179765 1.38819e-09 1 
0.14 0.3 0.3 0.159 0.387848 18.2333 0.317821 0.162758 0.000295805 8.52877e-09 1 0.159 0.387848 18.2333 0.317821 0.0516497 0.000111629 1.02873e-09 1 
0.14 0.3 0.35 0.153613 0.367607 16.7752 0.382076 0.116543 0.000165669 5.03567e-09 1 0.153613 0.367607 16.7752 0.382076 0.0337303 5.71332e-05 6.00063e-10 1 
0.14 0.3 0.4 0.154828 0.404207 18.6806 0.431948 0.113675 0.000140869 5.92054e-09 1 0.154828 0.404207 18.6806 0.431948 0.0217628 3.52509e-05 2.16153e-10 1 
0.14 0.3 0.45 0.159621 0.388346 18.3334 0.477534 0.0874649 0.000120713 7.24381e-09 1 0.159621 0.388346 18.3334 0.477534 0.0207306 3.75602e-05 8.28938e-10 1 
0.14 0.3 0.5 0.160709 0.385339 18.0891 0.519111 0.0422011 5.58577e-05 2.58203e-09 1 0.160709 0.385339 18.0891 0.519111 0.00620337 2.35276e-05 2.54501e-10 1 
0.14 0.3 0.55 0.150456 0.368543 16.7934 0.568727 0.0425704 5.60179e-05 2.89479e-09 1 0.150456 0.368543 16.7934 0.568727 0.00164424 1.07214e-05 5.00146e-11 1 
0.14 0.3 0.6 0.165003 0.325927 16.1072 0.615997 0.0405653 9.19405e-05 6.32755e-09 1 0.165003 0.325927 16.1072 0.615997 4.37563e-05 5.01955e-06 8.14026e-11 1 
0.14 0.3 0.65 0.153189 0.323097 14.9614 0.675487 0.0257057 7.95429e-05 3.07516e-09 1 0.153189 0.323097 14.9614 0.675487 0.00413664 2.80269e-05 4.19805e-10 1 
0.14 0.3 0.7 0.150526 0.302919 14.1937 0.705443 0.0160474 7.57449e-05 4.59269e-09 1 0.150526 0.302919 14.1937 0.705443 0 0 0 0 
0.14 0.3 0.75 0 0 0 0 0.0520545 0.00304381 8.60532e-22 1 0 0 0 0 0 0 0 0 
0.14 0.5 0.2 0.158365 0.563766 26.3298 0.218581 0.191393 0.000992512 1.30574e-08 1 0.158365 0.563766 26.3298 0.218581 0.10524 0.000662408 4.19874e-09 1 
0.14 0.5 0.25 0.162081 0.61011 29.5496 0.276007 0.183828 0.000778003 1.8085e-08 1 0.162081 0.61011 29.5496 0.276007 0.0927314 0.000428239 7.03709e-09 1 
0.14 0.5 0.3 0.161691 0.5674 27.4662 0.321106 0.18539 0.000664083 2.8029e-08 1 0.161691 0.5674 27.4662 0.321106 0.0339775 0.000155434 1.97258e-09 1 
0.14 0.5 0.35 0.159854 0.561248 26.516 0.379689 0.119042 0.00048997 2.56547e-08 1 0.159854 0.561248 26.516 0.379689 0.03575 0.000253551 2.44435e-09 1 
0.14 0.5 0.4 0.171444 0.528215 26.7093 0.417797 0.122617 0.0011472 7.42336e-08 1 0.171444 0.528215 26.7093 0.417797 0.0053753 0.000143348 1.56996e-09 1 
0.14 0.5 0.45 0 0 0 0 0.0256091 0.000814806 2.01457e-07 1 0 0 0 0 0 0 0 0 
0.14 0.5 0.5 0 0 0 0 0 0 0 0 0 0 0 0 0 0 0 0 
0.14 0.5 0.55 0 0 0 0 0 0 0 0 0 0 0 0 0 0 0 0 
0.14 0.5 0.6 0 0 0 0 0 0 0 0 0 0 0 0 0 0 0 0 
0.14 0.5 0.65 0 0 0 0 0 0 0 0 0 0 0 0 0 0 0 0 
0.14 0.5 0.7 0 0 0 0 0 0 0 0 0 0 0 0 0 0 0 0 
0.14 0.5 0.75 0 0 0 0 0 0 0 0 0 0 0 0 0 0 0 0 
0.14 0.7 0.2 0 0 0 0 0 0 0 0 0 0 0 0 0 0 0 0 
0.14 0.7 0.25 0 0 0 0 0 0 0 0 0 0 0 0 0 0 0 0 
0.14 0.7 0.3 0 0 0 0 0 0 0 0 0 0 0 0 0 0 0 0 
0.14 0.7 0.35 0 0 0 0 0 0 0 0 0 0 0 0 0 0 0 0 
0.14 0.7 0.4 0 0 0 0 0 0 0 0 0 0 0 0 0 0 0 0 
0.14 0.7 0.45 0 0 0 0 0 0 0 0 0 0 0 0 0 0 0 0 
0.14 0.7 0.5 0 0 0 0 0 0 0 0 0 0 0 0 0 0 0 0 
0.14 0.7 0.55 0 0 0 0 0 0 0 0 0 0 0 0 0 0 0 0 
0.14 0.7 0.6 0 0 0 0 0 0 0 0 0 0 0 0 0 0 0 0 
0.14 0.7 0.65 0 0 0 0 0 0 0 0 0 0 0 0 0 0 0 0 
0.14 0.7 0.7 0 0 0 0 0 0 0 0 0 0 0 0 0 0 0 0 
0.14 0.7 0.75 0 0 0 0 0 0 0 0 0 0 0 0 0 0 0 0 
0.18 0.1 0.2 0 0 0 0 0 0 0 0 0 0 0 0 0 0 0 0 
0.18 0.1 0.25 0 0 0 0 0 0 0 0 0 0 0 0 0 0 0 0 
0.18 0.1 0.3 0 0 0 0 0 0 0 0 0 0 0 0 0 0 0 0 
0.18 0.1 0.35 0 0 0 0 0 0 0 0 0 0 0 0 0 0 0 0 
0.18 0.1 0.4 0 0 0 0 0 0 0 0 0 0 0 0 0 0 0 0 
0.18 0.1 0.45 0 0 0 0 0 0 0 0 0 0 0 0 0 0 0 0 
0.18 0.1 0.5 0 0 0 0 0.104052 0.00631991 5.08177e-07 1 0 0 0 0 0.0462255 0.00200855 3.86944e-08 1 
0.18 0.1 0.55 0 0 0 0 0.0380614 0.000224634 5.12046e-09 1 0 0 0 0 0.014827 9.42043e-05 1.22697e-08 1 
0.18 0.1 0.6 0.180833 0.141933 8.19881 0.647681 0.0535621 0.000151356 3.6002e-09 1 0.180833 0.141933 8.19881 0.647681 0.0225166 7.61312e-05 4.76134e-09 1 
0.18 0.1 0.65 0.209679 0.133499 8.23968 0.668347 0.0428797 7.72858e-05 2.17328e-09 1 0.209679 0.133499 8.23968 0.668347 0.00924387 1.92375e-05 9.31817e-10 1 
0.18 0.1 0.7 0.242805 0.127966 9.0299 0.71501 0.0368173 6.53609e-05 1.90397e-09 1 0.242805 0.127966 9.0299 0.71501 0.0125759 3.60594e-05 3.29175e-09 1 
0.18 0.1 0.75 0.236866 0.111717 7.9311 0.76305 0.0235784 2.19013e-05 4.54956e-10 1 0.236866 0.111717 7.9311 0.76305 0.00261984 2.03701e-06 4.39423e-11 1 
0.18 0.15 0.2 0 0 0 0 0 0 0 0 0 0 0 0 0 0 0 0 
0.18 0.15 0.25 0 0 0 0 0 0 0 0 0 0 0 0 0 0 0 0 
0.18 0.15 0.3 0 0 0 0 0 0 0 0 0 0 0 0 0 0 0 0 
0.18 0.15 0.35 0 0 0 0 0 0 0 0 0 0 0 0 0 0 0 0 
0.18 0.15 0.4 0.202176 0.189989 12.2053 0.448347 0.207273 0.00197077 9.11567e-08 1 0.202176 0.189989 12.2053 0.448347 0.047136 0.000632161 2.60175e-08 1 
0.18 0.15 0.45 0.23064 0.184553 12.9881 0.471841 0.11986 0.000300397 1.40318e-08 1 0.23064 0.184553 12.9881 0.471841 0.0292114 0.000101168 1.94772e-09 1 
0.18 0.15 0.5 0.209413 0.183937 11.6282 0.518637 0.0897588 0.000141882 5.35333e-09 1 0.209413 0.183937 11.6282 0.518637 0.0221169 4.62169e-05 1.77009e-09 1 
0.18 0.15 0.55 0.262665 0.177807 14.325 0.560932 0.0722408 0.000106223 3.775e-09 1 0.262665 0.177807 14.325 0.560932 0.0141579 2.50694e-05 9.17391e-10 1 
0.18 0.15 0.6 0.257657 0.163322 13.0007 0.61375 0.0483664 6.56636e-05 2.01126e-09 1 0.257657 0.163322 13.0007 0.61375 0.0102865 1.65338e-05 5.44594e-10 1 
0.18 0.15 0.65 0.21744 0.172991 11.3896 0.67249 0.046814 6.43812e-05 2.07033e-09 1 0.21744 0.172991 11.3896 0.67249 0.00294487 5.1979e-06 6.91184e-11 1 
0.18 0.15 0.7 0.215932 0.196422 12.675 0.708416 0.0288915 3.63388e-05 1.4467e-09 1 0.215932 0.196422 12.675 0.708416 0.00388588 5.04085e-06 1.11635e-10 1 
0.18 0.15 0.75 0.215344 0.183301 12.079 0.794604 0.00820239 6.47268e-06 8.46091e-11 1 0.215344 0.183301 12.079 0.794604 0.00230912 1.61322e-06 4.57254e-11 1 
0.18 0.2 0.2 0 0 0 0 0 0 0 0 0 0 0 0 0 0 0 0 
0.18 0.2 0.25 0.237877 0.297866 22.3035 0.2845 0.407763 0.0334987 3.32373e-06 1 0.237877 0.297866 22.3035 0.2845 0.0453367 0.00476278 3.6898e-07 1 
0.18 0.2 0.3 0.225181 0.272742 18.4062 0.322358 0.179416 0.000609498 1.5971e-08 1 0.225181 0.272742 18.4062 0.322358 0.0857958 0.000319388 8.31638e-09 1 
0.18 0.2 0.35 0.243467 0.255925 18.6916 0.37311 0.159401 0.000230981 7.45322e-09 1 0.243467 0.255925 18.6916 0.37311 0.0500219 0.000100671 2.07096e-09 1 
0.18 0.2 0.4 0.258317 0.242222 18.2948 0.427058 0.12557 0.000142479 4.90414e-09 1 0.258317 0.242222 18.2948 0.427058 0.028163 3.8293e-05 5.60805e-10 1 
0.18 0.2 0.45 0.221321 0.260182 17.3305 0.476401 0.109677 0.000106485 5.46523e-09 1 0.221321 0.260182 17.3305 0.476401 0.0273706 3.31078e-05 5.4492e-10 1 
0.18 0.2 0.5 0.271889 0.246779 20.0695 0.523937 0.0871738 8.30108e-05 5.625e-09 1 0.271889 0.246779 20.0695 0.523937 0.0142303 1.67084e-05 1.84517e-10 1 
0.18 0.2 0.55 0.210562 0.283462 18.2523 0.588077 0.0543431 4.927e-05 2.64881e-09 1 0.210562 0.283462 18.2523 0.588077 0.00797453 7.08001e-06 7.10657e-11 1 
0.18 0.2 0.6 0.219578 0.230122 14.9038 0.619118 0.0444698 4.06049e-05 1.94828e-09 1 0.219578 0.230122 14.9038 0.619118 0.00356243 3.84731e-06 3.42866e-11 1 
0.18 0.2 0.65 0.198486 0.219468 13.1377 0.676875 0.0276523 2.8862e-05 1.31562e-09 1 0.198486 0.219468 13.1377 0.676875 0.00350765 4.35478e-06 3.94166e-11 1 
0.18 0.2 0.7 0.255595 0.272085 20.0676 0.743679 0.016099 1.22937e-05 5.27788e-10 1 0.255595 0.272085 20.0676 0.743679 0.000620844 1.27226e-06 2.33643e-11 1 
0.18 0.2 0.75 0.313511 0.273985 27.0362 0.789931 0.00611828 2.62657e-06 6.83306e-11 1 0.313511 0.273985 27.0362 0.789931 0 0 0 0 
0.18 0.3 0.2 0.252126 0.426594 31.955 0.22378 0.117119 0.000456244 3.06925e-09 1 0.252126 0.426594 31.955 0.22378 0.0811711 0.000366771 2.2458e-09 1 
0.18 0.3 0.25 0.265717 0.394768 31.1037 0.274802 0.176333 0.000269217 5.56339e-09 1 0.265717 0.394768 31.1037 0.274802 0.08201 0.000139144 1.93091e-09 1 
0.18 0.3 0.3 0.241593 0.396173 28.0143 0.322339 0.167484 0.00021675 7.24811e-09 1 0.241593 0.396173 28.0143 0.322339 0.0554685 7.54345e-05 8.66128e-10 1 
0.18 0.3 0.35 0.244426 0.365191 26.1877 0.37597 0.138868 0.000149465 6.81462e-09 1 0.244426 0.365191 26.1877 0.37597 0.0300952 3.85244e-05 3.81352e-10 1 
0.18 0.3 0.4 0.263877 0.393988 31.001 0.417639 0.107784 0.000101142 6.76767e-09 1 0.263877 0.393988 31.001 0.417639 0.0136902 2.10471e-05 1.21494e-10 1 
0.18 0.3 0.45 0.256881 0.376251 28.2991 0.474322 0.0786537 7.82169e-05 5.70676e-09 1 0.256881 0.376251 28.2991 0.474322 0.0115034 1.52899e-05 1.26854e-10 1 
0.18 0.3 0.5 0.243524 0.37856 27.5445 0.524559 0.0518294 4.95241e-05 2.57334e-09 1 0.243524 0.37856 27.5445 0.524559 0.000717553 3.23329e-06 1.48064e-11 1 
0.18 0.3 0.55 0.224898 0.352726 24.1468 0.569934 0.0468251 5.33892e-05 3.3118e-09 1 0.224898 0.352726 24.1468 0.569934 0.00643217 1.27838e-05 8.90561e-11 1 
0.18 0.3 0.6 0.23682 0.335593 23.5732 0.6243 0.0342544 5.70909e-05 3.93223e-09 1 0.23682 0.335593 23.5732 0.6243 0 0 0 0 
0.18 0.3 0.65 0.35575 0.308476 33.9351 0.666655 0.0165178 3.11663e-05 1.11088e-09 1 0.35575 0.308476 33.9351 0.666655 0.00473148 2.27194e-05 5.17412e-10 1 
0.18 0.3 0.7 0.370454 0.302718 34.1372 0.723554 0.00281188 9.32069e-06 4.21643e-10 1 0.370454 0.302718 34.1372 0.723554 0.000708463 5.69346e-06 2.58682e-10 1 
0.18 0.3 0.75 0 0 0 0 0 0 0 0 0 0 0 0 0 0 0 0 
0.18 0.5 0.2 0.246762 0.564292 41.9436 0.219493 0.175647 0.000690757 9.89346e-09 1 0.246762 0.564292 41.9436 0.219493 0.139421 0.000591909 7.16908e-09 1 
0.18 0.5 0.25 0.223715 0.575 38.0605 0.270545 0.168156 0.000544372 1.32636e-08 1 0.223715 0.575 38.0605 0.270545 0.0700767 0.000253647 2.22359e-09 1 
0.18 0.5 0.3 0.24527 0.614002 43.7992 0.331634 0.174492 0.000460064 2.26938e-08 1 0.24527 0.614002 43.7992 0.331634 0.0350711 0.000137576 8.95373e-10 1 
0.18 0.5 0.35 0.238376 0.57383 40.4477 0.377926 0.189372 0.000655299 4.75849e-08 1 0.238376 0.57383 40.4477 0.377926 0.0228622 0.000152554 1.9872e-09 1 
0.18 0.5 0.4 0.205238 0.516852 30.3288 0.441922 0.0968153 0.000499741 4.05539e-08 1 0.205238 0.516852 30.3288 0.441922 0.0226789 0.000234794 1.97147e-09 1 
0.18 0.5 0.45 0 0 0 0 0.0497095 0.00146446 1.41377e-07 1 0 0 0 0 0.0314468 0.0020812 1.27222e-07 1 
0.18 0.5 0.5 0 0 0 0 0 0 0 0 0 0 0 0 0 0 0 0 
0.18 0.5 0.55 0 0 0 0 0 0 0 0 0 0 0 0 0 0 0 0 
0.18 0.5 0.6 0 0 0 0 0 0 0 0 0 0 0 0 0 0 0 0 
0.18 0.5 0.65 0 0 0 0 0 0 0 0 0 0 0 0 0 0 0 0 
0.18 0.5 0.7 0 0 0 0 0 0 0 0 0 0 0 0 0 0 0 0 
0.18 0.5 0.75 0 0 0 0 0 0 0 0 0 0 0 0 0 0 0 0 
0.18 0.7 0.2 0 0 0 0 0 0 0 0 0 0 0 0 0 0 0 0 
0.18 0.7 0.25 0 0 0 0 0 0 0 0 0 0 0 0 0 0 0 0 
0.18 0.7 0.3 0 0 0 0 0 0 0 0 0 0 0 0 0 0 0 0 
0.18 0.7 0.35 0 0 0 0 0 0 0 0 0 0 0 0 0 0 0 0 
0.18 0.7 0.4 0 0 0 0 0 0 0 0 0 0 0 0 0 0 0 0 
0.18 0.7 0.45 0 0 0 0 0 0 0 0 0 0 0 0 0 0 0 0 
0.18 0.7 0.5 0 0 0 0 0 0 0 0 0 0 0 0 0 0 0 0 
0.18 0.7 0.55 0 0 0 0 0 0 0 0 0 0 0 0 0 0 0 0 
0.18 0.7 0.6 0 0 0 0 0 0 0 0 0 0 0 0 0 0 0 0 
0.18 0.7 0.65 0 0 0 0 0 0 0 0 0 0 0 0 0 0 0 0 
0.18 0.7 0.7 0 0 0 0 0 0 0 0 0 0 0 0 0 0 0 0 
0.18 0.7 0.75 0 0 0 0 0 0 0 0 0 0 0 0 0 0 0 0 
