0.00788986 1.26195 0.222872 2.60603 0.000112167 6.52931e-09 1 
0.00788986 1.26195 0.222872 2.33016 9.98285e-05 5.91719e-09 1 
0.00802125 1.26228 0.272915 1.848 8.19145e-05 5.05036e-09 1 
0.00802125 1.26228 0.272915 1.58897 7.0047e-05 4.21969e-09 1 
0.00795044 1.24743 0.324283 1.33653 6.27903e-05 4.1067e-09 1 
0.00795044 1.24743 0.324283 1.1262 5.23592e-05 3.25353e-09 1 
0.00823746 1.22 0.372926 0.980587 5.91603e-05 4.21395e-09 1 
0.00823746 1.22 0.372926 0.792608 4.72505e-05 3.1019e-09 1 
0.0085424 1.17723 0.424833 0.748096 6.52946e-05 5.03271e-09 1 
0.0085424 1.17723 0.424833 0.605079 5.17454e-05 3.75226e-09 1 
0.00860856 1.11885 0.473061 0.555491 7.58973e-05 6.30666e-09 1 
0.00860856 1.11885 0.473061 0.434673 5.7866e-05 4.33793e-09 1 
0.0090574 1.10196 0.522925 0.422994 8.23168e-05 7.68349e-09 1 
0.0090574 1.10196 0.522925 0.334427 6.65738e-05 5.46433e-09 1 
0.00951616 1.09474 0.573995 0.352107 0.000130217 1.32536e-08 1 
0.00951616 1.09474 0.573995 0.260276 9.44579e-05 9.07537e-09 1 
0.00947603 1.04668 0.621645 0.239438 0.000177554 2.0851e-08 1 
0.00947603 1.04668 0.621645 0.166537 0.000123124 1.17819e-08 1 
0.00975427 1.03293 0.677727 0.187101 0.000687536 8.03283e-08 1 
0.00975427 1.03293 0.677727 0.194129 0.000760752 9.31421e-08 1 
0 0 0 0 0 0 0 
0 0 0 0 0 0 0 
0 0 0 0 0 0 0 
0 0 0 0 0 0 0 
0.0140747 2.0696 0.222965 2.70275 9.15723e-05 5.1113e-09 1 
0.0140747 2.0696 0.222965 2.36076 8.03679e-05 4.43387e-09 1 
0.0140475 1.82766 0.273281 1.91632 4.38571e-05 2.59224e-09 1 
0.0140475 1.82766 0.273281 1.60675 3.67675e-05 2.10758e-09 1 
0.0144684 1.72156 0.323891 1.38642 2.55849e-05 1.61877e-09 1 
0.0144684 1.72156 0.323891 1.13659 2.09856e-05 1.27162e-09 1 
0.0146689 1.59707 0.374044 1.05783 1.88407e-05 1.28412e-09 1 
0.0146689 1.59707 0.374044 0.824679 1.45595e-05 9.26341e-10 1 
0.0150179 1.50425 0.423727 0.786315 1.4112e-05 1.02281e-09 1 
0.0150179 1.50425 0.423727 0.597998 1.06085e-05 7.13835e-10 1 
0.0151805 1.43385 0.473645 0.590534 1.14212e-05 8.80348e-10 1 
0.0151805 1.43385 0.473645 0.447721 8.54221e-06 6.16288e-10 1 
0.0151074 1.36666 0.523737 0.465202 9.84184e-06 8.32162e-10 1 
0.0151074 1.36666 0.523737 0.338653 6.92569e-06 5.43193e-10 1 
0.0152867 1.34976 0.57508 0.354432 8.00179e-06 7.35702e-10 1 
0.0152867 1.34976 0.57508 0.260519 5.81349e-06 4.9439e-10 1 
0.015691 1.29896 0.624075 0.27801 6.91859e-06 6.88305e-10 1 
0.015691 1.29896 0.624075 0.194397 4.63778e-06 4.31101e-10 1 
0.0156453 1.26465 0.673768 0.21273 5.88435e-06 6.29434e-10 1 
0.0156453 1.26465 0.673768 0.147244 3.89363e-06 3.89088e-10 1 
0.0157508 1.2152 0.726459 0.169083 5.21718e-06 6.27583e-10 1 
0.0157508 1.2152 0.726459 0.116842 3.39122e-06 4.05164e-10 1 
0.0164288 1.18779 0.793486 0.108913 1.98805e-06 2.893e-10 1 
0.0164288 1.18779 0.793486 0.0726939 1.18592e-06 1.7876e-10 1 
0.0241295 3.54428 0.223255 2.7523 0.000261533 1.35424e-08 1 
0.0241295 3.54428 0.223255 2.32298 0.000221637 1.10985e-08 1 
0.0243889 3.14173 0.273674 1.94547 0.000119959 6.48104e-09 1 
0.0243889 3.14173 0.273674 1.62315 0.00010141 5.31243e-09 1 
0.0243272 2.77544 0.323826 1.43492 6.40701e-05 3.82182e-09 1 
0.0243272 2.77544 0.323826 1.13837 5.08649e-05 2.82499e-09 1 
0.0242097 2.45949 0.374032 1.08661 3.94936e-05 2.52417e-09 1 
0.0242097 2.45949 0.374032 0.813363 2.9425e-05 1.72761e-09 1 
0.0243123 2.20344 0.424218 0.805614 2.45111e-05 1.6744e-09 1 
0.0243123 2.20344 0.424218 0.597875 1.83438e-05 1.15835e-09 1 
0.0244983 1.99822 0.474294 0.621938 1.68267e-05 1.22662e-09 1 
0.0244983 1.99822 0.474294 0.4474 1.20408e-05 8.1694e-10 1 
0.0243948 1.82261 0.52375 0.481634 1.17726e-05 9.16751e-10 1 
0.0243948 1.82261 0.52375 0.332816 8.08949e-06 5.71141e-10 1 
0.0244766 1.70838 0.574474 0.374528 8.6873e-06 7.12363e-10 1 
0.0244766 1.70838 0.574474 0.257731 5.77483e-06 4.49866e-10 1 
0.0248527 1.63828 0.623969 0.28447 6.32608e-06 5.37014e-10 1 
0.0248527 1.63828 0.623969 0.192719 4.19698e-06 3.47666e-10 1 
0.0248326 1.58643 0.674363 0.219052 4.7627e-06 4.30434e-10 1 
0.0248326 1.58643 0.674363 0.14135 2.89642e-06 2.60477e-10 1 
0.0248994 1.47987 0.722763 0.177697 3.94697e-06 4.02753e-10 1 
0.0248994 1.47987 0.722763 0.111615 2.35897e-06 2.43477e-10 1 
0.0247194 1.40881 0.797527 0.112687 1.14415e-06 1.34012e-10 1 
0.0247194 1.40881 0.797527 0.0729121 6.85209e-07 8.94531e-11 1 
0.0342521 4.98437 0.222092 2.87257 0.000546483 2.83412e-08 1 
0.0342521 4.98437 0.222092 2.3651 0.000455336 2.23945e-08 1 
0.0346914 4.41048 0.273721 1.96542 0.000236683 1.26532e-08 1 
0.0346914 4.41048 0.273721 1.59744 0.000193774 9.64255e-09 1 
0.034605 3.95252 0.32376 1.48327 0.00013113 7.48647e-09 1 
0.034605 3.95252 0.32376 1.1179 9.85657e-05 5.16221e-09 1 
0.0346833 3.46736 0.3742 1.0651 7.32844e-05 4.4163e-09 1 
0.0346833 3.46736 0.3742 0.771632 5.3523e-05 2.84035e-09 1 
0.0345075 3.12188 0.425167 0.832653 4.98916e-05 3.26721e-09 1 
0.0345075 3.12188 0.425167 0.575037 3.42572e-05 1.96583e-09 1 
0.0344813 2.73529 0.473107 0.62866 3.25513e-05 2.26371e-09 1 
0.0344813 2.73529 0.473107 0.42667 2.1949e-05 1.36955e-09 1 
0.0343522 2.53016 0.524829 0.463536 2.06358e-05 1.48887e-09 1 
0.0343522 2.53016 0.524829 0.308289 1.37964e-05 8.73604e-10 1 
0.0344853 2.36661 0.574671 0.363444 1.46439e-05 1.08031e-09 1 
0.0344853 2.36661 0.574671 0.235857 9.43299e-06 6.42968e-10 1 
0.0346542 2.15207 0.624606 0.299189 1.07332e-05 8.74278e-10 1 
0.0346542 2.15207 0.624606 0.183116 6.4138e-06 4.84824e-10 1 
0.0346266 2.022 0.675016 0.226008 7.17003e-06 6.059e-10 1 
0.0346266 2.022 0.675016 0.138477 4.28682e-06 3.39576e-10 1 
0.0343948 1.82421 0.725183 0.183557 5.36349e-06 4.6329e-10 1 
0.0343948 1.82421 0.725183 0.108001 2.92767e-06 2.67924e-10 1 
0.0346255 1.71245 0.797778 0.123382 1.56074e-06 1.53777e-10 1 
0.0346255 1.71245 0.797778 0.0712356 8.14809e-07 9.07963e-11 1 
0.0480918 7.03858 0.223581 2.85266 0.000556764 2.65808e-08 1 
0.0480918 7.03858 0.223581 2.269 0.000450967 1.98375e-08 1 
0.0492732 6.29637 0.273883 2.04525 0.000252024 1.25428e-08 1 
0.0492732 6.29637 0.273883 1.56137 0.000194446 8.78946e-09 1 
0.0485895 5.56058 0.322379 1.473 0.000127992 6.79719e-09 1 
0.0485895 5.56058 0.322379 1.08612 9.5413e-05 4.55284e-09 1 
0.0487319 4.9251 0.374166 1.10808 7.7458e-05 4.34739e-09 1 
0.0487319 4.9251 0.374166 0.772075 5.44476e-05 2.68387e-09 1 
0.0482998 4.25794 0.423218 0.827984 4.86574e-05 2.95546e-09 1 
0.0482998 4.25794 0.423218 0.558907 3.30098e-05 1.72173e-09 1 
0.0489979 3.90845 0.473305 0.616821 3.12285e-05 1.9392e-09 1 
0.0489979 3.90845 0.473305 0.40711 2.07772e-05 1.13932e-09 1 
0.0485655 3.60246 0.522423 0.477697 2.11313e-05 1.41333e-09 1 
0.0485655 3.60246 0.522423 0.291157 1.28017e-05 7.05032e-10 1 
0.0482659 3.26494 0.573376 0.377003 1.48902e-05 1.02901e-09 1 
0.0482659 3.26494 0.573376 0.225742 8.95487e-06 5.41751e-10 1 
0.048411 2.99333 0.625333 0.287262 1.00225e-05 7.10578e-10 1 
0.048411 2.99333 0.625333 0.170369 5.92801e-06 3.86879e-10 1 
0.0480132 2.77486 0.674668 0.22732 7.18637e-06 5.249e-10 1 
0.0480132 2.77486 0.674668 0.129986 4.0501e-06 2.83118e-10 1 
0.0483483 2.64477 0.723495 0.17578 4.9757e-06 3.75075e-10 1 
0.0483483 2.64477 0.723495 0.100915 2.8252e-06 2.13124e-10 1 
0.0485519 2.39611 0.794799 0.119481 1.47415e-06 1.227e-10 1 
0.0485519 2.39611 0.794799 0.0659907 7.44193e-07 6.94681e-11 1 
0.0770609 11.4612 0.222152 2.94541 0.000754169 3.3647e-08 1 
0.0770609 11.4612 0.222152 2.30139 0.000598641 2.46216e-08 1 
0.0771256 9.86569 0.273764 2.0669 0.000331984 1.56053e-08 1 
0.0771256 9.86569 0.273764 1.5251 0.000250244 1.04151e-08 1 
0.0754149 8.63179 0.32409 1.5205 0.000170154 8.65099e-09 1 
0.0754149 8.63179 0.32409 1.02731 0.000115167 4.99121e-09 1 
0.0754972 7.69318 0.373863 1.12097 0.000100755 5.30774e-09 1 
0.0754972 7.69318 0.373863 0.72731 6.61679e-05 2.9441e-09 1 
0.076671 6.94504 0.42292 0.846152 6.44495e-05 3.63409e-09 1 
0.076671 6.94504 0.42292 0.511 3.94315e-05 1.80051e-09 1 
0.0758927 6.12012 0.472739 0.639457 4.20083e-05 2.49474e-09 1 
0.0758927 6.12012 0.472739 0.37372 2.51401e-05 1.17967e-09 1 
0.0731043 5.39389 0.524662 0.478406 2.74659e-05 1.67643e-09 1 
0.0731043 5.39389 0.524662 0.262442 1.53139e-05 7.32205e-10 1 
0.0747235 5.1108 0.5756 0.363023 1.8426e-05 1.14007e-09 1 
0.0747235 5.1108 0.5756 0.198205 1.01297e-05 5.12741e-10 1 
0.0773016 4.93113 0.626015 0.274773 1.25408e-05 7.50685e-10 1 
0.0773016 4.93113 0.626015 0.151092 6.98606e-06 3.74616e-10 1 
0.0767339 4.57048 0.672703 0.218792 9.11126e-06 5.63209e-10 1 
0.0767339 4.57048 0.672703 0.115539 4.89024e-06 2.74529e-10 1 
0.0735651 4.04736 0.724936 0.166118 6.13965e-06 3.87758e-10 1 
0.0735651 4.04736 0.724936 0.085814 3.15124e-06 1.93598e-10 1 
0.0755713 3.84502 0.795409 0.112057 1.86954e-06 1.25356e-10 1 
0.0755713 3.84502 0.795409 0.0542413 8.7066e-07 5.84064e-11 1 
0.11901 17.5236 0.223227 3.01708 0.00182878 8.26206e-08 1 
0.11901 17.5236 0.223227 2.26507 0.0013986 5.58027e-08 1 
0.117658 15.198 0.274281 2.13036 0.000839686 3.97871e-08 1 
0.117658 15.198 0.274281 1.48595 0.000597806 2.43301e-08 1 
0.117833 13.4287 0.323092 1.5231 0.000429525 2.12443e-08 1 
0.117833 13.4287 0.323092 0.979352 0.000281168 1.14048e-08 1 
0.11828 12.0231 0.373271 1.15207 0.000265218 1.39326e-08 1 
0.11828 12.0231 0.373271 0.678545 0.00015932 6.57037e-09 1 
0.116368 10.7201 0.423332 0.850347 0.000162036 8.83669e-09 1 
0.116368 10.7201 0.423332 0.451535 8.72692e-05 3.60907e-09 1 
0.116025 9.38911 0.471762 0.622418 0.000102636 5.75818e-09 1 
0.116025 9.38911 0.471762 0.325661 5.54668e-05 2.3963e-09 1 
0.115214 8.58277 0.525393 0.464027 6.732e-05 3.81374e-09 1 
0.115214 8.58277 0.525393 0.233701 3.51999e-05 1.52559e-09 1 
0.115349 7.6808 0.572212 0.354393 4.72992e-05 2.67085e-09 1 
0.115349 7.6808 0.572212 0.170641 2.35675e-05 9.81084e-10 1 
0.119903 7.41073 0.626212 0.263462 3.12595e-05 1.74586e-09 1 
0.119903 7.41073 0.626212 0.123003 1.49374e-05 6.64693e-10 1 
0.117273 7.08601 0.672643 0.199393 2.18356e-05 1.13608e-09 1 
0.117273 7.08601 0.672643 0.0929459 1.06433e-05 5.00836e-10 1 
0.113386 6.61005 0.721371 0.151408 1.49747e-05 7.94358e-10 1 
0.113386 6.61005 0.721371 0.0629136 6.24282e-06 2.96894e-10 1 
0.116677 6.02878 0.796974 0.105064 5.05508e-06 2.74708e-10 1 
0.116677 6.02878 0.796974 0.0443416 2.12031e-06 1.10942e-10 1 
0.159718 19.8251 0.22464 2.98078 0.00607733 3.06276e-07 1 
0.159718 19.8251 0.22464 2.12379 0.00441035 1.90534e-07 1 
0.156324 17.9602 0.270642 2.01727 0.00203377 1.0192e-07 1 
0.156324 17.9602 0.270642 1.30184 0.00133291 5.32326e-08 1 
0.159427 16.6641 0.320145 1.56061 0.0010768 5.61262e-08 1 
0.159427 16.6641 0.320145 0.947456 0.000666664 2.88972e-08 1 
0.155034 14.517 0.379878 1.04018 0.000523605 2.56408e-08 1 
0.155034 14.517 0.379878 0.597619 0.000309936 1.2368e-08 1 
0.155556 14.5663 0.426075 0.792178 0.000311949 1.71014e-08 1 
0.155556 14.5663 0.426075 0.39968 0.000164369 6.29677e-09 1 
0.157599 12.9946 0.469281 0.588582 0.000196963 1.08744e-08 1 
0.157599 12.9946 0.469281 0.296857 0.000103681 4.19286e-09 1 
0.155143 11.6913 0.524068 0.458896 0.000142794 7.58267e-09 1 
0.155143 11.6913 0.524068 0.197519 6.32459e-05 2.49693e-09 1 
0.150726 10.77 0.576594 0.350895 9.82862e-05 5.28681e-09 1 
0.150726 10.77 0.576594 0.151781 4.41958e-05 1.74186e-09 1 
0.107415 7.51032 0.439499 0.256517 6.4084e-05 3.36842e-09 1 
0.107415 7.51032 0.439499 0.097603 2.50364e-05 9.72562e-10 1 
0.154135 9.68656 0.676653 0.205632 5.25601e-05 2.4962e-09 1 
0.154135 9.68656 0.676653 0.0788072 2.09524e-05 8.35118e-10 1 
0.0968444 4.78582 0.432252 0.147588 3.51111e-05 1.54554e-09 1 
0.0968444 4.78582 0.432252 0.0535265 1.27361e-05 5.50718e-10 1 
0.159546 8.49467 0.819224 0.0943887 1.0587e-05 4.51675e-10 1 
0.159546 8.49467 0.819224 0.0371117 4.11904e-06 1.87574e-10 1 
0.252126 31.955 0.22378 2.89573 0.00397445 2.37587e-07 1 
0.252126 31.955 0.22378 1.99335 0.00280451 1.43002e-07 1 
0.265717 31.1037 0.274802 1.98348 0.00139087 8.15928e-08 1 
0.265717 31.1037 0.274802 1.30905 0.000949979 4.90289e-08 1 
0.237022 25.3384 0.322344 1.45049 0.000699925 4.3675e-08 1 
0.237022 25.3384 0.322344 0.849009 0.000403396 2.07206e-08 1 
0.243994 22.8138 0.374683 1.08045 0.000402864 2.67027e-08 1 
0.243994 22.8138 0.374683 0.580147 0.000220559 1.11914e-08 1 
0.257571 23.4495 0.424179 0.791671 0.000248202 1.60217e-08 1 
0.257571 23.4495 0.424179 0.375184 0.000118446 5.66629e-09 1 
0.235741 20.5726 0.474887 0.57635 0.000157139 9.82395e-09 1 
0.235741 20.5726 0.474887 0.248304 6.64551e-05 2.96322e-09 1 
0.247291 21.2526 0.523057 0.434034 0.000110788 6.82751e-09 1 
0.247291 21.2526 0.523057 0.183466 4.65758e-05 2.05351e-09 1 
0.226555 18.7777 0.577096 0.318265 8.10938e-05 4.80458e-09 1 
0.226555 18.7777 0.577096 0.127199 3.41006e-05 1.45376e-09 1 
0.237016 15.8271 0.618093 0.271051 7.80157e-05 4.77793e-09 1 
0.237016 15.8271 0.618093 0.086585 2.44761e-05 9.89127e-10 1 
0.205885 12.4553 0.675163 0.19735 7.26062e-05 4.14418e-09 1 
0.205885 12.4553 0.675163 0.0660073 2.50448e-05 1.09079e-09 1 
0.242765 17.6763 0.732273 0.153682 5.53057e-05 3.22493e-09 1 
0.242765 17.6763 0.732273 0.0497416 1.68094e-05 8.87236e-10 1 
0.277128 21.4927 0.791663 0.0862542 1.45909e-05 8.17726e-10 1 
0.277128 21.4927 0.791663 0.0237573 3.62152e-06 1.58101e-10 1 
