0.004 0 0 0.1 0 0 0 0.2 0 0 0 0 0 0 0
0.004 0 0 0.1 0 0 0 0.25 0 0 0 0 0 0 0
0.004 0 0 0.1 0 0 0 0.3 0 0 0 0 0 0 0
0.004 0 0 0.1 0 0 0 0.35 0 0 0 0 0 0 0
0.004 0 0 0.1 0 0 0 0.4 0 0 0 0 0 0 0
0.004 0 0 0.1 0 0 0 0.45 0 0 0 0 0 0 0
0.004 0 0 0.1 0 0 0 0.5 0 0 0 0 0 0 0
0.004 0 0 0.1 0 0 0 0.55 0 0 0 0 0 0 0
0.004 0 0 0.1 0 0 0 0.6 0 0 0 0 0 0 0
0.004 0 0 0.1 0 0 0 0.65 0 0 0 0 0 0 0
0.004 0 0 0.1 0 0 0 0.7 0 0 0 0 0 0 0
0.004 0 0 0.1 0 0 0 0.75 0 0 0 0 0 0 0
0.004 0 0 0.15 0 0 0 0.2 0 0 0 0 0 0 0
0.004 0 0 0.15 0 0 0 0.25 0 0 0 0 0 0 0
0.004 0 0 0.15 0 0 0 0.3 0 0 0 0 0 0 0
0.004 0 0 0.15 0 0 0 0.35 0 0 0 0 0 0 0
0.004 0 0 0.15 0 0 0 0.4 0 0 0 0 0 0 0
0.004 0 0 0.15 0 0 0 0.45 0 0 0 0 0 0 0
0.004 0 0 0.15 0 0 0 0.5 0 0 0 0 0 0 0
0.004 0 0 0.15 0 0 0 0.55 0 0 0 0 0 0 0
0.004 0 0 0.15 0 0 0 0.6 0 0 0 0 0 0 0
0.004 0 0 0.15 0 0 0 0.65 0 0 0 0 0 0 0
0.004 0 0 0.15 0 0 0 0.7 0 0 0 0 0 0 0
0.004 0 0 0.15 0 0 0 0.75 0 0 0 0 0 0 0
0.004 0 0 0.2 0 0 0 0.2 0 0 0 0 0 0 0
0.004 0 0 0.2 0 0 0 0.25 0 0 0 0 0 0 0
0.004 0 0 0.2 0 0 0 0.3 0 0 0 0 0 0 0
0.004 0 0 0.2 0 0 0 0.35 0 0 0 0 0 0 0
0.004 0 0 0.2 0 0 0 0.4 0 0 0 0 0 0 0
0.004 0 0 0.2 0 0 0 0.45 0 0 0 0 0 0 0
0.004 0 0 0.2 0 0 0 0.5 0 0 0 0 0 0 0
0.004 0 0 0.2 0 0 0 0.55 0 0 0 0 0 0 0
0.004 0 0 0.2 0 0 0 0.6 0 0 0 0 0 0 0
0.004 0 0 0.2 0 0 0 0.65 0 0 0 0 0 0 0
0.004 0 0 0.2 0 0 0 0.7 0 0 0 0 0 0 0
0.004 0 0 0.2 0 0 0 0.75 0 0 0 0 0 0 0
0.004 0 0 0.3 0 0 0 0.2 0 0 2.6547 0.00029763 0.00029763 0.000113688 0.000113688
0.004 0 0 0.3 0 0 0 0.25 0 0 1.8729 0.000198464 0.000198464 9.46901e-05 9.46901e-05
0.004 0 0 0.3 0 0 0 0.3 0 0 1.38055 0.000153458 0.000153458 8.77677e-05 8.77677e-05
0.004 0 0 0.3 0 0 0 0.35 0 0 0.979908 0.000109256 0.000109256 7.60963e-05 7.60963e-05
0.004 0 0 0.3 0 0 0 0.4 0 0 0.746041 8.6639e-05 8.6639e-05 7.0681e-05 7.0681e-05
0.004 0 0 0.3 0 0 0 0.45 0 0 0.556737 6.79865e-05 6.79865e-05 6.5718e-05 6.5718e-05
0.004 0 0 0.3 0 0 0 0.5 0 0 0.422754 7.42195e-05 7.42195e-05 7.57035e-05 7.57035e-05
0.004 0 0 0.3 0 0 0 0.55 0 0 0.347274 0.000116885 0.000116885 0.000100884 0.000100884
0.004 0 0 0.3 0 0 0 0.6 0 0 0.234833 0.000159077 0.000159077 0.000123446 0.000123446
0.004 0 0 0.3 0 0 0 0.65 0 0 0.187691 0.000611909 0.000611909 0.000268185 0.000268185
0.004 0 0 0.3 0 0 0 0.7 0 0 0 0 0 0 0
0.004 0 0 0.3 0 0 0 0.75 0 0 0 0 0 0 0
0.004 0 0 0.5 0 0 0 0.2 0 0 2.57828 0.000148509 0.000148509 7.90879e-05 7.90879e-05
0.004 0 0 0.5 0 0 0 0.25 0 0 1.84494 0.000113322 0.000113322 7.15345e-05 7.15345e-05
0.004 0 0 0.5 0 0 0 0.3 0 0 1.33287 8.70007e-05 8.70007e-05 6.55311e-05 6.55311e-05
0.004 0 0 0.5 0 0 0 0.35 0 0 0.975076 9.62472e-05 9.62472e-05 7.13013e-05 7.13013e-05
0.004 0 0 0.5 0 0 0 0.4 0 0 0.751446 0.000166999 0.000166999 0.000100036 0.000100036
0.004 0 0 0.5 0 0 0 0.45 0 0 0 0 0 0 0
0.004 0 0 0.5 0 0 0 0.5 0 0 0 0 0 0 0
0.004 0 0 0.5 0 0 0 0.55 0 0 0 0 0 0 0
0.004 0 0 0.5 0 0 0 0.6 0 0 0 0 0 0 0
0.004 0 0 0.5 0 0 0 0.65 0 0 0 0 0 0 0
0.004 0 0 0.5 0 0 0 0.7 0 0 0 0 0 0 0
0.004 0 0 0.5 0 0 0 0.75 0 0 0 0 0 0 0
0.004 0 0 0.7 0 0 0 0.2 0 0 0 0 0 0 0
0.004 0 0 0.7 0 0 0 0.25 0 0 0 0 0 0 0
0.004 0 0 0.7 0 0 0 0.3 0 0 0 0 0 0 0
0.004 0 0 0.7 0 0 0 0.35 0 0 0 0 0 0 0
0.004 0 0 0.7 0 0 0 0.4 0 0 0 0 0 0 0
0.004 0 0 0.7 0 0 0 0.45 0 0 0 0 0 0 0
0.004 0 0 0.7 0 0 0 0.5 0 0 0 0 0 0 0
0.004 0 0 0.7 0 0 0 0.55 0 0 0 0 0 0 0
0.004 0 0 0.7 0 0 0 0.6 0 0 0 0 0 0 0
0.004 0 0 0.7 0 0 0 0.65 0 0 0 0 0 0 0
0.004 0 0 0.7 0 0 0 0.7 0 0 0 0 0 0 0
0.004 0 0 0.7 0 0 0 0.75 0 0 0 0 0 0 0
0.01 0 0 0.1 0 0 0 0.2 0 0 0 0 0 0 0
0.01 0 0 0.1 0 0 0 0.25 0 0 0 0 0 0 0
0.01 0 0 0.1 0 0 0 0.3 0 0 0 0 0 0 0
0.01 0 0 0.1 0 0 0 0.35 0 0 0 0 0 0 0
0.01 0 0 0.1 0 0 0 0.4 0 0 0 0 0 0 0
0.01 0 0 0.1 0 0 0 0.45 0 0 0 0 0 0 0
0.01 0 0 0.1 0 0 0 0.5 0 0 0 0 0 0 0
0.01 0 0 0.1 0 0 0 0.55 0 0 0 0 0 0 0
0.01 0 0 0.1 0 0 0 0.6 0 0 0 0 0 0 0
0.01 0 0 0.1 0 0 0 0.65 0 0 0 0 0 0 0
0.01 0 0 0.1 0 0 0 0.7 0 0 0 0 0 0 0
0.01 0 0 0.1 0 0 0 0.75 0 0 0 0 0 0 0
0.01 0 0 0.15 0 0 0 0.2 0 0 0 0 0 0 0
0.01 0 0 0.15 0 0 0 0.25 0 0 0 0 0 0 0
0.01 0 0 0.15 0 0 0 0.3 0 0 0 0 0 0 0
0.01 0 0 0.15 0 0 0 0.35 0 0 0 0 0 0 0
0.01 0 0 0.15 0 0 0 0.4 0 0 0.808914 0.000636098 0.000636098 0.000223775 0.000223775
0.01 0 0 0.15 0 0 0 0.45 0 0 0.649516 0.000277265 0.000277265 0.000145469 0.000145469
0.01 0 0 0.15 0 0 0 0.5 0 0 0.499653 0.000217434 0.000217434 0.000128529 0.000128529
0.01 0 0 0.15 0 0 0 0.55 0 0 0.375453 0.000154428 0.000154428 0.000117834 0.000117834
0.01 0 0 0.15 0 0 0 0.6 0 0 0.278203 0.000104564 0.000104564 9.87008e-05 9.87008e-05
0.01 0 0 0.15 0 0 0 0.65 0 0 0.240594 9.63045e-05 9.63045e-05 9.89452e-05 9.89452e-05
0.01 0 0 0.15 0 0 0 0.7 0 0 0.159051 5.63682e-05 5.63682e-05 7.34303e-05 7.34303e-05
0.01 0 0 0.15 0 0 0 0.75 0 0 0.14097 2.72738e-05 2.72738e-05 5.43646e-05 5.43646e-05
0.01 0 0 0.2 0 0 0 0.2 0 0 0 0 0 0 0
0.01 0 0 0.2 0 0 0 0.25 0 0 0 0 0 0 0
0.01 0 0 0.2 0 0 0 0.3 0 0 1.43274 0.000125881 0.000125881 8.27029e-05 8.27029e-05
0.01 0 0 0.2 0 0 0 0.35 0 0 1.07682 5.8558e-05 5.8558e-05 5.60669e-05 5.60669e-05
0.01 0 0 0.2 0 0 0 0.4 0 0 0.817517 3.90465e-05 3.90465e-05 4.76168e-05 4.76168e-05
0.01 0 0 0.2 0 0 0 0.45 0 0 0.603433 2.88751e-05 2.88751e-05 4.20166e-05 4.20166e-05
0.01 0 0 0.2 0 0 0 0.5 0 0 0.470444 2.27588e-05 2.27588e-05 3.89317e-05 3.89317e-05
0.01 0 0 0.2 0 0 0 0.55 0 0 0.370095 1.78419e-05 1.78419e-05 3.63728e-05 3.63728e-05
0.01 0 0 0.2 0 0 0 0.6 0 0 0.283729 1.34644e-05 1.34644e-05 3.27503e-05 3.27503e-05
0.01 0 0 0.2 0 0 0 0.65 0 0 0.2073 9.30181e-06 9.30181e-06 2.75168e-05 2.75168e-05
0.01 0 0 0.2 0 0 0 0.7 0 0 0.170696 7.65511e-06 7.65511e-06 2.67497e-05 2.67497e-05
0.01 0 0 0.2 0 0 0 0.75 0 0 0.117612 2.61184e-06 2.61184e-06 1.56022e-05 1.56022e-05
0.01 0 0 0.3 0 0 0 0.2 0 0 2.69811 0.000147843 0.000147843 8.09657e-05 8.09657e-05
0.01 0 0 0.3 0 0 0 0.25 0 0 1.9133 5.51197e-05 5.51197e-05 4.9497e-05 4.9497e-05
0.01 0 0 0.3 0 0 0 0.3 0 0 1.37539 3.94478e-05 3.94478e-05 4.27112e-05 4.27112e-05
0.01 0 0 0.3 0 0 0 0.35 0 0 1.04281 3.12559e-05 3.12559e-05 3.9703e-05 3.9703e-05
0.01 0 0 0.3 0 0 0 0.4 0 0 0.762486 2.29073e-05 2.29073e-05 3.50113e-05 3.50113e-05
0.01 0 0 0.3 0 0 0 0.45 0 0 0.574852 1.78498e-05 1.78498e-05 3.18629e-05 3.18629e-05
0.01 0 0 0.3 0 0 0 0.5 0 0 0.445232 1.56833e-05 1.56833e-05 3.14849e-05 3.14849e-05
0.01 0 0 0.3 0 0 0 0.55 0 0 0.337489 1.39437e-05 1.39437e-05 3.08962e-05 3.08962e-05
0.01 0 0 0.3 0 0 0 0.6 0 0 0.260881 1.33669e-05 1.33669e-05 3.22559e-05 3.22559e-05
0.01 0 0 0.3 0 0 0 0.65 0 0 0.204851 1.45457e-05 1.45457e-05 3.55487e-05 3.55487e-05
0.01 0 0 0.3 0 0 0 0.7 0 0 0.154433 1.63658e-05 1.63658e-05 4.0114e-05 4.0114e-05
0.01 0 0 0.3 0 0 0 0.75 0 0 0.0945095 5.67702e-05 5.67702e-05 0.000101785 0.000101785
0.01 0 0 0.5 0 0 0 0.2 0 0 2.66853 0.000188063 0.000188063 9.50739e-05 9.50739e-05
0.01 0 0 0.5 0 0 0 0.25 0 0 1.8749 0.000142955 0.000142955 8.39151e-05 8.39151e-05
0.01 0 0 0.5 0 0 0 0.3 0 0 1.34388 0.000105672 0.000105672 7.51133e-05 7.51133e-05
0.01 0 0 0.5 0 0 0 0.35 0 0 1.01403 0.000110642 0.000110642 7.81971e-05 7.81971e-05
0.01 0 0 0.5 0 0 0 0.4 0 0 0.744842 0.000152354 0.000152354 9.53346e-05 9.53346e-05
0.01 0 0 0.5 0 0 0 0.45 0 0 0 0 0 0 0
0.01 0 0 0.5 0 0 0 0.5 0 0 0 0 0 0 0
0.01 0 0 0.5 0 0 0 0.55 0 0 0 0 0 0 0
0.01 0 0 0.5 0 0 0 0.6 0 0 0 0 0 0 0
0.01 0 0 0.5 0 0 0 0.65 0 0 0 0 0 0 0
0.01 0 0 0.5 0 0 0 0.7 0 0 0 0 0 0 0
0.01 0 0 0.5 0 0 0 0.75 0 0 0 0 0 0 0
0.01 0 0 0.7 0 0 0 0.2 0 0 0 0 0 0 0
0.01 0 0 0.7 0 0 0 0.25 0 0 0 0 0 0 0
0.01 0 0 0.7 0 0 0 0.3 0 0 0 0 0 0 0
0.01 0 0 0.7 0 0 0 0.35 0 0 0 0 0 0 0
0.01 0 0 0.7 0 0 0 0.4 0 0 0 0 0 0 0
0.01 0 0 0.7 0 0 0 0.45 0 0 0 0 0 0 0
0.01 0 0 0.7 0 0 0 0.5 0 0 0 0 0 0 0
0.01 0 0 0.7 0 0 0 0.55 0 0 0 0 0 0 0
0.01 0 0 0.7 0 0 0 0.6 0 0 0 0 0 0 0
0.01 0 0 0.7 0 0 0 0.65 0 0 0 0 0 0 0
0.01 0 0 0.7 0 0 0 0.7 0 0 0 0 0 0 0
0.01 0 0 0.7 0 0 0 0.75 0 0 0 0 0 0 0
0.02 0 0 0.1 0 0 0 0.2 0 0 0 0 0 0 0
0.02 0 0 0.1 0 0 0 0.25 0 0 0 0 0 0 0
0.02 0 0 0.1 0 0 0 0.3 0 0 0 0 0 0 0
0.02 0 0 0.1 0 0 0 0.35 0 0 0 0 0 0 0
0.02 0 0 0.1 0 0 0 0.4 0 0 0 0 0 0 0
0.02 0 0 0.1 0 0 0 0.45 0 0 0 0 0 0 0
0.02 0 0 0.1 0 0 0 0.5 0 0 0 0 0 0 0
0.02 0 0 0.1 0 0 0 0.55 0 0 0.393821 0.000119167 0.000119167 9.90557e-05 9.90557e-05
0.02 0 0 0.1 0 0 0 0.6 0 0 0.289749 4.94929e-05 4.94929e-05 6.09269e-05 6.09269e-05
0.02 0 0 0.1 0 0 0 0.65 0 0 0.233478 3.2945e-05 3.2945e-05 5.04274e-05 5.04274e-05
0.02 0 0 0.1 0 0 0 0.7 0 0 0.191134 2.60066e-05 2.60066e-05 4.64955e-05 4.64955e-05
0.02 0 0 0.1 0 0 0 0.75 0 0 0.162183 1.25347e-05 1.25347e-05 3.10046e-05 3.10046e-05
0.02 0 0 0.15 0 0 0 0.2 0 0 0 0 0 0 0
0.02 0 0 0.15 0 0 0 0.25 0 0 0 0 0 0 0
0.02 0 0 0.15 0 0 0 0.3 0 0 0 0 0 0 0
0.02 0 0 0.15 0 0 0 0.35 0 0 0 0 0 0 0
0.02 0 0 0.15 0 0 0 0.4 0 0 0.895481 0.000324637 0.000324637 0.000168482 0.000168482
0.02 0 0 0.15 0 0 0 0.45 0 0 0.641653 6.69254e-05 6.69254e-05 7.00502e-05 7.00502e-05
0.02 0 0 0.15 0 0 0 0.5 0 0 0.498749 3.35045e-05 3.35045e-05 4.93068e-05 4.93068e-05
0.02 0 0 0.15 0 0 0 0.55 0 0 0.384969 2.42054e-05 2.42054e-05 4.23256e-05 4.23256e-05
0.02 0 0 0.15 0 0 0 0.6 0 0 0.29027 1.80378e-05 1.80378e-05 3.7374e-05 3.7374e-05
0.02 0 0 0.15 0 0 0 0.65 0 0 0.226907 1.34064e-05 1.34064e-05 3.31214e-05 3.31214e-05
0.02 0 0 0.15 0 0 0 0.7 0 0 0.178937 1.01267e-05 1.01267e-05 3.01574e-05 3.01574e-05
0.02 0 0 0.15 0 0 0 0.75 0 0 0.143159 4.30068e-06 4.30068e-06 1.93486e-05 1.93486e-05
0.02 0 0 0.2 0 0 0 0.2 0 0 0 0 0 0 0
0.02 0 0 0.2 0 0 0 0.25 0 0 0 0 0 0 0
0.02 0 0 0.2 0 0 0 0.3 0 0 1.42932 0.000207372 0.000207372 0.000108657 0.000108657
0.02 0 0 0.2 0 0 0 0.35 0 0 1.10832 8.11413e-05 8.11413e-05 6.86701e-05 6.86701e-05
0.02 0 0 0.2 0 0 0 0.4 0 0 0.817894 4.61733e-05 4.61733e-05 5.24959e-05 5.24959e-05
0.02 0 0 0.2 0 0 0 0.45 0 0 0.62122 3.53391e-05 3.53391e-05 4.7789e-05 4.7789e-05
0.02 0 0 0.2 0 0 0 0.5 0 0 0.475097 2.70967e-05 2.70967e-05 4.33604e-05 4.33604e-05
0.02 0 0 0.2 0 0 0 0.55 0 0 0.36153 2.07054e-05 2.07054e-05 3.8987e-05 3.8987e-05
0.02 0 0 0.2 0 0 0 0.6 0 0 0.278414 1.58468e-05 1.58468e-05 3.51477e-05 3.51477e-05
0.02 0 0 0.2 0 0 0 0.65 0 0 0.207925 1.13914e-05 1.13914e-05 2.99631e-05 2.99631e-05
0.02 0 0 0.2 0 0 0 0.7 0 0 0.166041 8.90514e-06 8.90514e-06 2.90404e-05 2.90404e-05
0.02 0 0 0.2 0 0 0 0.75 0 0 0.121133 3.25066e-06 3.25066e-06 1.75765e-05 1.75765e-05
0.02 0 0 0.3 0 0 0 0.2 0 0 2.77274 0.000407004 0.000407004 0.000151517 0.000151517
0.02 0 0 0.3 0 0 0 0.25 0 0 1.96157 0.00014929 0.00014929 8.79384e-05 8.79384e-05
0.02 0 0 0.3 0 0 0 0.3 0 0 1.42215 0.000107143 0.000107143 7.56239e-05 7.56239e-05
0.02 0 0 0.3 0 0 0 0.35 0 0 1.04657 8.07132e-05 8.07132e-05 6.74516e-05 6.74516e-05
0.02 0 0 0.3 0 0 0 0.4 0 0 0.772044 6.02226e-05 6.02226e-05 5.89887e-05 5.89887e-05
0.02 0 0 0.3 0 0 0 0.45 0 0 0.575702 4.60589e-05 4.60589e-05 5.28283e-05 5.28283e-05
0.02 0 0 0.3 0 0 0 0.5 0 0 0.441921 3.99388e-05 3.99388e-05 4.94824e-05 4.94824e-05
0.02 0 0 0.3 0 0 0 0.55 0 0 0.341482 3.70409e-05 3.70409e-05 4.95874e-05 4.95874e-05
0.02 0 0 0.3 0 0 0 0.6 0 0 0.268537 3.65732e-05 3.65732e-05 5.09449e-05 5.09449e-05
0.02 0 0 0.3 0 0 0 0.65 0 0 0.196231 3.41103e-05 3.41103e-05 5.07242e-05 5.07242e-05
0.02 0 0 0.3 0 0 0 0.7 0 0 0.166404 4.58192e-05 4.58192e-05 6.70982e-05 6.70982e-05
0.02 0 0 0.3 0 0 0 0.75 0 0 0.109922 0.000188156 0.000188156 0.000152139 0.000152139
0.02 0 0 0.5 0 0 0 0.2 0 0 2.65625 0.000551705 0.000551705 0.000168396 0.000168396
0.02 0 0 0.5 0 0 0 0.25 0 0 1.90383 0.000428387 0.000428387 0.000151686 0.000151686
0.02 0 0 0.5 0 0 0 0.3 0 0 1.38264 0.000325162 0.000325162 0.000135252 0.000135252
0.02 0 0 0.5 0 0 0 0.35 0 0 0.990549 0.00031032 0.00031032 0.000136741 0.000136741
0.02 0 0 0.5 0 0 0 0.4 0 0 0.709951 0.000396009 0.000396009 0.000158652 0.000158652
0.02 0 0 0.5 0 0 0 0.45 0 0 0 0 0 0 0
0.02 0 0 0.5 0 0 0 0.5 0 0 0 0 0 0 0
0.02 0 0 0.5 0 0 0 0.55 0 0 0 0 0 0 0
0.02 0 0 0.5 0 0 0 0.6 0 0 0 0 0 0 0
0.02 0 0 0.5 0 0 0 0.65 0 0 0 0 0 0 0
0.02 0 0 0.5 0 0 0 0.7 0 0 0 0 0 0 0
0.02 0 0 0.5 0 0 0 0.75 0 0 0 0 0 0 0
0.02 0 0 0.7 0 0 0 0.2 0 0 0 0 0 0 0
0.02 0 0 0.7 0 0 0 0.25 0 0 0 0 0 0 0
0.02 0 0 0.7 0 0 0 0.3 0 0 0 0 0 0 0
0.02 0 0 0.7 0 0 0 0.35 0 0 0 0 0 0 0
0.02 0 0 0.7 0 0 0 0.4 0 0 0 0 0 0 0
0.02 0 0 0.7 0 0 0 0.45 0 0 0 0 0 0 0
0.02 0 0 0.7 0 0 0 0.5 0 0 0 0 0 0 0
0.02 0 0 0.7 0 0 0 0.55 0 0 0 0 0 0 0
0.02 0 0 0.7 0 0 0 0.6 0 0 0 0 0 0 0
0.02 0 0 0.7 0 0 0 0.65 0 0 0 0 0 0 0
0.02 0 0 0.7 0 0 0 0.7 0 0 0 0 0 0 0
0.02 0 0 0.7 0 0 0 0.75 0 0 0 0 0 0 0
0.03 0 0 0.1 0 0 0 0.2 0 0 0 0 0 0 0
0.03 0 0 0.1 0 0 0 0.25 0 0 0 0 0 0 0
0.03 0 0 0.1 0 0 0 0.3 0 0 0 0 0 0 0
0.03 0 0 0.1 0 0 0 0.35 0 0 0 0 0 0 0
0.03 0 0 0.1 0 0 0 0.4 0 0 0 0 0 0 0
0.03 0 0 0.1 0 0 0 0.45 0 0 0 0 0 0 0
0.03 0 0 0.1 0 0 0 0.5 0 0 0 0 0 0 0
0.03 0 0 0.1 0 0 0 0.55 0 0 0.396978 0.000128141 0.000128141 0.000102603 0.000102603
0.03 0 0 0.1 0 0 0 0.6 0 0 0.299698 4.20065e-05 4.20065e-05 5.78075e-05 5.78075e-05
0.03 0 0 0.1 0 0 0 0.65 0 0 0.240145 2.23009e-05 2.23009e-05 4.1054e-05 4.1054e-05
0.03 0 0 0.1 0 0 0 0.7 0 0 0.192819 1.31661e-05 1.31661e-05 3.21039e-05 3.21039e-05
0.03 0 0 0.1 0 0 0 0.75 0 0 0.189135 7.09382e-06 7.09382e-06 2.23712e-05 2.23712e-05
0.03 0 0 0.15 0 0 0 0.2 0 0 0 0 0 0 0
0.03 0 0 0.15 0 0 0 0.25 0 0 0 0 0 0 0
0.03 0 0 0.15 0 0 0 0.3 0 0 0 0 0 0 0
0.03 0 0 0.15 0 0 0 0.35 0 0 0 0 0 0 0
0.03 0 0 0.15 0 0 0 0.4 0 0 0.866132 0.0005659 0.0005659 0.000222638 0.000222638
0.03 0 0 0.15 0 0 0 0.45 0 0 0.648052 0.000123663 0.000123663 9.45785e-05 9.45785e-05
0.03 0 0 0.15 0 0 0 0.5 0 0 0.469779 5.32789e-05 5.32789e-05 6.21849e-05 6.21849e-05
0.03 0 0 0.15 0 0 0 0.55 0 0 0.403277 4.515e-05 4.515e-05 5.88667e-05 5.88667e-05
0.03 0 0 0.15 0 0 0 0.6 0 0 0.310422 3.31451e-05 3.31451e-05 5.16797e-05 5.16797e-05
0.03 0 0 0.15 0 0 0 0.65 0 0 0.233093 2.41757e-05 2.41757e-05 4.40165e-05 4.40165e-05
0.03 0 0 0.15 0 0 0 0.7 0 0 0.181177 1.81946e-05 1.81946e-05 3.96866e-05 3.96866e-05
0.03 0 0 0.15 0 0 0 0.75 0 0 0.154815 8.59107e-06 8.59107e-06 2.66413e-05 2.66413e-05
0.03 0 0 0.2 0 0 0 0.2 0 0 0 0 0 0 0
0.03 0 0 0.2 0 0 0 0.25 0 0 0 0 0 0 0
0.03 0 0 0.2 0 0 0 0.3 0 0 1.48746 0.000422008 0.000422008 0.000166411 0.000166411
0.03 0 0 0.2 0 0 0 0.35 0 0 1.07037 0.000147714 0.000147714 9.47953e-05 9.47953e-05
0.03 0 0 0.2 0 0 0 0.4 0 0 0.843875 9.34261e-05 9.34261e-05 7.73957e-05 7.73957e-05
0.03 0 0 0.2 0 0 0 0.45 0 0 0.621448 6.76988e-05 6.76988e-05 6.74766e-05 6.74766e-05
0.03 0 0 0.2 0 0 0 0.5 0 0 0.457194 4.82702e-05 4.82702e-05 5.85049e-05 5.85049e-05
0.03 0 0 0.2 0 0 0 0.55 0 0 0.345154 3.74498e-05 3.74498e-05 5.2338e-05 5.2338e-05
0.03 0 0 0.2 0 0 0 0.6 0 0 0.290494 3.21383e-05 3.21383e-05 5.10904e-05 5.10904e-05
0.03 0 0 0.2 0 0 0 0.65 0 0 0.20949 2.18288e-05 2.18288e-05 4.36692e-05 4.36692e-05
0.03 0 0 0.2 0 0 0 0.7 0 0 0.170956 1.83436e-05 1.83436e-05 4.1218e-05 4.1218e-05
0.03 0 0 0.2 0 0 0 0.75 0 0 0.126342 7.12678e-06 7.12678e-06 2.57929e-05 2.57929e-05
0.03 0 0 0.3 0 0 0 0.2 0 0 2.8027 0.000798111 0.000798111 0.000221918 0.000221918
0.03 0 0 0.3 0 0 0 0.25 0 0 1.93492 0.000281249 0.000281249 0.000129194 0.000129194
0.03 0 0 0.3 0 0 0 0.3 0 0 1.45227 0.000213811 0.000213811 0.000113777 0.000113777
0.03 0 0 0.3 0 0 0 0.35 0 0 1.03355 0.000150893 0.000150893 9.73175e-05 9.73175e-05
0.03 0 0 0.3 0 0 0 0.4 0 0 0.789956 0.000120903 0.000120903 8.90214e-05 8.90214e-05
0.03 0 0 0.3 0 0 0 0.45 0 0 0.5897 9.29585e-05 9.29585e-05 7.96821e-05 7.96821e-05
0.03 0 0 0.3 0 0 0 0.5 0 0 0.454485 8.33983e-05 8.33983e-05 7.54681e-05 7.54681e-05
0.03 0 0 0.3 0 0 0 0.55 0 0 0.326707 7.00122e-05 7.00122e-05 6.87554e-05 6.87554e-05
0.03 0 0 0.3 0 0 0 0.6 0 0 0.259325 6.61514e-05 6.61514e-05 7.21594e-05 7.21594e-05
0.03 0 0 0.3 0 0 0 0.65 0 0 0.215449 8.01218e-05 8.01218e-05 7.83805e-05 7.83805e-05
0.03 0 0 0.3 0 0 0 0.7 0 0 0.165727 8.60042e-05 8.60042e-05 9.13145e-05 9.13145e-05
0.03 0 0 0.3 0 0 0 0.75 0 0 0.0819733 0.000232497 0.000232497 0.000159283 0.000159283
0.03 0 0 0.5 0 0 0 0.2 0 0 2.90331 0.00128542 0.00128542 0.00026458 0.00026458
0.03 0 0 0.5 0 0 0 0.25 0 0 1.96862 0.000913993 0.000913993 0.000219611 0.000219611
0.03 0 0 0.5 0 0 0 0.3 0 0 1.40814 0.000683354 0.000683354 0.000194156 0.000194156
0.03 0 0 0.5 0 0 0 0.35 0 0 1.08668 0.000718537 0.000718537 0.000213888 0.000213888
0.03 0 0 0.5 0 0 0 0.4 0 0 0.760665 0.000960634 0.000960634 0.000242312 0.000242312
0.03 0 0 0.5 0 0 0 0.45 0 0 0 0 0 0 0
0.03 0 0 0.5 0 0 0 0.5 0 0 0 0 0 0 0
0.03 0 0 0.5 0 0 0 0.55 0 0 0 0 0 0 0
0.03 0 0 0.5 0 0 0 0.6 0 0 0 0 0 0 0
0.03 0 0 0.5 0 0 0 0.65 0 0 0 0 0 0 0
0.03 0 0 0.5 0 0 0 0.7 0 0 0 0 0 0 0
0.03 0 0 0.5 0 0 0 0.75 0 0 0 0 0 0 0
0.03 0 0 0.7 0 0 0 0.2 0 0 0 0 0 0 0
0.03 0 0 0.7 0 0 0 0.25 0 0 0 0 0 0 0
0.03 0 0 0.7 0 0 0 0.3 0 0 0 0 0 0 0
0.03 0 0 0.7 0 0 0 0.35 0 0 0 0 0 0 0
0.03 0 0 0.7 0 0 0 0.4 0 0 0 0 0 0 0
0.03 0 0 0.7 0 0 0 0.45 0 0 0 0 0 0 0
0.03 0 0 0.7 0 0 0 0.5 0 0 0 0 0 0 0
0.03 0 0 0.7 0 0 0 0.55 0 0 0 0 0 0 0
0.03 0 0 0.7 0 0 0 0.6 0 0 0 0 0 0 0
0.03 0 0 0.7 0 0 0 0.65 0 0 0 0 0 0 0
0.03 0 0 0.7 0 0 0 0.7 0 0 0 0 0 0 0
0.03 0 0 0.7 0 0 0 0.75 0 0 0 0 0 0 0
0.04 0 0 0.1 0 0 0 0.2 0 0 0 0 0 0 0
0.04 0 0 0.1 0 0 0 0.25 0 0 0 0 0 0 0
0.04 0 0 0.1 0 0 0 0.3 0 0 0 0 0 0 0
0.04 0 0 0.1 0 0 0 0.35 0 0 0 0 0 0 0
0.04 0 0 0.1 0 0 0 0.4 0 0 0 0 0 0 0
0.04 0 0 0.1 0 0 0 0.45 0 0 0 0 0 0 0
0.04 0 0 0.1 0 0 0 0.5 0 0 0 0 0 0 0
0.04 0 0 0.1 0 0 0 0.55 0 0 0.40353 0.000121159 0.000121159 9.99448e-05 9.99448e-05
0.04 0 0 0.1 0 0 0 0.6 0 0 0.288287 3.87977e-05 3.87977e-05 5.21707e-05 5.21707e-05
0.04 0 0 0.1 0 0 0 0.65 0 0 0.231755 2.03791e-05 2.03791e-05 3.76121e-05 3.76121e-05
0.04 0 0 0.1 0 0 0 0.7 0 0 0.189214 1.22505e-05 1.22505e-05 2.89403e-05 2.89403e-05
0.04 0 0 0.1 0 0 0 0.75 0 0 0.18599 6.32281e-06 6.32281e-06 1.97307e-05 1.97307e-05
0.04 0 0 0.15 0 0 0 0.2 0 0 0 0 0 0 0
0.04 0 0 0.15 0 0 0 0.25 0 0 0 0 0 0 0
0.04 0 0 0.15 0 0 0 0.3 0 0 0 0 0 0 0
0.04 0 0 0.15 0 0 0 0.35 0 0 0 0 0 0 0
0.04 0 0 0.15 0 0 0 0.4 0 0 0.878905 0.000584214 0.000584214 0.000221388 0.000221388
0.04 0 0 0.15 0 0 0 0.45 0 0 0.638246 0.000118732 0.000118732 9.24241e-05 9.24241e-05
0.04 0 0 0.15 0 0 0 0.5 0 0 0.494515 5.5634e-05 5.5634e-05 6.34128e-05 6.34128e-05
0.04 0 0 0.15 0 0 0 0.55 0 0 0.393135 4.06393e-05 4.06393e-05 5.47596e-05 5.47596e-05
0.04 0 0 0.15 0 0 0 0.6 0 0 0.288821 2.88249e-05 2.88249e-05 4.66174e-05 4.66174e-05
0.04 0 0 0.15 0 0 0 0.65 0 0 0.233259 2.37413e-05 2.37413e-05 4.30463e-05 4.30463e-05
0.04 0 0 0.15 0 0 0 0.7 0 0 0.178565 1.77539e-05 1.77539e-05 3.78819e-05 3.78819e-05
0.04 0 0 0.15 0 0 0 0.75 0 0 0.14575 7.99496e-06 7.99496e-06 2.40505e-05 2.40505e-05
0.04 0 0 0.2 0 0 0 0.2 0 0 0 0 0 0 0
0.04 0 0 0.2 0 0 0 0.25 0 0 0 0 0 0 0
0.04 0 0 0.2 0 0 0 0.3 0 0 1.49326 0.000425805 0.000425805 0.000171312 0.000171312
0.04 0 0 0.2 0 0 0 0.35 0 0 1.11219 0.000155484 0.000155484 0.000100796 0.000100796
0.04 0 0 0.2 0 0 0 0.4 0 0 0.807506 8.54881e-05 8.54881e-05 7.59114e-05 7.59114e-05
0.04 0 0 0.2 0 0 0 0.45 0 0 0.614681 6.59538e-05 6.59538e-05 6.70781e-05 6.70781e-05
0.04 0 0 0.2 0 0 0 0.5 0 0 0.470048 4.97107e-05 4.97107e-05 6.18646e-05 6.18646e-05
0.04 0 0 0.2 0 0 0 0.55 0 0 0.363992 3.97007e-05 3.97007e-05 5.60432e-05 5.60432e-05
0.04 0 0 0.2 0 0 0 0.6 0 0 0.29376 3.30211e-05 3.30211e-05 5.18686e-05 5.18686e-05
0.04 0 0 0.2 0 0 0 0.65 0 0 0.216103 2.32821e-05 2.32821e-05 4.49607e-05 4.49607e-05
0.04 0 0 0.2 0 0 0 0.7 0 0 0.171935 1.8757e-05 1.8757e-05 4.15205e-05 4.15205e-05
0.04 0 0 0.2 0 0 0 0.75 0 0 0.123161 7.20044e-06 7.20044e-06 2.50363e-05 2.50363e-05
0.04 0 0 0.3 0 0 0 0.2 0 0 2.85178 0.000857998 0.000857998 0.000224583 0.000224583
0.04 0 0 0.3 0 0 0 0.25 0 0 2.05883 0.000309624 0.000309624 0.000135278 0.000135278
0.04 0 0 0.3 0 0 0 0.3 0 0 1.42388 0.000205493 0.000205493 0.000110459 0.000110459
0.04 0 0 0.3 0 0 0 0.35 0 0 1.07458 0.000159314 0.000159314 0.000100031 0.000100031
0.04 0 0 0.3 0 0 0 0.4 0 0 0.82367 0.000127887 0.000127887 9.07993e-05 9.07993e-05
0.04 0 0 0.3 0 0 0 0.45 0 0 0.595949 9.49064e-05 9.49064e-05 7.8927e-05 7.8927e-05
0.04 0 0 0.3 0 0 0 0.5 0 0 0.442851 7.86496e-05 7.86496e-05 7.35689e-05 7.35689e-05
0.04 0 0 0.3 0 0 0 0.55 0 0 0.33366 7.07865e-05 7.07865e-05 7.03449e-05 7.03449e-05
0.04 0 0 0.3 0 0 0 0.6 0 0 0.287319 7.77121e-05 7.77121e-05 7.66282e-05 7.66282e-05
0.04 0 0 0.3 0 0 0 0.65 0 0 0.208329 7.42661e-05 7.42661e-05 7.49817e-05 7.49817e-05
0.04 0 0 0.3 0 0 0 0.7 0 0 0.137284 6.66676e-05 6.66676e-05 7.54215e-05 7.54215e-05
0.04 0 0 0.3 0 0 0 0.75 0 0 0.113193 0.000333233 0.000333233 0.000199155 0.000199155
0.04 0 0 0.5 0 0 0 0.2 0 0 2.83193 0.00125969 0.00125969 0.000241689 0.000241689
0.04 0 0 0.5 0 0 0 0.25 0 0 1.93268 0.00090735 0.00090735 0.000206397 0.000206397
0.04 0 0 0.5 0 0 0 0.3 0 0 1.47865 0.000746548 0.000746548 0.000192268 0.000192268
0.04 0 0 0.5 0 0 0 0.35 0 0 1.05638 0.000715214 0.000715214 0.000199674 0.000199674
0.04 0 0 0.5 0 0 0 0.4 0 0 0.688871 0.000835028 0.000835028 0.000227978 0.000227978
0.04 0 0 0.5 0 0 0 0.45 0 0 0 0 0 0 0
0.04 0 0 0.5 0 0 0 0.5 0 0 0 0 0 0 0
0.04 0 0 0.5 0 0 0 0.55 0 0 0 0 0 0 0
0.04 0 0 0.5 0 0 0 0.6 0 0 0 0 0 0 0
0.04 0 0 0.5 0 0 0 0.65 0 0 0 0 0 0 0
0.04 0 0 0.5 0 0 0 0.7 0 0 0 0 0 0 0
0.04 0 0 0.5 0 0 0 0.75 0 0 0 0 0 0 0
0.04 0 0 0.7 0 0 0 0.2 0 0 0 0 0 0 0
0.04 0 0 0.7 0 0 0 0.25 0 0 0 0 0 0 0
0.04 0 0 0.7 0 0 0 0.3 0 0 0 0 0 0 0
0.04 0 0 0.7 0 0 0 0.35 0 0 0 0 0 0 0
0.04 0 0 0.7 0 0 0 0.4 0 0 0 0 0 0 0
0.04 0 0 0.7 0 0 0 0.45 0 0 0 0 0 0 0
0.04 0 0 0.7 0 0 0 0.5 0 0 0 0 0 0 0
0.04 0 0 0.7 0 0 0 0.55 0 0 0 0 0 0 0
0.04 0 0 0.7 0 0 0 0.6 0 0 0 0 0 0 0
0.04 0 0 0.7 0 0 0 0.65 0 0 0 0 0 0 0
0.04 0 0 0.7 0 0 0 0.7 0 0 0 0 0 0 0
0.04 0 0 0.7 0 0 0 0.75 0 0 0 0 0 0 0
0.06 0 0 0.1 0 0 0 0.2 0 0 0 0 0 0 0
0.06 0 0 0.1 0 0 0 0.25 0 0 0 0 0 0 0
0.06 0 0 0.1 0 0 0 0.3 0 0 0 0 0 0 0
0.06 0 0 0.1 0 0 0 0.35 0 0 0 0 0 0 0
0.06 0 0 0.1 0 0 0 0.4 0 0 0 0 0 0 0
0.06 0 0 0.1 0 0 0 0.45 0 0 0 0 0 0 0
0.06 0 0 0.1 0 0 0 0.5 0 0 0 0 0 0 0
0.06 0 0 0.1 0 0 0 0.55 0 0 0.393473 0.000151669 0.000151669 0.000112273 0.000112273
0.06 0 0 0.1 0 0 0 0.6 0 0 0.289032 4.95102e-05 4.95102e-05 6.01098e-05 6.01098e-05
0.06 0 0 0.1 0 0 0 0.65 0 0 0.226334 2.51683e-05 2.51683e-05 4.09011e-05 4.09011e-05
0.06 0 0 0.1 0 0 0 0.7 0 0 0.176715 1.41963e-05 1.41963e-05 3.03815e-05 3.03815e-05
0.06 0 0 0.1 0 0 0 0.75 0 0 0.173925 7.6808e-06 7.6808e-06 2.05138e-05 2.05138e-05
0.06 0 0 0.15 0 0 0 0.2 0 0 0 0 0 0 0
0.06 0 0 0.15 0 0 0 0.25 0 0 0 0 0 0 0
0.06 0 0 0.15 0 0 0 0.3 0 0 0 0 0 0 0
0.06 0 0 0.15 0 0 0 0.35 0 0 0 0 0 0 0
0.06 0 0 0.15 0 0 0 0.4 0 0 0.830041 0.000717536 0.000717536 0.000251012 0.000251012
0.06 0 0 0.15 0 0 0 0.45 0 0 0.641564 0.00015551 0.00015551 0.000111941 0.000111941
0.06 0 0 0.15 0 0 0 0.5 0 0 0.488831 6.937e-05 6.937e-05 7.38233e-05 7.38233e-05
0.06 0 0 0.15 0 0 0 0.55 0 0 0.359969 4.7047e-05 4.7047e-05 5.98616e-05 5.98616e-05
0.06 0 0 0.15 0 0 0 0.6 0 0 0.282691 3.68448e-05 3.68448e-05 5.38378e-05 5.38378e-05
0.06 0 0 0.15 0 0 0 0.65 0 0 0.214258 2.73209e-05 2.73209e-05 4.6119e-05 4.6119e-05
0.06 0 0 0.15 0 0 0 0.7 0 0 0.168267 2.0891e-05 2.0891e-05 4.12654e-05 4.12654e-05
0.06 0 0 0.15 0 0 0 0.75 0 0 0.128064 8.88727e-06 8.88727e-06 2.51165e-05 2.51165e-05
0.06 0 0 0.2 0 0 0 0.2 0 0 0 0 0 0 0
0.06 0 0 0.2 0 0 0 0.25 0 0 0 0 0 0 0
0.06 0 0 0.2 0 0 0 0.3 0 0 1.48337 0.000528089 0.000528089 0.000191246 0.000191246
0.06 0 0 0.2 0 0 0 0.35 0 0 1.13019 0.000197444 0.000197444 0.000116593 0.000116593
0.06 0 0 0.2 0 0 0 0.4 0 0 0.856036 0.000118149 0.000118149 9.21798e-05 9.21798e-05
0.06 0 0 0.2 0 0 0 0.45 0 0 0.652003 8.905e-05 8.905e-05 8.27832e-05 8.27832e-05
0.06 0 0 0.2 0 0 0 0.5 0 0 0.476501 6.50814e-05 6.50814e-05 7.05591e-05 7.05591e-05
0.06 0 0 0.2 0 0 0 0.55 0 0 0.36175 4.94257e-05 4.94257e-05 6.27392e-05 6.27392e-05
0.06 0 0 0.2 0 0 0 0.6 0 0 0.276046 3.92988e-05 3.92988e-05 5.5968e-05 5.5968e-05
0.06 0 0 0.2 0 0 0 0.65 0 0 0.220277 3.158e-05 3.158e-05 5.16443e-05 5.16443e-05
0.06 0 0 0.2 0 0 0 0.7 0 0 0.163178 2.24501e-05 2.24501e-05 4.4235e-05 4.4235e-05
0.06 0 0 0.2 0 0 0 0.75 0 0 0.124833 1.00461e-05 1.00461e-05 2.79241e-05 2.79241e-05
0.06 0 0 0.3 0 0 0 0.2 0 0 2.84102 0.00115981 0.00115981 0.000252575 0.000252575
0.06 0 0 0.3 0 0 0 0.25 0 0 2.05212 0.000411137 0.000411137 0.000153518 0.000153518
0.06 0 0 0.3 0 0 0 0.3 0 0 1.52879 0.000301899 0.000301899 0.000136647 0.000136647
0.06 0 0 0.3 0 0 0 0.35 0 0 1.08017 0.00021596 0.00021596 0.000114825 0.000114825
0.06 0 0 0.3 0 0 0 0.4 0 0 0.807662 0.000163302 0.000163302 0.000102942 0.000102942
0.06 0 0 0.3 0 0 0 0.45 0 0 0.610194 0.000126726 0.000126726 9.25976e-05 9.25976e-05
0.06 0 0 0.3 0 0 0 0.5 0 0 0.456309 0.000106758 0.000106758 8.61841e-05 8.61841e-05
0.06 0 0 0.3 0 0 0 0.55 0 0 0.346482 9.50841e-05 9.50841e-05 8.44284e-05 8.44284e-05
0.06 0 0 0.3 0 0 0 0.6 0 0 0.247821 8.44232e-05 8.44232e-05 7.64448e-05 7.64448e-05
0.06 0 0 0.3 0 0 0 0.65 0 0 0.202449 9.16733e-05 9.16733e-05 8.20868e-05 8.20868e-05
0.06 0 0 0.3 0 0 0 0.7 0 0 0.147337 0.000105586 0.000105586 9.03844e-05 9.03844e-05
0.06 0 0 0.3 0 0 0 0.75 0 0 0.113288 0.000493067 0.000493067 0.000232687 0.000232687
0.06 0 0 0.5 0 0 0 0.2 0 0 2.97786 0.00163215 0.00163215 0.000254517 0.000254517
0.06 0 0 0.5 0 0 0 0.25 0 0 1.95731 0.00109385 0.00109385 0.000210514 0.000210514
0.06 0 0 0.5 0 0 0 0.3 0 0 1.50612 0.000893137 0.000893137 0.000196924 0.000196924
0.06 0 0 0.5 0 0 0 0.35 0 0 1.12234 0.000924836 0.000924836 0.000217298 0.000217298
0.06 0 0 0.5 0 0 0 0.4 0 0 0.85665 0.0013223 0.0013223 0.000282663 0.000282663
0.06 0 0 0.5 0 0 0 0.45 0 0 0 0 0 0 0
0.06 0 0 0.5 0 0 0 0.5 0 0 0 0 0 0 0
0.06 0 0 0.5 0 0 0 0.55 0 0 0 0 0 0 0
0.06 0 0 0.5 0 0 0 0.6 0 0 0 0 0 0 0
0.06 0 0 0.5 0 0 0 0.65 0 0 0 0 0 0 0
0.06 0 0 0.5 0 0 0 0.7 0 0 0 0 0 0 0
0.06 0 0 0.5 0 0 0 0.75 0 0 0 0 0 0 0
0.06 0 0 0.7 0 0 0 0.2 0 0 0 0 0 0 0
0.06 0 0 0.7 0 0 0 0.25 0 0 0 0 0 0 0
0.06 0 0 0.7 0 0 0 0.3 0 0 0 0 0 0 0
0.06 0 0 0.7 0 0 0 0.35 0 0 0 0 0 0 0
0.06 0 0 0.7 0 0 0 0.4 0 0 0 0 0 0 0
0.06 0 0 0.7 0 0 0 0.45 0 0 0 0 0 0 0
0.06 0 0 0.7 0 0 0 0.5 0 0 0 0 0 0 0
0.06 0 0 0.7 0 0 0 0.55 0 0 0 0 0 0 0
0.06 0 0 0.7 0 0 0 0.6 0 0 0 0 0 0 0
0.06 0 0 0.7 0 0 0 0.65 0 0 0 0 0 0 0
0.06 0 0 0.7 0 0 0 0.7 0 0 0 0 0 0 0
0.06 0 0 0.7 0 0 0 0.75 0 0 0 0 0 0 0
0.1 0 0 0.1 0 0 0 0.2 0 0 0 0 0 0 0
0.1 0 0 0.1 0 0 0 0.25 0 0 0 0 0 0 0
0.1 0 0 0.1 0 0 0 0.3 0 0 0 0 0 0 0
0.1 0 0 0.1 0 0 0 0.35 0 0 0 0 0 0 0
0.1 0 0 0.1 0 0 0 0.4 0 0 0 0 0 0 0
0.1 0 0 0.1 0 0 0 0.45 0 0 0 0 0 0 0
0.1 0 0 0.1 0 0 0 0.5 0 0 0 0 0 0 0
0.1 0 0 0.1 0 0 0 0.55 0 0 0.358204 0.000350473 0.000350473 0.000172582 0.000172582
0.1 0 0 0.1 0 0 0 0.6 0 0 0.268033 0.000117076 0.000117076 9.57744e-05 9.57744e-05
0.1 0 0 0.1 0 0 0 0.65 0 0 0.224491 6.79128e-05 6.79128e-05 6.84467e-05 6.84467e-05
0.1 0 0 0.1 0 0 0 0.7 0 0 0.171484 3.76951e-05 3.76951e-05 5.07094e-05 5.07094e-05
0.1 0 0 0.1 0 0 0 0.75 0 0 0.157428 1.79528e-05 1.79528e-05 3.14239e-05 3.14239e-05
0.1 0 0 0.15 0 0 0 0.2 0 0 0 0 0 0 0
0.1 0 0 0.15 0 0 0 0.25 0 0 0 0 0 0 0
0.1 0 0 0.15 0 0 0 0.3 0 0 0 0 0 0 0
0.1 0 0 0.15 0 0 0 0.35 0 0 0 0 0 0 0
0.1 0 0 0.15 0 0 0 0.4 0 0 0.885293 0.00184864 0.00184864 0.00042413 0.00042413
0.1 0 0 0.15 0 0 0 0.45 0 0 0.582868 0.000325244 0.000325244 0.000162719 0.000162719
0.1 0 0 0.15 0 0 0 0.5 0 0 0.479792 0.000167429 0.000167429 0.0001164 0.0001164
0.1 0 0 0.15 0 0 0 0.55 0 0 0.368191 0.000123808 0.000123808 9.94452e-05 9.94452e-05
0.1 0 0 0.15 0 0 0 0.6 0 0 0.253551 7.66611e-05 7.66611e-05 7.62706e-05 7.62706e-05
0.1 0 0 0.15 0 0 0 0.65 0 0 0.198845 6.12775e-05 6.12775e-05 6.78673e-05 6.78673e-05
0.1 0 0 0.15 0 0 0 0.7 0 0 0.150548 4.64948e-05 4.64948e-05 5.99317e-05 5.99317e-05
0.1 0 0 0.15 0 0 0 0.75 0 0 0.137032 2.66741e-05 2.66741e-05 4.31828e-05 4.31828e-05
0.1 0 0 0.2 0 0 0 0.2 0 0 0 0 0 0 0
0.1 0 0 0.2 0 0 0 0.25 0 0 0 0 0 0 0
0.1 0 0 0.2 0 0 0 0.3 0 0 1.4854 0.001407 0.001407 0.000334706 0.000334706
0.1 0 0 0.2 0 0 0 0.35 0 0 1.1302 0.000509416 0.000509416 0.000197602 0.000197602
0.1 0 0 0.2 0 0 0 0.4 0 0 0.861671 0.000301175 0.000301175 0.000150615 0.000150615
0.1 0 0 0.2 0 0 0 0.45 0 0 0.645313 0.000226258 0.000226258 0.000135976 0.000135976
0.1 0 0 0.2 0 0 0 0.5 0 0 0.479173 0.000165638 0.000165638 0.000118341 0.000118341
0.1 0 0 0.2 0 0 0 0.55 0 0 0.347906 0.000115115 0.000115115 9.75439e-05 9.75439e-05
0.1 0 0 0.2 0 0 0 0.6 0 0 0.277049 0.000101885 0.000101885 9.14639e-05 9.14639e-05
0.1 0 0 0.2 0 0 0 0.65 0 0 0.207951 7.59729e-05 7.59729e-05 7.69846e-05 7.69846e-05
0.1 0 0 0.2 0 0 0 0.7 0 0 0.136127 4.15195e-05 4.15195e-05 5.9016e-05 5.9016e-05
0.1 0 0 0.2 0 0 0 0.75 0 0 0.106831 2.10004e-05 2.10004e-05 3.72717e-05 3.72717e-05
0.1 0 0 0.3 0 0 0 0.2 0 0 2.91736 0.00291479 0.00291479 0.00040183 0.00040183
0.1 0 0 0.3 0 0 0 0.25 0 0 2.05402 0.00103356 0.00103356 0.000247017 0.000247017
0.1 0 0 0.3 0 0 0 0.3 0 0 1.49134 0.000726806 0.000726806 0.000208285 0.000208285
0.1 0 0 0.3 0 0 0 0.35 0 0 1.12066 0.000570642 0.000570642 0.000186634 0.000186634
0.1 0 0 0.3 0 0 0 0.4 0 0 0.805746 0.000391836 0.000391836 0.000158008 0.000158008
0.1 0 0 0.3 0 0 0 0.45 0 0 0.609095 0.000315033 0.000315033 0.000143079 0.000143079
0.1 0 0 0.3 0 0 0 0.5 0 0 0.442199 0.000251854 0.000251854 0.00013167 0.00013167
0.1 0 0 0.3 0 0 0 0.55 0 0 0.347093 0.000254564 0.000254564 0.00013117 0.00013117
0.1 0 0 0.3 0 0 0 0.6 0 0 0.275629 0.000253401 0.000253401 0.000139016 0.000139016
0.1 0 0 0.3 0 0 0 0.65 0 0 0.168531 0.000179951 0.000179951 0.000109975 0.000109975
0.1 0 0 0.3 0 0 0 0.7 0 0 0.141186 0.000235271 0.000235271 0.00013725 0.00013725
0.1 0 0 0.3 0 0 0 0.75 0 0 0 0 0 0 0
0.1 0 0 0.5 0 0 0 0.2 0 0 3.07336 0.00383949 0.00383949 0.000395573 0.000395573
0.1 0 0 0.5 0 0 0 0.25 0 0 2.17074 0.00280998 0.00280998 0.000339416 0.000339416
0.1 0 0 0.5 0 0 0 0.3 0 0 1.56499 0.00215644 0.00215644 0.000298653 0.000298653
0.1 0 0 0.5 0 0 0 0.35 0 0 1.18551 0.00229575 0.00229575 0.000330547 0.000330547
0.1 0 0 0.5 0 0 0 0.4 0 0 0.883217 0.00321532 0.00321532 0.000416252 0.000416252
0.1 0 0 0.5 0 0 0 0.45 0 0 0 0 0 0 0
0.1 0 0 0.5 0 0 0 0.5 0 0 0 0 0 0 0
0.1 0 0 0.5 0 0 0 0.55 0 0 0 0 0 0 0
0.1 0 0 0.5 0 0 0 0.6 0 0 0 0 0 0 0
0.1 0 0 0.5 0 0 0 0.65 0 0 0 0 0 0 0
0.1 0 0 0.5 0 0 0 0.7 0 0 0 0 0 0 0
0.1 0 0 0.5 0 0 0 0.75 0 0 0 0 0 0 0
0.1 0 0 0.7 0 0 0 0.2 0 0 0 0 0 0 0
0.1 0 0 0.7 0 0 0 0.25 0 0 0 0 0 0 0
0.1 0 0 0.7 0 0 0 0.3 0 0 0 0 0 0 0
0.1 0 0 0.7 0 0 0 0.35 0 0 0 0 0 0 0
0.1 0 0 0.7 0 0 0 0.4 0 0 0 0 0 0 0
0.1 0 0 0.7 0 0 0 0.45 0 0 0 0 0 0 0
0.1 0 0 0.7 0 0 0 0.5 0 0 0 0 0 0 0
0.1 0 0 0.7 0 0 0 0.55 0 0 0 0 0 0 0
0.1 0 0 0.7 0 0 0 0.6 0 0 0 0 0 0 0
0.1 0 0 0.7 0 0 0 0.65 0 0 0 0 0 0 0
0.1 0 0 0.7 0 0 0 0.7 0 0 0 0 0 0 0
0.1 0 0 0.7 0 0 0 0.75 0 0 0 0 0 0 0
0.14 0 0 0.1 0 0 0 0.2 0 0 0 0 0 0 0
0.14 0 0 0.1 0 0 0 0.25 0 0 0 0 0 0 0
0.14 0 0 0.1 0 0 0 0.3 0 0 0 0 0 0 0
0.14 0 0 0.1 0 0 0 0.35 0 0 0 0 0 0 0
0.14 0 0 0.1 0 0 0 0.4 0 0 0 0 0 0 0
0.14 0 0 0.1 0 0 0 0.45 0 0 0 0 0 0 0
0.14 0 0 0.1 0 0 0 0.5 0 0 0 0 0 0 0
0.14 0 0 0.1 0 0 0 0.55 0 0 0.39901 0.000861915 0.000861915 0.000273064 0.000273064
0.14 0 0 0.1 0 0 0 0.6 0 0 0.247914 0.000221374 0.000221374 0.00012296 0.00012296
0.14 0 0 0.1 0 0 0 0.65 0 0 0.187126 0.000110444 0.000110444 8.25328e-05 8.25328e-05
0.14 0 0 0.1 0 0 0 0.7 0 0 0.153709 7.3548e-05 7.3548e-05 6.40535e-05 6.40535e-05
0.14 0 0 0.1 0 0 0 0.75 0 0 0.122799 2.90041e-05 2.90041e-05 3.5893e-05 3.5893e-05
0.14 0 0 0.15 0 0 0 0.2 0 0 0 0 0 0 0
0.14 0 0 0.15 0 0 0 0.25 0 0 0 0 0 0 0
0.14 0 0 0.15 0 0 0 0.3 0 0 0 0 0 0 0
0.14 0 0 0.15 0 0 0 0.35 0 0 0 0 0 0 0
0.14 0 0 0.15 0 0 0 0.4 0 0 0.820977 0.00350422 0.00350422 0.000576153 0.000576153
0.14 0 0 0.15 0 0 0 0.45 0 0 0.569917 0.000659166 0.000659166 0.000241668 0.000241668
0.14 0 0 0.15 0 0 0 0.5 0 0 0.455805 0.00033508 0.00033508 0.000162516 0.000162516
0.14 0 0 0.15 0 0 0 0.55 0 0 0.374872 0.000264821 0.000264821 0.000144173 0.000144173
0.14 0 0 0.15 0 0 0 0.6 0 0 0.237276 0.000151307 0.000151307 0.000100763 0.000100763
0.14 0 0 0.15 0 0 0 0.65 0 0 0.194017 0.000125688 0.000125688 9.41341e-05 9.41341e-05
0.14 0 0 0.15 0 0 0 0.7 0 0 0.155378 0.000106841 0.000106841 8.4957e-05 8.4957e-05
0.14 0 0 0.15 0 0 0 0.75 0 0 0.107225 3.97396e-05 3.97396e-05 4.74267e-05 4.74267e-05
0.14 0 0 0.2 0 0 0 0.2 0 0 0 0 0 0 0
0.14 0 0 0.2 0 0 0 0.25 0 0 0 0 0 0 0
0.14 0 0 0.2 0 0 0 0.3 0 0 1.56551 0.00319718 0.00319718 0.000509756 0.000509756
0.14 0 0 0.2 0 0 0 0.35 0 0 1.07571 0.00101352 0.00101352 0.000276097 0.000276097
0.14 0 0 0.2 0 0 0 0.4 0 0 0.779454 0.000551164 0.000551164 0.000204844 0.000204844
0.14 0 0 0.2 0 0 0 0.45 0 0 0.621023 0.000455146 0.000455146 0.000190244 0.000190244
0.14 0 0 0.2 0 0 0 0.5 0 0 0.467003 0.000332511 0.000332511 0.000165305 0.000165305
0.14 0 0 0.2 0 0 0 0.55 0 0 0.355533 0.000252736 0.000252736 0.000148175 0.000148175
0.14 0 0 0.2 0 0 0 0.6 0 0 0.282506 0.000193007 0.000193007 0.000131624 0.000131624
0.14 0 0 0.2 0 0 0 0.65 0 0 0.220374 0.00017151 0.00017151 0.000115716 0.000115716
0.14 0 0 0.2 0 0 0 0.7 0 0 0.132808 9.14074e-05 9.14074e-05 8.37086e-05 8.37086e-05
0.14 0 0 0.2 0 0 0 0.75 0 0 0.111526 4.58433e-05 4.58433e-05 5.67446e-05 5.67446e-05
0.14 0 0 0.3 0 0 0 0.2 0 0 2.87474 0.00527884 0.00527884 0.000543875 0.000543875
0.14 0 0 0.3 0 0 0 0.25 0 0 1.95317 0.00179405 0.00179405 0.000326061 0.000326061
0.14 0 0 0.3 0 0 0 0.3 0 0 1.55859 0.00142884 0.00142884 0.00029599 0.00029599
0.14 0 0 0.3 0 0 0 0.35 0 0 1.03872 0.000956221 0.000956221 0.000241336 0.000241336
0.14 0 0 0.3 0 0 0 0.4 0 0 0.829191 0.000736466 0.000736466 0.000227978 0.000227978
0.14 0 0 0.3 0 0 0 0.45 0 0 0.576821 0.000529561 0.000529561 0.000182586 0.000182586
0.14 0 0 0.3 0 0 0 0.5 0 0 0.51043 0.000585032 0.000585032 0.000200405 0.000200405
0.14 0 0 0.3 0 0 0 0.55 0 0 0.322048 0.00039612 0.00039612 0.00017031 0.00017031
0.14 0 0 0.3 0 0 0 0.6 0 0 0.268941 0.000440806 0.000440806 0.000176053 0.000176053
0.14 0 0 0.3 0 0 0 0.65 0 0 0.238319 0.0005882 0.0005882 0.000220559 0.000220559
0.14 0 0 0.3 0 0 0 0.7 0 0 0.206224 0.000777564 0.000777564 0.000244092 0.000244092
0.14 0 0 0.3 0 0 0 0.75 0 0 0 0 0 0 0
0.14 0 0 0.5 0 0 0 0.2 0 0 0 0 0 0 0
0.14 0 0 0.5 0 0 0 0.25 0 0 0 0 0 0 0
0.14 0 0 0.5 0 0 0 0.3 0 0 0 0 0 0 0
0.14 0 0 0.5 0 0 0 0.35 0 0 0 0 0 0 0
0.14 0 0 0.5 0 0 0 0.4 0 0 0 0 0 0 0
0.14 0 0 0.5 0 0 0 0.45 0 0 0 0 0 0 0
0.14 0 0 0.5 0 0 0 0.5 0 0 0 0 0 0 0
0.14 0 0 0.5 0 0 0 0.55 0 0 0 0 0 0 0
0.14 0 0 0.5 0 0 0 0.6 0 0 0 0 0 0 0
0.14 0 0 0.5 0 0 0 0.65 0 0 0 0 0 0 0
0.14 0 0 0.5 0 0 0 0.7 0 0 0 0 0 0 0
0.14 0 0 0.5 0 0 0 0.75 0 0 0 0 0 0 0
0.14 0 0 0.7 0 0 0 0.2 0 0 0 0 0 0 0
0.14 0 0 0.7 0 0 0 0.25 0 0 0 0 0 0 0
0.14 0 0 0.7 0 0 0 0.3 0 0 0 0 0 0 0
0.14 0 0 0.7 0 0 0 0.35 0 0 0 0 0 0 0
0.14 0 0 0.7 0 0 0 0.4 0 0 0 0 0 0 0
0.14 0 0 0.7 0 0 0 0.45 0 0 0 0 0 0 0
0.14 0 0 0.7 0 0 0 0.5 0 0 0 0 0 0 0
0.14 0 0 0.7 0 0 0 0.55 0 0 0 0 0 0 0
0.14 0 0 0.7 0 0 0 0.6 0 0 0 0 0 0 0
0.14 0 0 0.7 0 0 0 0.65 0 0 0 0 0 0 0
0.14 0 0 0.7 0 0 0 0.7 0 0 0 0 0 0 0
0.14 0 0 0.7 0 0 0 0.75 0 0 0 0 0 0 0
0.18 0 0 0.1 0 0 0 0.2 0 0 0 0 0 0 0
0.18 0 0 0.1 0 0 0 0.25 0 0 0 0 0 0 0
0.18 0 0 0.1 0 0 0 0.3 0 0 0 0 0 0 0
0.18 0 0 0.1 0 0 0 0.35 0 0 0 0 0 0 0
0.18 0 0 0.1 0 0 0 0.4 0 0 0 0 0 0 0
0.18 0 0 0.1 0 0 0 0.45 0 0 0 0 0 0 0
0.18 0 0 0.1 0 0 0 0.5 0 0 0 0 0 0 0
0.18 0 0 0.1 0 0 0 0.55 0 0 0 0 0 0 0
0.18 0 0 0.1 0 0 0 0.6 0 0 0 0 0 0 0
0.18 0 0 0.1 0 0 0 0.65 0 0 0 0 0 0 0
0.18 0 0 0.1 0 0 0 0.7 0 0 0 0 0 0 0
0.18 0 0 0.1 0 0 0 0.75 0 0 0 0 0 0 0
0.18 0 0 0.15 0 0 0 0.2 0 0 0 0 0 0 0
0.18 0 0 0.15 0 0 0 0.25 0 0 0 0 0 0 0
0.18 0 0 0.15 0 0 0 0.3 0 0 0 0 0 0 0
0.18 0 0 0.15 0 0 0 0.35 0 0 0 0 0 0 0
0.18 0 0 0.15 0 0 0 0.4 0 0 0.847855 0.0032007 0.0032007 0.000594964 0.000594964
0.18 0 0 0.15 0 0 0 0.45 0 0 0.571092 0.000605532 0.000605532 0.000249746 0.000249746
0.18 0 0 0.15 0 0 0 0.5 0 0 0.45061 0.000302455 0.000302455 0.000166511 0.000166511
0.18 0 0 0.15 0 0 0 0.55 0 0 0.340328 0.000204715 0.000204715 0.000132144 0.000132144
0.18 0 0 0.15 0 0 0 0.6 0 0 0.255787 0.000148708 0.000148708 0.000112562 0.000112562
0.18 0 0 0.15 0 0 0 0.65 0 0 0.208366 0.000129356 0.000129356 0.000103043 0.000103043
0.18 0 0 0.15 0 0 0 0.7 0 0 0.146343 8.54883e-05 8.54883e-05 7.93649e-05 7.93649e-05
0.18 0 0 0.15 0 0 0 0.75 0 0 0.123603 4.0628e-05 4.0628e-05 5.24797e-05 5.24797e-05
0.18 0 0 0.2 0 0 0 0.2 0 0 0 0 0 0 0
0.18 0 0 0.2 0 0 0 0.25 0 0 0 0 0 0 0
0.18 0 0 0.2 0 0 0 0.3 0 0 1.3457 0.00190566 0.00190566 0.000402755 0.000402755
0.18 0 0 0.2 0 0 0 0.35 0 0 1.05999 0.000711409 0.000711409 0.000259661 0.000259661
0.18 0 0 0.2 0 0 0 0.4 0 0 0.778635 0.000406027 0.000406027 0.000193854 0.000193854
0.18 0 0 0.2 0 0 0 0.45 0 0 0.597138 0.000307216 0.000307216 0.000168924 0.000168924
0.18 0 0 0.2 0 0 0 0.5 0 0 0.428788 0.000220335 0.000220335 0.000143288 0.000143288
0.18 0 0 0.2 0 0 0 0.55 0 0 0.322818 0.000164221 0.000164221 0.000120779 0.000120779
0.18 0 0 0.2 0 0 0 0.6 0 0 0.286687 0.000155347 0.000155347 0.000123195 0.000123195
0.18 0 0 0.2 0 0 0 0.65 0 0 0.204607 0.000108412 0.000108412 0.000103303 0.000103303
0.18 0 0 0.2 0 0 0 0.7 0 0 0.159327 8.19148e-05 8.19148e-05 9.09176e-05 9.09176e-05
0.18 0 0 0.2 0 0 0 0.75 0 0 0.0931126 2.65237e-05 2.65237e-05 4.28155e-05 4.28155e-05
0.18 0 0 0.3 0 0 0 0.2 0 0 2.91115 0.00365405 0.00365405 0.000463024 0.000463024
0.18 0 0 0.3 0 0 0 0.25 0 0 1.96182 0.00125513 0.00125513 0.000274701 0.000274701
0.18 0 0 0.3 0 0 0 0.3 0 0 1.44337 0.000861699 0.000861699 0.000238682 0.000238682
0.18 0 0 0.3 0 0 0 0.35 0 0 1.13897 0.000716692 0.000716692 0.000224763 0.000224763
0.18 0 0 0.3 0 0 0 0.4 0 0 0.857534 0.000561515 0.000561515 0.000198101 0.000198101
0.18 0 0 0.3 0 0 0 0.45 0 0 0.601745 0.000386112 0.000386112 0.000165563 0.000165563
0.18 0 0 0.3 0 0 0 0.5 0 0 0.439705 0.000315606 0.000315606 0.000152667 0.000152667
0.18 0 0 0.3 0 0 0 0.55 0 0 0.367026 0.000331197 0.000331197 0.000161577 0.000161577
0.18 0 0 0.3 0 0 0 0.6 0 0 0.27427 0.000329725 0.000329725 0.000147656 0.000147656
0.18 0 0 0.3 0 0 0 0.65 0 0 0 0 0 0 0
0.18 0 0 0.3 0 0 0 0.7 0 0 0 0 0 0 0
0.18 0 0 0.3 0 0 0 0.75 0 0 0 0 0 0 0
0.18 0 0 0.5 0 0 0 0.2 0 0 0 0 0 0 0
0.18 0 0 0.5 0 0 0 0.25 0 0 0 0 0 0 0
0.18 0 0 0.5 0 0 0 0.3 0 0 0 0 0 0 0
0.18 0 0 0.5 0 0 0 0.35 0 0 0 0 0 0 0
0.18 0 0 0.5 0 0 0 0.4 0 0 0 0 0 0 0
0.18 0 0 0.5 0 0 0 0.45 0 0 0 0 0 0 0
0.18 0 0 0.5 0 0 0 0.5 0 0 0 0 0 0 0
0.18 0 0 0.5 0 0 0 0.55 0 0 0 0 0 0 0
0.18 0 0 0.5 0 0 0 0.6 0 0 0 0 0 0 0
0.18 0 0 0.5 0 0 0 0.65 0 0 0 0 0 0 0
0.18 0 0 0.5 0 0 0 0.7 0 0 0 0 0 0 0
0.18 0 0 0.5 0 0 0 0.75 0 0 0 0 0 0 0
0.18 0 0 0.7 0 0 0 0.2 0 0 0 0 0 0 0
0.18 0 0 0.7 0 0 0 0.25 0 0 0 0 0 0 0
0.18 0 0 0.7 0 0 0 0.3 0 0 0 0 0 0 0
0.18 0 0 0.7 0 0 0 0.35 0 0 0 0 0 0 0
0.18 0 0 0.7 0 0 0 0.4 0 0 0 0 0 0 0
0.18 0 0 0.7 0 0 0 0.45 0 0 0 0 0 0 0
0.18 0 0 0.7 0 0 0 0.5 0 0 0 0 0 0 0
0.18 0 0 0.7 0 0 0 0.55 0 0 0 0 0 0 0
0.18 0 0 0.7 0 0 0 0.6 0 0 0 0 0 0 0
0.18 0 0 0.7 0 0 0 0.65 0 0 0 0 0 0 0
0.18 0 0 0.7 0 0 0 0.7 0 0 0 0 0 0 0
0.18 0 0 0.7 0 0 0 0.75 0 0 0 0 0 0 0
