0.004 0.2 0.00786975 1.26496 0.22288 0.398293 2.33839e-05 8.98582e-10 1 0.00786975 1.26496 0.22288 0.319041 1.86864e-05 6.85047e-10 1 
0.004 0.25 0.0080218 1.2622 0.272914 0.304982 1.79997e-05 7.70404e-10 1 0.0080218 1.2622 0.272914 0.234569 1.39066e-05 5.49938e-10 1 
0.004 0.3 0.008018 1.23839 0.32423 0.242417 1.64205e-05 7.34559e-10 1 0.008018 1.23839 0.32423 0.17863 1.18307e-05 4.80495e-10 1 
0.004 0.35 0.00839243 1.2004 0.37289 0.177682 1.545e-05 7.41344e-10 1 0.00839243 1.2004 0.37289 0.126705 1.03284e-05 4.60307e-10 1 
0.004 0.4 0.00861347 1.16602 0.424575 0.154085 2.00181e-05 1.10492e-09 1 0.00861347 1.16602 0.424575 0.101443 1.18287e-05 6.06454e-10 1 
0.004 0.45 0.00860856 1.11885 0.473061 0.120423 2.45295e-05 1.47281e-09 1 0.00860856 1.11885 0.473061 0.0777656 1.44899e-05 7.92113e-10 1 
0.004 0.5 0.0090574 1.10196 0.522925 0.0971458 3.013e-05 1.82193e-09 1 0.0090574 1.10196 0.522925 0.0587453 1.68543e-05 9.31407e-10 1 
0.004 0.55 0.00951616 1.09474 0.573995 0.0806903 4.83869e-05 3.32363e-09 1 0.00951616 1.09474 0.573995 0.0504506 2.8405e-05 2.07143e-09 1 
0.004 0.6 0.00947603 1.04668 0.621645 0.0609883 7.94044e-05 5.53177e-09 1 0.00947603 1.04668 0.621645 0.0343834 4.48252e-05 2.96306e-09 1 
0.004 0.65 0.00975427 1.03293 0.677727 0.0745493 0.000678288 9.06071e-08 1 0.00975427 1.03293 0.677727 0.0561604 0.000284709 4.35172e-08 1 
0.004 0.7 0 0 0 0 0 0 0 0 0 0 0 0 0 0 
0.004 0.75 0 0 0 0 0 0 0 0 0 0 0 0 0 0 
0.01 0.2 0.0140621 2.08858 0.222922 0.426337 2.03424e-05 7.59308e-10 1 0.0140621 2.08858 0.222922 0.333201 1.60671e-05 5.50932e-10 1 
0.01 0.25 0.0140464 1.83295 0.273277 0.324638 1.02018e-05 4.29773e-10 1 0.0140464 1.83295 0.273277 0.242579 7.62819e-06 2.97933e-10 1 
0.01 0.3 0.0144564 1.71084 0.323866 0.252572 6.45709e-06 2.96515e-10 1 0.0144564 1.71084 0.323866 0.176502 4.43691e-06 1.85945e-10 1 
0.01 0.35 0.0147013 1.57049 0.374152 0.189168 4.35802e-06 2.19635e-10 1 0.0147013 1.57049 0.374152 0.129915 2.97057e-06 1.36231e-10 1 
0.01 0.4 0.015108 1.4755 0.423688 0.141943 3.17611e-06 1.71551e-10 1 0.015108 1.4755 0.423688 0.0946272 2.04983e-06 1.03832e-10 1 
0.01 0.45 0.0153154 1.4104 0.473604 0.115964 2.82709e-06 1.75809e-10 1 0.0153154 1.4104 0.473604 0.0715975 1.68781e-06 9.1237e-11 1 
0.01 0.5 0.0152933 1.34616 0.523658 0.0950992 2.56422e-06 1.74078e-10 1 0.0152933 1.34616 0.523658 0.0538702 1.32628e-06 7.75161e-11 1 
0.01 0.55 0.0154824 1.31671 0.574866 0.0732942 2.06042e-06 1.53136e-10 1 0.0154824 1.31671 0.574866 0.0411378 1.07339e-06 6.7226e-11 1 
0.01 0.6 0.0160636 1.27886 0.623936 0.059799 2.04647e-06 1.50763e-10 1 0.0160636 1.27886 0.623936 0.0302125 9.57036e-07 6.11582e-11 1 
0.01 0.65 0.0159477 1.23959 0.673427 0.0511268 2.3768e-06 1.71514e-10 1 0.0159477 1.23959 0.673427 0.027627 1.28966e-06 7.72582e-11 1 
0.01 0.7 0.0161067 1.19854 0.72607 0.0416768 2.31873e-06 1.7172e-10 1 0.0161067 1.19854 0.72607 0.0189574 1.03166e-06 5.43496e-11 1 
0.01 0.75 0.0167843 1.17036 0.795288 0.0311799 1.28735e-06 1.02942e-10 1 0.0167843 1.17036 0.795288 0.0143113 5.56221e-07 3.5304e-11 1 
0.02 0.2 0.0241274 3.56102 0.223242 0.442817 5.97394e-05 2.13179e-09 1 0.0241274 3.56102 0.223242 0.331761 4.48284e-05 1.40772e-09 1 
0.02 0.25 0.0243843 3.17531 0.273663 0.342218 2.90304e-05 1.16954e-09 1 0.0243843 3.17531 0.273663 0.248726 2.12767e-05 7.63538e-10 1 
0.02 0.3 0.0243316 2.77589 0.323849 0.261558 1.59732e-05 7.05583e-10 1 0.0243316 2.77589 0.323849 0.182066 1.11365e-05 4.28765e-10 1 
0.02 0.35 0.0242063 2.42953 0.37402 0.202165 9.68929e-06 4.75611e-10 1 0.0242063 2.42953 0.37402 0.126575 6.02464e-06 2.50238e-10 1 
0.02 0.4 0.02431 2.16306 0.424104 0.160697 6.32184e-06 3.55569e-10 1 0.02431 2.16306 0.424104 0.0939487 3.66857e-06 1.68207e-10 1 
0.02 0.45 0.0244849 1.96876 0.474285 0.125667 4.38183e-06 2.68133e-10 1 0.0244849 1.96876 0.474285 0.0709277 2.43772e-06 1.2429e-10 1 
0.02 0.5 0.0244281 1.74495 0.523784 0.0959678 2.96561e-06 1.89896e-10 1 0.0244281 1.74495 0.523784 0.0530971 1.56953e-06 8.686e-11 1 
0.02 0.55 0.0245147 1.61123 0.574463 0.0770048 2.23691e-06 1.51436e-10 1 0.0245147 1.61123 0.574463 0.0395167 1.04066e-06 6.22841e-11 1 
0.02 0.6 0.0249284 1.58138 0.62395 0.0622969 1.79342e-06 1.24977e-10 1 0.0249284 1.58138 0.62395 0.0295339 8.33134e-07 4.77064e-11 1 
0.02 0.65 0.0248696 1.54847 0.674302 0.0496607 1.62254e-06 1.06461e-10 1 0.0248696 1.54847 0.674302 0.0213369 6.65875e-07 3.431e-11 1 
0.02 0.7 0.0249024 1.4467 0.722635 0.0419299 1.49257e-06 1.0453e-10 1 0.0249024 1.4467 0.722635 0.0155939 5.56431e-07 2.77176e-11 1 
0.02 0.75 0.0249353 1.34253 0.797676 0.0301947 5.64605e-07 4.13095e-11 1 0.0249353 1.34253 0.797676 0.010032 1.98756e-07 8.97398e-12 1 
0.03 0.2 0.0342502 4.99131 0.22209 0.476999 0.000130079 4.59011e-09 1 0.0342502 4.99131 0.22209 0.337958 9.33447e-05 2.90685e-09 1 
0.03 0.25 0.0346904 4.43676 0.273716 0.344645 5.67261e-05 2.25897e-09 1 0.0346904 4.43676 0.273716 0.24572 4.02972e-05 1.40141e-09 1 
0.03 0.3 0.0346015 3.97001 0.323779 0.276423 3.29108e-05 1.48285e-09 1 0.0346015 3.97001 0.323779 0.177065 2.17104e-05 8.22407e-10 1 
0.03 0.35 0.0347245 3.39411 0.374246 0.206435 1.86828e-05 8.89165e-10 1 0.0347245 3.39411 0.374246 0.125126 1.14094e-05 4.50565e-10 1 
0.03 0.4 0.0344915 3.07563 0.425206 0.167691 1.29958e-05 7.12347e-10 1 0.0344915 3.07563 0.425206 0.0912555 7.06959e-06 2.95228e-10 1 
0.03 0.45 0.0344789 2.69518 0.473068 0.134811 9.21821e-06 5.46088e-10 1 0.0344789 2.69518 0.473068 0.0694846 4.51308e-06 2.21806e-10 1 
0.03 0.5 0.034401 2.43139 0.524851 0.101715 5.84074e-06 3.83475e-10 1 0.034401 2.43139 0.524851 0.0484024 2.76086e-06 1.28551e-10 1 
0.03 0.55 0.0345429 2.26124 0.574502 0.0769699 3.88087e-06 2.4692e-10 1 0.0345429 2.26124 0.574502 0.036123 1.72847e-06 9.02591e-11 1 
0.03 0.6 0.0346054 2.03742 0.624169 0.0661288 3.1568e-06 2.14836e-10 1 0.0346054 2.03742 0.624169 0.0274987 1.20889e-06 6.46089e-11 1 
0.03 0.65 0.0346327 1.94704 0.67464 0.0495727 2.21676e-06 1.42107e-10 1 0.0346327 1.94704 0.67464 0.0205886 9.31409e-07 4.47595e-11 1 
0.03 0.7 0.0344534 1.75243 0.724966 0.042927 1.89464e-06 1.21713e-10 1 0.0344534 1.75243 0.724966 0.015612 7.06718e-07 3.32951e-11 1 
0.03 0.75 0.0346395 1.70108 0.79809 0.0305153 6.55307e-07 4.32109e-11 1 0.0346395 1.70108 0.79809 0.00867765 1.98077e-07 8.09346e-12 1 
0.04 0.2 0.0480945 7.08051 0.223625 0.481251 0.000133936 4.47238e-09 1 0.0480945 7.08051 0.223625 0.345244 9.83963e-05 3.03032e-09 1 
0.04 0.25 0.0492948 6.35213 0.273847 0.376865 6.37388e-05 2.50493e-09 1 0.0492948 6.35213 0.273847 0.239231 4.05308e-05 1.26655e-09 1 
0.04 0.3 0.0485462 5.51069 0.32239 0.295021 3.46651e-05 1.55157e-09 1 0.0485462 5.51069 0.32239 0.170134 2.05748e-05 7.12816e-10 1 
0.04 0.35 0.0487141 4.86782 0.374143 0.226395 2.07811e-05 9.86593e-10 1 0.0487141 4.86782 0.374143 0.122464 1.12528e-05 4.24516e-10 1 
0.04 0.4 0.0483747 4.16322 0.42312 0.174415 1.36457e-05 7.14601e-10 1 0.0483747 4.16322 0.42312 0.0872047 6.80215e-06 2.53925e-10 1 
0.04 0.45 0.0490016 3.86569 0.473351 0.129314 8.53612e-06 4.70025e-10 1 0.0490016 3.86569 0.473351 0.0681644 4.60252e-06 1.99204e-10 1 
0.04 0.5 0.0485733 3.46366 0.522281 0.106173 6.18295e-06 3.73813e-10 1 0.0485733 3.46366 0.522281 0.0471358 2.65906e-06 1.20247e-10 1 
0.04 0.55 0.0482062 3.08334 0.573612 0.0836739 4.3241e-06 2.65928e-10 1 0.0482062 3.08334 0.573612 0.0375552 1.87396e-06 9.24217e-11 1 
0.04 0.6 0.0484044 2.86661 0.625507 0.0640396 2.97098e-06 1.82747e-10 1 0.0484044 2.86661 0.625507 0.0281315 1.24672e-06 6.31342e-11 1 
0.04 0.65 0.048014 2.66855 0.674522 0.0514427 2.26619e-06 1.32385e-10 1 0.048014 2.66855 0.674522 0.0193532 8.32459e-07 4.13383e-11 1 
0.04 0.7 0.0483873 2.55416 0.723319 0.0402054 1.6391e-06 9.35002e-11 1 0.0483873 2.55416 0.723319 0.0128991 5.46164e-07 2.14868e-11 1 
0.04 0.75 0.0483943 2.27938 0.79502 0.0293592 5.85895e-07 3.39143e-11 1 0.0483943 2.27938 0.79502 0.00746779 1.53321e-07 5.19003e-12 1 
0.06 0.2 0.0771478 11.5983 0.222125 0.506692 0.000182645 6.27038e-09 1 0.0771478 11.5983 0.222125 0.348435 0.000128366 3.62791e-09 1 
0.06 0.25 0.0771484 10.0207 0.273807 0.385201 8.53225e-05 3.20123e-09 1 0.0771484 10.0207 0.273807 0.234048 5.33678e-05 1.57834e-09 1 
0.06 0.3 0.0753292 8.53178 0.323976 0.297759 4.46489e-05 1.93192e-09 1 0.0753292 8.53178 0.323976 0.169505 2.57673e-05 8.8013e-10 1 
0.06 0.35 0.0754286 7.57318 0.373916 0.226108 2.6527e-05 1.18957e-09 1 0.0754286 7.57318 0.373916 0.113583 1.40096e-05 4.75294e-10 1 
0.06 0.4 0.0768226 6.89821 0.422794 0.178627 1.81593e-05 8.94454e-10 1 0.0768226 6.89821 0.422794 0.0817568 8.17005e-06 3.00683e-10 1 
0.06 0.45 0.0758124 5.9139 0.47303 0.14366 1.25234e-05 6.81262e-10 1 0.0758124 5.9139 0.47303 0.0580807 5.44826e-06 1.95907e-10 1 
0.06 0.5 0.0733204 5.15546 0.524407 0.106286 7.80806e-06 4.41133e-10 1 0.0733204 5.15546 0.524407 0.0399906 3.01501e-06 1.19458e-10 1 
0.06 0.55 0.0748751 4.98935 0.575705 0.0777681 5.15589e-06 2.62914e-10 1 0.0748751 4.98935 0.575705 0.0298666 1.9317e-06 7.43095e-11 1 
0.06 0.6 0.0766623 4.58789 0.625422 0.0592916 3.59506e-06 1.76097e-10 1 0.0766623 4.58789 0.625422 0.0214351 1.27054e-06 5.05514e-11 1 
0.06 0.65 0.0767552 4.55001 0.672822 0.0520569 2.91212e-06 1.62784e-10 1 0.0767552 4.55001 0.672822 0.0149764 8.96476e-07 3.34562e-11 1 
0.06 0.7 0.0735493 3.82634 0.725463 0.0418182 2.1088e-06 1.19108e-10 1 0.0735493 3.82634 0.725463 0.0114135 6.27012e-07 2.44248e-11 1 
0.06 0.75 0.0756255 3.74899 0.797342 0.0296844 7.42527e-07 3.94847e-11 1 0.0756255 3.74899 0.797342 0.00649994 1.7848e-07 5.78796e-12 1 
0.1 0.2 0.11902 17.5857 0.223208 0.527937 0.000451257 1.57387e-08 1 0.11902 17.5857 0.223208 0.304473 0.000267911 6.78653e-09 1 
0.1 0.25 0.117586 15.0813 0.27429 0.40751 0.000217598 8.57447e-09 1 0.117586 15.0813 0.27429 0.246126 0.000140086 4.58246e-09 1 
0.1 0.3 0.11776 13.2921 0.323169 0.310748 0.000118349 5.20497e-09 1 0.11776 13.2921 0.323169 0.134109 5.33748e-05 1.61494e-09 1 
0.1 0.35 0.118207 11.7426 0.373118 0.2371 7.211e-05 3.38108e-09 1 0.118207 11.7426 0.373118 0.102665 3.23237e-05 1.0337e-09 1 
0.1 0.4 0.115975 10.47 0.423348 0.178622 4.52998e-05 2.24319e-09 1 0.115975 10.47 0.423348 0.0643232 1.70592e-05 5.04291e-10 1 
0.1 0.45 0.115971 9.21962 0.471945 0.142473 3.05983e-05 1.67214e-09 1 0.115971 9.21962 0.471945 0.0479191 1.06183e-05 3.9084e-10 1 
0.1 0.5 0.114992 8.02819 0.525132 0.105235 2.0478e-05 1.06757e-09 1 0.114992 8.02819 0.525132 0.0318467 6.03183e-06 2.05346e-10 1 
0.1 0.55 0.115253 7.32879 0.571624 0.0765808 1.3429e-05 6.50267e-10 1 0.115253 7.32879 0.571624 0.0250054 4.46237e-06 1.56889e-10 1 
0.1 0.6 0.119824 6.76177 0.626629 0.0594177 9.28362e-06 4.52724e-10 1 0.119824 6.76177 0.626629 0.0163466 2.5087e-06 9.64688e-11 1 
0.1 0.65 0.117384 7.03734 0.672644 0.048843 7.08444e-06 3.48309e-10 1 0.117384 7.03734 0.672644 0.0131204 2.08387e-06 9.21038e-11 1 
0.1 0.7 0.113539 6.34186 0.721058 0.0382395 4.95593e-06 2.35906e-10 1 0.113539 6.34186 0.721058 0.00704784 1.06002e-06 3.76514e-11 1 
0.1 0.75 0.115964 5.54946 0.794784 0.0279142 1.90855e-06 8.81172e-11 1 0.115964 5.54946 0.794784 0.00533325 3.73229e-07 1.16197e-11 1 
0.14 0.2 0.159718 19.8251 0.22464 0.521822 0.0014856 5.97509e-08 1 0.159718 19.8251 0.22464 0.256984 0.000798535 2.31037e-08 1 
0.14 0.25 0.156324 17.9602 0.270642 0.39047 0.000548033 2.4723e-08 1 0.156324 17.9602 0.270642 0.197202 0.000282382 9.25905e-09 1 
0.14 0.3 0.159333 17.0075 0.319636 0.325812 0.000301055 1.45391e-08 1 0.159333 17.0075 0.319636 0.122612 0.000108894 3.22786e-09 1 
0.14 0.35 0.154999 14.572 0.379932 0.2179 0.000142231 6.55102e-09 1 0.154999 14.572 0.379932 0.0811022 5.43601e-05 1.608e-09 1 
0.14 0.4 0.155539 14.0881 0.425225 0.183461 9.32213e-05 4.80604e-09 1 0.155539 14.0881 0.425225 0.047927 2.62578e-05 8.0851e-10 1 
0.14 0.45 0.157284 12.5867 0.468352 0.140864 6.38586e-05 3.85728e-09 1 0.157284 12.5867 0.468352 0.0401083 1.87918e-05 5.49483e-10 1 
0.14 0.5 0.154738 11.3506 0.523979 0.104819 4.2892e-05 2.10963e-09 1 0.154738 11.3506 0.523979 0.0258625 1.13017e-05 4.08387e-10 1 
0.14 0.55 0.151078 9.99627 0.57732 0.0695153 2.5218e-05 1.15272e-09 1 0.151078 9.99627 0.57732 0.0179463 6.94191e-06 2.48182e-10 1 
0.14 0.6 0.119098 6.41111 0.503665 0.0648305 2.19146e-05 1.21375e-09 1 0.119098 6.41111 0.503665 0.00751371 2.40224e-06 8.11068e-11 1 
0.14 0.65 0.154987 8.77061 0.678449 0.047863 1.66632e-05 7.97356e-10 1 0.154987 8.77061 0.678449 0.0125635 4.64459e-06 1.84145e-10 1 
0.14 0.7 0.115623 5.31397 0.518916 0.039833 1.26706e-05 6.01107e-10 1 0.115623 5.31397 0.518916 0.00661456 2.58068e-06 9.34452e-11 1 
0.14 0.75 0.161353 7.53808 0.816586 0.0234264 3.64377e-06 1.37209e-10 1 0.161353 7.53808 0.816586 0.00322229 6.65098e-07 2.08679e-11 1 
0.18 0.2 0.252126 31.955 0.22378 0.47312 0.000901949 4.38877e-08 1 0.252126 31.955 0.22378 0.281869 0.000617254 2.40679e-08 1 
0.18 0.25 0.265717 31.1037 0.274802 0.353077 0.000326568 1.59488e-08 1 0.265717 31.1037 0.274802 0.173916 0.000169027 6.93703e-09 1 
0.18 0.3 0.236865 25.2465 0.322344 0.268732 0.000163869 9.31606e-09 1 0.236865 25.2465 0.322344 0.106706 6.6808e-05 2.69353e-09 1 
0.18 0.35 0.244032 23.1098 0.374796 0.218262 0.000103117 6.34406e-09 1 0.244032 23.1098 0.374796 0.0889832 4.41784e-05 1.9932e-09 1 
0.18 0.4 0.258957 22.9189 0.424064 0.178881 7.15778e-05 4.90953e-09 1 0.258957 22.9189 0.424064 0.0529835 2.38682e-05 8.99462e-10 1 
0.18 0.45 0.23387 19.6534 0.474806 0.135513 5.11855e-05 3.18864e-09 1 0.23387 19.6534 0.474806 0.0252623 9.76957e-06 3.06361e-10 1 
0.18 0.5 0.25029 19.9633 0.522858 0.1005 3.47515e-05 2.25955e-09 1 0.25029 19.9633 0.522858 0.0256328 8.72895e-06 3.63537e-10 1 
0.18 0.55 0.226833 17.8064 0.578406 0.0684327 2.26751e-05 1.22144e-09 1 0.226833 17.8064 0.578406 0.0131909 5.03724e-06 1.59855e-10 1 
0.18 0.6 0.247769 14.084 0.615614 0.0651941 2.49276e-05 1.63987e-09 1 0.247769 14.084 0.615614 0.00646151 2.29093e-06 1.18493e-10 1 
0.18 0.65 0.204891 12.5469 0.675393 0.0512147 2.23125e-05 1.3444e-09 1 0.204891 12.5469 0.675393 0.00769541 4.09173e-06 1.91122e-10 1 
0.18 0.7 0.24045 17.2448 0.730214 0.0400523 1.72976e-05 1.05692e-09 1 0.24045 17.2448 0.730214 0.00813229 3.29986e-06 2.81915e-10 1 
0.18 0.75 0.256588 18.3631 0.792641 0.0260903 6.15424e-06 3.54064e-10 1 0.256588 18.3631 0.792641 0.00362438 7.9643e-07 4.07566e-11 1 
