0.004 0.1 0.2 0 0 0 0 0 0 0 0 0 0 0 0 0 0 0 0 
0.004 0.1 0.25 0 0 0 0 0 0 0 0 0 0 0 0 0 0 0 0 
0.004 0.1 0.3 0 0 0 0 0 0 0 0 0 0 0 0 0 0 0 0 
0.004 0.1 0.35 0 0 0 0 0 0 0 0 0 0 0 0 0 0 0 0 
0.004 0.1 0.4 0 0 0 0 0 0 0 0 0 0 0 0 0 0 0 0 
0.004 0.1 0.45 0 0 0 0 0 0 0 0 0 0 0 0 0 0 0 0 
0.004 0.1 0.5 0 0 0 0 0 0 0 0 0 0 0 0 0 0 0 0 
0.004 0.1 0.55 0 0 0 0 0 0 0 0 0 0 0 0 0 0 0 0 
0.004 0.1 0.6 0 0 0 0 0 0 0 0 0 0 0 0 0 0 0 0 
0.004 0.1 0.65 0 0 0 0 0 0 0 0 0 0 0 0 0 0 0 0 
0.004 0.1 0.7 0 0 0 0 0 0 0 0 0 0 0 0 0 0 0 0 
0.004 0.1 0.75 0 0 0 0 0 0 0 0 0 0 0 0 0 0 0 0 
0.004 0.15 0.2 0 0 0 0 0 0 0 0 0 0 0 0 0 0 0 0 
0.004 0.15 0.25 0 0 0 0 0 0 0 0 0 0 0 0 0 0 0 0 
0.004 0.15 0.3 0 0 0 0 0 0 0 0 0 0 0 0 0 0 0 0 
0.004 0.15 0.35 0 0 0 0 0 0 0 0 0 0 0 0 0 0 0 0 
0.004 0.15 0.4 0 0 0 0 0 0 0 0 0 0 0 0 0 0 0 0 
0.004 0.15 0.45 0 0 0 0 0 0 0 0 0 0 0 0 0 0 0 0 
0.004 0.15 0.5 0 0 0 0 0 0 0 0 0 0 0 0 0 0 0 0 
0.004 0.15 0.55 0 0 0 0 0 0 0 0 0 0 0 0 0 0 0 0 
0.004 0.15 0.6 0 0 0 0 0 0 0 0 0 0 0 0 0 0 0 0 
0.004 0.15 0.65 0 0 0 0 0 0 0 0 0 0 0 0 0 0 0 0 
0.004 0.15 0.7 0 0 0 0 0 0 0 0 0 0 0 0 0 0 0 0 
0.004 0.15 0.75 0 0 0 0 0 0 0 0 0 0 0 0 0 0 0 0 
0.004 0.2 0.2 0 0 0 0 0 0 0 0 0 0 0 0 0 0 0 0 
0.004 0.2 0.25 0 0 0 0 0 0 0 0 0 0 0 0 0 0 0 0 
0.004 0.2 0.3 0 0 0 0 0 0 0 0 0 0 0 0 0 0 0 0 
0.004 0.2 0.35 0 0 0 0 0 0 0 0 0 0 0 0 0 0 0 0 
0.004 0.2 0.4 0 0 0 0 0 0 0 0 0 0 0 0 0 0 0 0 
0.004 0.2 0.45 0 0 0 0 0 0 0 0 0 0 0 0 0 0 0 0 
0.004 0.2 0.5 0 0 0 0 0 0 0 0 0 0 0 0 0 0 0 0 
0.004 0.2 0.55 0 0 0 0 0 0 0 0 0 0 0 0 0 0 0 0 
0.004 0.2 0.6 0 0 0 0 0 0 0 0 0 0 0 0 0 0 0 0 
0.004 0.2 0.65 0 0 0 0 0 0 0 0 0 0 0 0 0 0 0 0 
0.004 0.2 0.7 0 0 0 0 0 0 0 0 0 0 0 0 0 0 0 0 
0.004 0.2 0.75 0 0 0 0 0 0 0 0 0 0 0 0 0 0 0 0 
0.004 0.3 0.2 0.00865779 0.444772 1.14696 0.222564 2.07626 0.000281147 1.25611e-08 1 0.00865779 0.444772 1.14696 0.222564 1.92044 0.000256972 1.18987e-08 1 
0.004 0.3 0.25 0.00886351 0.434915 1.15 0.272196 1.41348 0.000178063 8.20711e-09 1 0.00886351 0.434915 1.15 0.272196 1.29263 0.000160428 7.74043e-09 1 
0.004 0.3 0.3 0.00879821 0.433061 1.13401 0.323613 0.997805 0.000130249 6.35909e-09 1 0.00879821 0.433061 1.13401 0.323613 0.902266 0.000116329 5.84565e-09 1 
0.004 0.3 0.35 0.00884235 0.433655 1.14349 0.372782 0.699765 9.82413e-05 4.86675e-09 1 0.00884235 0.433655 1.14349 0.372782 0.620816 8.61808e-05 4.22607e-09 1 
0.004 0.3 0.4 0.00878773 0.433586 1.13853 0.423942 0.502131 8.41277e-05 3.74767e-09 1 0.00878773 0.433586 1.13853 0.423942 0.442855 7.38268e-05 3.31128e-09 1 
0.004 0.3 0.45 0.00860856 0.437126 1.11885 0.473061 0.343124 7.74134e-05 2.73523e-09 1 0.00860856 0.437126 1.11885 0.473061 0.307075 6.83313e-05 2.33959e-09 1 
0.004 0.3 0.5 0.0090574 0.411273 1.10196 0.522925 0.247808 9.24388e-05 2.93955e-09 1 0.0090574 0.411273 1.10196 0.522925 0.227445 8.77134e-05 2.70827e-09 1 
0.004 0.3 0.55 0.00951616 0.387331 1.09474 0.573995 0.206587 0.000163344 6.16322e-09 1 0.00951616 0.387331 1.09474 0.573995 0.165108 0.00012591 4.24409e-09 1 
0.004 0.3 0.6 0.00947603 0.37636 1.04668 0.621645 0.132222 0.000254326 7.34597e-09 1 0.00947603 0.37636 1.04668 0.621645 0.106216 0.000183224 5.21194e-09 1 
0.004 0.3 0.65 0.00975427 0.353693 1.03293 0.677727 0.0758813 0.000659353 1.88939e-08 1 0.00975427 0.353693 1.03293 0.677727 0.0899501 0.000897412 2.50706e-08 1 
0.004 0.3 0.7 0 0 0 0 0 0 0 0 0 0 0 0 0 0 0 0 
0.004 0.3 0.75 0 0 0 0 0 0 0 0 0 0 0 0 0 0 0 0 
0.004 0.5 0.2 0.00748821 0.597083 1.32209 0.223033 1.99996 0.000142276 5.93734e-09 1 0.00748821 0.597083 1.32209 0.223033 1.86612 0.00013032 5.529e-09 1 
0.004 0.5 0.25 0.00753034 0.596267 1.32772 0.273333 1.36643 0.000110277 4.44863e-09 1 0.00753034 0.596267 1.32772 0.273333 1.22222 9.772e-05 3.97437e-09 1 
0.004 0.5 0.3 0.007453 0.595687 1.31398 0.324676 0.915271 9.96137e-05 3.25254e-09 1 0.007453 0.595687 1.31398 0.324676 0.823499 8.89636e-05 2.86162e-09 1 
0.004 0.5 0.35 0.00768659 0.567394 1.28967 0.373058 0.627955 0.000129311 3.50313e-09 1 0.00768659 0.567394 1.28967 0.373058 0.536882 0.00010903 2.83156e-09 1 
0.004 0.5 0.4 0.00803672 0.52973 1.25701 0.42667 0.433448 0.000242615 5.5024e-09 1 0.00803672 0.52973 1.25701 0.42667 0.390325 0.000213536 4.95828e-09 1 
0.004 0.5 0.45 0.00779208 0.511821 1.15232 0.471794 0 0 0 0 0.00779208 0.511821 1.15232 0.471794 0 0 0 0 
0.004 0.5 0.5 0 0 0 0 0 0 0 0 0 0 0 0 0 0 0 0 
0.004 0.5 0.55 0 0 0 0 0 0 0 0 0 0 0 0 0 0 0 0 
0.004 0.5 0.6 0 0 0 0 0 0 0 0 0 0 0 0 0 0 0 0 
0.004 0.5 0.65 0 0 0 0 0 0 0 0 0 0 0 0 0 0 0 0 
0.004 0.5 0.7 0 0 0 0 0 0 0 0 0 0 0 0 0 0 0 0 
0.004 0.5 0.75 0 0 0 0 0 0 0 0 0 0 0 0 0 0 0 0 
0.004 0.7 0.2 0 0 0 0 0 0 0 0 0 0 0 0 0 0 0 0 
0.004 0.7 0.25 0 0 0 0 0 0 0 0 0 0 0 0 0 0 0 0 
0.004 0.7 0.3 0 0 0 0 0 0 0 0 0 0 0 0 0 0 0 0 
0.004 0.7 0.35 0 0 0 0 0 0 0 0 0 0 0 0 0 0 0 0 
0.004 0.7 0.4 0 0 0 0 0 0 0 0 0 0 0 0 0 0 0 0 
0.004 0.7 0.45 0 0 0 0 0 0 0 0 0 0 0 0 0 0 0 0 
0.004 0.7 0.5 0 0 0 0 0 0 0 0 0 0 0 0 0 0 0 0 
0.004 0.7 0.55 0 0 0 0 0 0 0 0 0 0 0 0 0 0 0 0 
0.004 0.7 0.6 0 0 0 0 0 0 0 0 0 0 0 0 0 0 0 0 
0.004 0.7 0.65 0 0 0 0 0 0 0 0 0 0 0 0 0 0 0 0 
0.004 0.7 0.7 0 0 0 0 0 0 0 0 0 0 0 0 0 0 0 0 
0.004 0.7 0.75 0 0 0 0 0 0 0 0 0 0 0 0 0 0 0 0 
0.01 0.1 0.2 0 0 0 0 0 0 0 0 0 0 0 0 0 0 0 0 
0.01 0.1 0.25 0 0 0 0 0 0 0 0 0 0 0 0 0 0 0 0 
0.01 0.1 0.3 0 0 0 0 0 0 0 0 0 0 0 0 0 0 0 0 
0.01 0.1 0.35 0 0 0 0 0 0 0 0 0 0 0 0 0 0 0 0 
0.01 0.1 0.4 0 0 0 0 0 0 0 0 0 0 0 0 0 0 0 0 
0.01 0.1 0.45 0 0 0 0 0 0 0 0 0 0 0 0 0 0 0 0 
0.01 0.1 0.5 0 0 0 0 0 0 0 0 0 0 0 0 0 0 0 0 
0.01 0.1 0.55 0 0 0 0 0 0 0 0 0 0 0 0 0 0 0 0 
0.01 0.1 0.6 0 0 0 0 0 0 0 0 0 0 0 0 0 0 0 0 
0.01 0.1 0.65 0 0 0 0 0 0 0 0 0 0 0 0 0 0 0 0 
0.01 0.1 0.7 0 0 0 0 0 0 0 0 0 0 0 0 0 0 0 0 
0.01 0.1 0.75 0 0 0 0 0 0 0 0 0 0 0 0 0 0 0 0 
0.01 0.15 0.2 0 0 0 0 0 0 0 0 0 0 0 0 0 0 0 0 
0.01 0.15 0.25 0 0 0 0 0 0 0 0 0 0 0 0 0 0 0 0 
0.01 0.15 0.3 0 0 0 0 0 0 0 0 0 0 0 0 0 0 0 0 
0.01 0.15 0.35 0 0 0 0 0 0 0 0 0 0 0 0 0 0 0 0 
0.01 0.15 0.4 0.0182938 0.191988 1.0643 0.422332 0.579443 0.000526697 3.1742e-08 1 0.0182938 0.191988 1.0643 0.422332 0.529932 0.000493416 3.96585e-08 1 
0.01 0.15 0.45 0.0188302 0.18564 1.06133 0.473672 0.435207 0.000211351 1.24901e-08 1 0.0188302 0.18564 1.06133 0.473672 0.377775 0.000174426 1.22428e-08 1 
0.01 0.15 0.5 0.0188242 0.188549 1.07564 0.52716 0.321318 0.000157697 9.39533e-09 1 0.0188242 0.188549 1.07564 0.52716 0.275288 0.000128051 9.29837e-09 1 
0.01 0.15 0.55 0.0191208 0.187442 1.08091 0.572674 0.25948 0.000118455 8.57863e-09 1 0.0191208 0.187442 1.08091 0.572674 0.190539 7.94266e-05 5.5331e-09 1 
0.01 0.15 0.6 0.01875 0.187866 1.05959 0.628345 0.191229 7.66872e-05 5.11766e-09 1 0.01875 0.187866 1.05959 0.628345 0.16464 6.51105e-05 6.03035e-09 1 
0.01 0.15 0.65 0.0189574 0.185483 1.03466 0.67049 0.155853 6.54699e-05 5.01682e-09 1 0.0189574 0.185483 1.03466 0.67049 0.124864 4.91101e-05 4.56969e-09 1 
0.01 0.15 0.7 0.0189203 0.182689 1.04574 0.726998 0.128468 5.02527e-05 4.97876e-09 1 0.0189203 0.182689 1.04574 0.726998 0.0975347 3.40139e-05 4.54903e-09 1 
0.01 0.15 0.75 0.0189077 0.187711 1.06775 0.806939 0.0927408 1.59532e-05 2.01587e-09 1 0.0189077 0.187711 1.06775 0.806939 0.064683 1.004e-05 1.2626e-09 1 
0.01 0.2 0.2 0 0 0 0 0 0 0 0 0 0 0 0 0 0 0 0 
0.01 0.2 0.25 0.0153566 0.293883 1.40636 0.273554 0 0 0 0 0.0153566 0.293883 1.40636 0.273554 0 0 0 0 
0.01 0.2 0.3 0.0156121 0.275422 1.28595 0.323501 1.05002 0.00010637 5.42706e-09 1 0.0156121 0.275422 1.28595 0.323501 0.936573 9.51451e-05 4.91625e-09 1 
0.01 0.2 0.35 0.0161207 0.259257 1.24237 0.374449 0.765297 4.8098e-05 2.40459e-09 1 0.0161207 0.259257 1.24237 0.374449 0.666378 4.10168e-05 2.15002e-09 1 
0.01 0.2 0.4 0.0164845 0.25234 1.2346 0.424543 0.571474 3.14334e-05 1.67588e-09 1 0.0164845 0.25234 1.2346 0.424543 0.472632 2.52799e-05 1.39333e-09 1 
0.01 0.2 0.45 0.0162802 0.255674 1.23225 0.473263 0.410061 2.21693e-05 1.20014e-09 1 0.0162802 0.255674 1.23225 0.473263 0.352651 1.86198e-05 1.0888e-09 1 
0.01 0.2 0.5 0.0163937 0.252109 1.2239 0.523157 0.324492 1.77937e-05 1.09663e-09 1 0.0163937 0.252109 1.2239 0.523157 0.263728 1.36973e-05 8.35238e-10 1 
0.01 0.2 0.55 0.0158257 0.259972 1.21776 0.574299 0.249808 1.34475e-05 8.9335e-10 1 0.0158257 0.259972 1.21776 0.574299 0.20192 1.05011e-05 7.18722e-10 1 
0.01 0.2 0.6 0.0168002 0.249183 1.24478 0.623248 0.200771 1.09446e-05 8.00942e-10 1 0.0168002 0.249183 1.24478 0.623248 0.154085 7.96681e-06 5.78102e-10 1 
0.01 0.2 0.65 0.016259 0.24908 1.20495 0.672982 0.149741 8.23296e-06 5.90305e-10 1 0.016259 0.24908 1.20495 0.672982 0.120415 6.50572e-06 4.99287e-10 1 
0.01 0.2 0.7 0.0161751 0.250046 1.19855 0.725384 0.124206 7.32117e-06 6.00267e-10 1 0.0161751 0.250046 1.19855 0.725384 0.100076 6.02861e-06 5.00274e-10 1 
0.01 0.2 0.75 0.0161128 0.251663 1.20134 0.790712 0.0756384 2.44005e-06 2.15133e-10 1 0.0161128 0.251663 1.20134 0.790712 0.0581175 1.72168e-06 1.54761e-10 1 
0.01 0.3 0.2 0.0142331 0.430657 1.83119 0.223505 2.0983 0.000136642 5.68915e-09 1 0.0142331 0.430657 1.83119 0.223505 1.91215 0.000123697 5.11508e-09 1 
0.01 0.3 0.25 0.0140931 0.385259 1.61243 0.273447 1.44307 4.89823e-05 2.09261e-09 1 0.0140931 0.385259 1.61243 0.273447 1.27578 4.2928e-05 1.85375e-09 1 
0.01 0.3 0.3 0.0142125 0.380698 1.60909 0.323572 0.997995 3.33958e-05 1.47129e-09 1 0.0142125 0.380698 1.60909 0.323572 0.881527 2.90936e-05 1.28176e-09 1 
0.01 0.3 0.35 0.0140825 0.382044 1.60058 0.374624 0.743406 2.62477e-05 1.21423e-09 1 0.0140825 0.382044 1.60058 0.374624 0.625051 2.16271e-05 9.73268e-10 1 
0.01 0.3 0.4 0.0141852 0.380315 1.59684 0.422965 0.522748 1.96355e-05 8.68761e-10 1 0.0141852 0.380315 1.59684 0.422965 0.437374 1.63553e-05 7.17928e-10 1 
0.01 0.3 0.45 0.0142297 0.377111 1.5879 0.473886 0.376603 1.66756e-05 6.75395e-10 1 0.0142297 0.377111 1.5879 0.473886 0.321667 1.41395e-05 5.85921e-10 1 
0.01 0.3 0.5 0.0138638 0.365536 1.49589 0.523928 0.283766 1.57222e-05 6.34035e-10 1 0.0138638 0.365536 1.49589 0.523928 0.240461 1.34407e-05 5.33508e-10 1 
0.01 0.3 0.55 0.0143309 0.356727 1.50207 0.57608 0.208659 1.49978e-05 5.86784e-10 1 0.0143309 0.356727 1.50207 0.57608 0.182464 1.34893e-05 5.32493e-10 1 
0.01 0.3 0.6 0.0140189 0.337 1.39255 0.624455 0.160603 1.64398e-05 6.46628e-10 1 0.0140189 0.337 1.39255 0.624455 0.136016 1.3703e-05 5.19084e-10 1 
0.01 0.3 0.65 0.0142148 0.331284 1.38843 0.67544 0.123605 1.94329e-05 7.38986e-10 1 0.0142148 0.331284 1.38843 0.67544 0.0962559 1.42515e-05 5.3198e-10 1 
0.01 0.3 0.7 0.0138113 0.320345 1.30498 0.72877 0.0892342 2.49645e-05 8.95488e-10 1 0.0138113 0.320345 1.30498 0.72877 0.0724156 1.91154e-05 7.91955e-10 1 
0.01 0.3 0.75 0.0150922 0.309972 1.31925 0.826658 0.0532774 8.69526e-05 5.23483e-09 1 0.0150922 0.309972 1.31925 0.826658 0.0587229 9.00145e-05 7.61771e-09 1 
0.01 0.5 0.2 0.0138632 0.581425 2.38777 0.222244 2.08147 0.000177674 6.72154e-09 1 0.0138632 0.581425 2.38777 0.222244 1.8793 0.000159451 5.96774e-09 1 
0.01 0.5 0.25 0.0139239 0.583199 2.41104 0.272832 1.38501 0.000133315 4.79825e-09 1 0.0139239 0.583199 2.41104 0.272832 1.22844 0.000116993 4.06289e-09 1 
0.01 0.5 0.3 0.0141827 0.575597 2.426 0.325142 0.944656 0.000115626 3.41951e-09 1 0.0141827 0.575597 2.426 0.325142 0.82638 0.000102189 2.94998e-09 1 
0.01 0.5 0.35 0.0139311 0.555763 2.29157 0.371098 0.653237 0.00013787 3.3519e-09 1 0.0139311 0.555763 2.29157 0.371098 0.56193 0.000120602 2.77897e-09 1 
0.01 0.5 0.4 0.0137213 0.528487 2.13556 0.425916 0.450933 0.000224573 4.43476e-09 1 0.0137213 0.528487 2.13556 0.425916 0.393365 0.000193096 3.7344e-09 1 
0.01 0.5 0.45 0.0136872 0.507138 2.00562 0.47667 0 0 0 0 0.0136872 0.507138 2.00562 0.47667 0 0 0 0 
0.01 0.5 0.5 0 0 0 0 0 0 0 0 0 0 0 0 0 0 0 0 
0.01 0.5 0.55 0 0 0 0 0 0 0 0 0 0 0 0 0 0 0 0 
0.01 0.5 0.6 0 0 0 0 0 0 0 0 0 0 0 0 0 0 0 0 
0.01 0.5 0.65 0 0 0 0 0 0 0 0 0 0 0 0 0 0 0 0 
0.01 0.5 0.7 0 0 0 0 0 0 0 0 0 0 0 0 0 0 0 0 
0.01 0.5 0.75 0 0 0 0 0 0 0 0 0 0 0 0 0 0 0 0 
0.01 0.7 0.2 0 0 0 0 0 0 0 0 0 0 0 0 0 0 0 0 
0.01 0.7 0.25 0 0 0 0 0 0 0 0 0 0 0 0 0 0 0 0 
0.01 0.7 0.3 0 0 0 0 0 0 0 0 0 0 0 0 0 0 0 0 
0.01 0.7 0.35 0 0 0 0 0 0 0 0 0 0 0 0 0 0 0 0 
0.01 0.7 0.4 0 0 0 0 0 0 0 0 0 0 0 0 0 0 0 0 
0.01 0.7 0.45 0 0 0 0 0 0 0 0 0 0 0 0 0 0 0 0 
0.01 0.7 0.5 0 0 0 0 0 0 0 0 0 0 0 0 0 0 0 0 
0.01 0.7 0.55 0 0 0 0 0 0 0 0 0 0 0 0 0 0 0 0 
0.01 0.7 0.6 0 0 0 0 0 0 0 0 0 0 0 0 0 0 0 0 
0.01 0.7 0.65 0 0 0 0 0 0 0 0 0 0 0 0 0 0 0 0 
0.01 0.7 0.7 0 0 0 0 0 0 0 0 0 0 0 0 0 0 0 0 
0.01 0.7 0.75 0 0 0 0 0 0 0 0 0 0 0 0 0 0 0 0 
0.02 0.1 0.2 0 0 0 0 0 0 0 0 0 0 0 0 0 0 0 0 
0.02 0.1 0.25 0 0 0 0 0 0 0 0 0 0 0 0 0 0 0 0 
0.02 0.1 0.3 0 0 0 0 0 0 0 0 0 0 0 0 0 0 0 0 
0.02 0.1 0.35 0 0 0 0 0 0 0 0 0 0 0 0 0 0 0 0 
0.02 0.1 0.4 0 0 0 0 0 0 0 0 0 0 0 0 0 0 0 0 
0.02 0.1 0.45 0 0 0 0 0 0 0 0 0 0 0 0 0 0 0 0 
0.02 0.1 0.5 0.025269 0.147868 1.16424 0.524653 0 0 0 0 0.025269 0.147868 1.16424 0.524653 0 0 0 0 
0.02 0.1 0.55 0.0261992 0.143088 1.13517 0.576475 0.268655 9.46593e-05 5.46078e-09 1 0.0261992 0.143088 1.13517 0.576475 0.221497 7.25291e-05 5.14338e-09 1 
0.02 0.1 0.6 0.0273398 0.138465 1.1364 0.622282 0.205863 4.01206e-05 2.56315e-09 1 0.0273398 0.138465 1.1364 0.622282 0.160918 3.02598e-05 2.12682e-09 1 
0.02 0.1 0.65 0.026909 0.137744 1.1048 0.675105 0.166688 2.63027e-05 1.65173e-09 1 0.026909 0.137744 1.1048 0.675105 0.132557 1.97957e-05 1.51507e-09 1 
0.02 0.1 0.7 0.0273546 0.137193 1.11666 0.723662 0.132845 1.96262e-05 1.51457e-09 1 0.0273546 0.137193 1.11666 0.723662 0.0955198 1.24807e-05 1.2754e-09 1 
0.02 0.1 0.75 0.0270004 0.13561 1.08936 0.800116 0.091923 5.69511e-06 5.418e-10 1 0.0270004 0.13561 1.08936 0.800116 0.0691553 3.82237e-06 4.23998e-10 1 
0.02 0.15 0.2 0 0 0 0 0 0 0 0 0 0 0 0 0 0 0 0 
0.02 0.15 0.25 0 0 0 0 0 0 0 0 0 0 0 0 0 0 0 0 
0.02 0.15 0.3 0 0 0 0 0 0 0 0 0 0 0 0 0 0 0 0 
0.02 0.15 0.35 0 0 0 0 0 0 0 0 0 0 0 0 0 0 0 0 
0.02 0.15 0.4 0.0246667 0.193063 1.43905 0.424053 0.625593 0.000258497 1.65356e-08 1 0.0246667 0.193063 1.43905 0.424053 0.510227 0.000219085 1.36302e-08 1 
0.02 0.15 0.45 0.0247129 0.183143 1.35079 0.472677 0.446453 5.43084e-05 3.12669e-09 1 0.0247129 0.183143 1.35079 0.472677 0.370767 4.43785e-05 2.67159e-09 1 
0.02 0.15 0.5 0.0245606 0.176647 1.29094 0.523045 0.352049 2.76012e-05 1.71727e-09 1 0.0245606 0.176647 1.29094 0.523045 0.27899 2.15498e-05 1.42558e-09 1 
0.02 0.15 0.55 0.0244491 0.173484 1.26068 0.573267 0.26251 1.87953e-05 1.14274e-09 1 0.0244491 0.173484 1.26068 0.573267 0.212411 1.44453e-05 9.8531e-10 1 
0.02 0.15 0.6 0.0245777 0.175239 1.27405 0.623518 0.201671 1.42698e-05 9.2882e-10 1 0.0245777 0.175239 1.27405 0.623518 0.162851 1.08149e-05 8.00055e-10 1 
0.02 0.15 0.65 0.0250483 0.174464 1.2977 0.675854 0.162988 1.06234e-05 7.76296e-10 1 0.0250483 0.174464 1.2977 0.675854 0.11663 7.02344e-06 5.57612e-10 1 
0.02 0.15 0.7 0.0248754 0.172806 1.277 0.722654 0.136614 8.62962e-06 7.98121e-10 1 0.0248754 0.172806 1.277 0.722654 0.0971919 5.81462e-06 5.75877e-10 1 
0.02 0.15 0.75 0.0244582 0.171305 1.24313 0.796785 0.0867297 2.26955e-06 2.373e-10 1 0.0244582 0.171305 1.24313 0.796785 0.0629411 1.46501e-06 1.80551e-10 1 
0.02 0.2 0.2 0 0 0 0 0 0 0 0 0 0 0 0 0 0 0 0 
0.02 0.2 0.25 0.0244373 0.295069 2.23225 0.278246 0 0 0 0 0.0244373 0.295069 2.23225 0.278246 0 0 0 0 
0.02 0.2 0.3 0.0243048 0.27357 1.99469 0.323386 1.04015 0.000177016 8.47832e-09 1 0.0243048 0.27357 1.99469 0.323386 0.891093 0.000149571 7.18561e-09 1 
0.02 0.2 0.35 0.0243562 0.253815 1.84305 0.373102 0.795596 6.8968e-05 3.40046e-09 1 0.0243562 0.253815 1.84305 0.373102 0.654672 5.56166e-05 2.79376e-09 1 
0.02 0.2 0.4 0.0243343 0.244306 1.77228 0.423865 0.549258 3.58296e-05 1.72073e-09 1 0.0243343 0.244306 1.77228 0.423865 0.466201 2.95609e-05 1.54605e-09 1 
0.02 0.2 0.45 0.0243224 0.240663 1.73922 0.474385 0.417465 2.72226e-05 1.42183e-09 1 0.0243224 0.240663 1.73922 0.474385 0.341779 2.17507e-05 1.16056e-09 1 
0.02 0.2 0.5 0.0245196 0.237575 1.72805 0.525065 0.322296 2.08158e-05 1.20916e-09 1 0.0245196 0.237575 1.72805 0.525065 0.252098 1.57559e-05 9.42571e-10 1 
0.02 0.2 0.55 0.0242966 0.240189 1.73339 0.575102 0.243348 1.56012e-05 9.87408e-10 1 0.0242966 0.240189 1.73339 0.575102 0.197389 1.21713e-05 7.63588e-10 1 
0.02 0.2 0.6 0.0244871 0.243482 1.77161 0.624984 0.18777 1.21427e-05 7.96948e-10 1 0.0244871 0.243482 1.77161 0.624984 0.144356 8.89756e-06 5.65978e-10 1 
0.02 0.2 0.65 0.0242223 0.246381 1.78232 0.672353 0.145727 9.28513e-06 6.71118e-10 1 0.0242223 0.246381 1.78232 0.672353 0.111904 7.06965e-06 4.99131e-10 1 
0.02 0.2 0.7 0.0240948 0.23926 1.70533 0.722099 0.116845 7.77941e-06 5.95549e-10 1 0.0240948 0.23926 1.70533 0.722099 0.091743 6.45456e-06 4.70439e-10 1 
0.02 0.2 0.75 0.0240826 0.238133 1.70481 0.797518 0.0761184 2.66001e-06 2.14692e-10 1 0.0240826 0.238133 1.70481 0.797518 0.0588733 2.03491e-06 1.81572e-10 1 
0.02 0.3 0.2 0.0241829 0.429862 3.10401 0.223596 2.1476 0.000378607 1.48566e-08 1 0.0241829 0.429862 3.10401 0.223596 1.8834 0.000331181 1.24677e-08 1 
0.02 0.3 0.25 0.0244374 0.383705 2.78969 0.273784 1.46337 0.000131573 5.19494e-09 1 0.0244374 0.383705 2.78969 0.273784 1.28024 0.000114759 4.44935e-09 1 
0.02 0.3 0.3 0.0243834 0.380431 2.76137 0.324107 1.03396 9.16879e-05 3.67473e-09 1 0.0243834 0.380431 2.76137 0.324107 0.885581 7.73711e-05 3.04939e-09 1 
0.02 0.3 0.35 0.0240585 0.379584 2.71784 0.374705 0.73654 6.7116e-05 2.67105e-09 1 0.0240585 0.379584 2.71784 0.374705 0.602629 5.38809e-05 2.02689e-09 1 
0.02 0.3 0.4 0.0242197 0.377704 2.71041 0.423941 0.515395 5.02541e-05 1.89292e-09 1 0.0242197 0.377704 2.71041 0.423941 0.436729 4.29311e-05 1.57889e-09 1 
0.02 0.3 0.45 0.0245894 0.381106 2.78859 0.475271 0.368372 4.24906e-05 1.42985e-09 1 0.0245894 0.381106 2.78859 0.475271 0.306379 3.58505e-05 1.09754e-09 1 
0.02 0.3 0.5 0.0240174 0.363297 2.58223 0.522633 0.275281 3.82317e-05 1.18166e-09 1 0.0240174 0.363297 2.58223 0.522633 0.212797 3.05813e-05 8.49998e-10 1 
0.02 0.3 0.55 0.0242657 0.35244 2.53769 0.574564 0.197698 3.69746e-05 1.04768e-09 1 0.0242657 0.35244 2.53769 0.574564 0.158878 3.12118e-05 7.95265e-10 1 
0.02 0.3 0.6 0.0243948 0.340487 2.45684 0.623716 0.145582 3.77129e-05 9.81924e-10 1 0.0243948 0.340487 2.45684 0.623716 0.133338 3.61584e-05 1.0519e-09 1 
0.02 0.3 0.65 0.0238229 0.333996 2.34877 0.675604 0.114411 4.72509e-05 1.23805e-09 1 0.0238229 0.333996 2.34877 0.675604 0.0925473 3.46928e-05 9.46014e-10 1 
0.02 0.3 0.7 0.0234341 0.318638 2.17054 0.724611 0.0858938 6.0764e-05 1.72383e-09 1 0.0234341 0.318638 2.17054 0.724611 0.0713717 4.68633e-05 1.26696e-09 1 
0.02 0.3 0.75 0.0224136 0.313057 1.96505 0.78101 0.0502034 0.000230683 1.15947e-08 1 0.0224136 0.313057 1.96505 0.78101 0.0589854 0.000209101 1.12759e-08 1 
0.02 0.5 0.2 0.0240511 0.585628 4.18895 0.222756 2.07137 0.000522077 1.77324e-08 1 0.0240511 0.585628 4.18895 0.222756 1.84936 0.000463156 1.53424e-08 1 
0.02 0.5 0.25 0.0242439 0.583188 4.19296 0.273342 1.39367 0.000389006 1.26199e-08 1 0.0242439 0.583188 4.19296 0.273342 1.24697 0.000347782 1.10374e-08 1 
0.02 0.5 0.3 0.0241889 0.576943 4.12262 0.323683 0.974102 0.000355075 9.61597e-09 1 0.0241889 0.576943 4.12262 0.323683 0.812504 0.000294857 7.20871e-09 1 
0.02 0.5 0.35 0.0242353 0.559382 3.98543 0.375115 0.631227 0.000376999 7.98802e-09 1 0.0242353 0.559382 3.98543 0.375115 0.5668 0.00035065 7.05472e-09 1 
0.02 0.5 0.4 0.0242791 0.524455 3.76594 0.429619 0.420845 0.000580448 8.52482e-09 1 0.0242791 0.524455 3.76594 0.429619 0.345196 0.000474866 7.42846e-09 1 
0.02 0.5 0.45 0.0246749 0.517695 3.61698 0.475364 0 0 0 0 0.0246749 0.517695 3.61698 0.475364 0 0 0 0 
0.02 0.5 0.5 0 0 0 0 0 0 0 0 0 0 0 0 0 0 0 0 
0.02 0.5 0.55 0 0 0 0 0 0 0 0 0 0 0 0 0 0 0 0 
0.02 0.5 0.6 0 0 0 0 0 0 0 0 0 0 0 0 0 0 0 0 
0.02 0.5 0.65 0 0 0 0 0 0 0 0 0 0 0 0 0 0 0 0 
0.02 0.5 0.7 0 0 0 0 0 0 0 0 0 0 0 0 0 0 0 0 
0.02 0.5 0.75 0 0 0 0 0 0 0 0 0 0 0 0 0 0 0 0 
0.02 0.7 0.2 0 0 0 0 0 0 0 0 0 0 0 0 0 0 0 0 
0.02 0.7 0.25 0 0 0 0 0 0 0 0 0 0 0 0 0 0 0 0 
0.02 0.7 0.3 0 0 0 0 0 0 0 0 0 0 0 0 0 0 0 0 
0.02 0.7 0.35 0 0 0 0 0 0 0 0 0 0 0 0 0 0 0 0 
0.02 0.7 0.4 0 0 0 0 0 0 0 0 0 0 0 0 0 0 0 0 
0.02 0.7 0.45 0 0 0 0 0 0 0 0 0 0 0 0 0 0 0 0 
0.02 0.7 0.5 0 0 0 0 0 0 0 0 0 0 0 0 0 0 0 0 
0.02 0.7 0.55 0 0 0 0 0 0 0 0 0 0 0 0 0 0 0 0 
0.02 0.7 0.6 0 0 0 0 0 0 0 0 0 0 0 0 0 0 0 0 
0.02 0.7 0.65 0 0 0 0 0 0 0 0 0 0 0 0 0 0 0 0 
0.02 0.7 0.7 0 0 0 0 0 0 0 0 0 0 0 0 0 0 0 0 
0.02 0.7 0.75 0 0 0 0 0 0 0 0 0 0 0 0 0 0 0 0 
0.03 0.1 0.2 0 0 0 0 0 0 0 0 0 0 0 0 0 0 0 0 
0.03 0.1 0.25 0 0 0 0 0 0 0 0 0 0 0 0 0 0 0 0 
0.03 0.1 0.3 0 0 0 0 0 0 0 0 0 0 0 0 0 0 0 0 
0.03 0.1 0.35 0 0 0 0 0 0 0 0 0 0 0 0 0 0 0 0 
0.03 0.1 0.4 0 0 0 0 0 0 0 0 0 0 0 0 0 0 0 0 
0.03 0.1 0.45 0 0 0 0 0 0 0 0 0 0 0 0 0 0 0 0 
0.03 0.1 0.5 0.0342685 0.145685 1.56183 0.532288 0 0 0 0 0.0342685 0.145685 1.56183 0.532288 0 0 0 0 
0.03 0.1 0.55 0.0341951 0.142341 1.46692 0.576683 0.277677 0.000104897 6.72688e-09 1 0.0341951 0.142341 1.46692 0.576683 0.199898 7.07269e-05 4.36195e-09 1 
0.03 0.1 0.6 0.0351665 0.134701 1.41318 0.624543 0.213454 3.50722e-05 2.30321e-09 1 0.0351665 0.134701 1.41318 0.624543 0.152601 2.37313e-05 1.57127e-09 1 
0.03 0.1 0.65 0.0350977 0.130576 1.36986 0.676698 0.16805 1.82136e-05 1.14755e-09 1 0.0350977 0.130576 1.36986 0.676698 0.12335 1.21577e-05 8.75198e-10 1 
0.03 0.1 0.7 0.034796 0.126055 1.30576 0.723931 0.135447 1.04399e-05 6.82179e-10 1 0.034796 0.126055 1.30576 0.723931 0.0940774 6.4121e-06 4.99756e-10 1 
0.03 0.1 0.75 0.0347288 0.12396 1.28332 0.796968 0.0994257 2.87806e-06 2.38358e-10 1 0.0347288 0.12396 1.28332 0.796968 0.0674046 1.71672e-06 1.65569e-10 1 
0.03 0.15 0.2 0 0 0 0 0 0 0 0 0 0 0 0 0 0 0 0 
0.03 0.15 0.25 0 0 0 0 0 0 0 0 0 0 0 0 0 0 0 0 
0.03 0.15 0.3 0 0 0 0 0 0 0 0 0 0 0 0 0 0 0 0 
0.03 0.15 0.35 0 0 0 0 0 0 0 0 0 0 0 0 0 0 0 0 
0.03 0.15 0.4 0.0352581 0.191128 2.04957 0.422219 0.601701 0.000467059 2.69585e-08 1 0.0352581 0.191128 2.04957 0.422219 0.453408 0.000348181 2.01397e-08 1 
0.03 0.15 0.45 0.0336761 0.185383 1.86025 0.47322 0.43792 9.97453e-05 5.35643e-09 1 0.0336761 0.185383 1.86025 0.47322 0.349543 7.88252e-05 4.55393e-09 1 
0.03 0.15 0.5 0.0345515 0.176356 1.81738 0.5249 0.306199 4.13417e-05 2.17184e-09 1 0.0345515 0.176356 1.81738 0.5249 0.248874 3.24079e-05 1.87312e-09 1 
0.03 0.15 0.55 0.0348825 0.1722 1.79314 0.572915 0.258503 3.28366e-05 1.923e-09 1 0.0348825 0.1722 1.79314 0.572915 0.19887 2.45959e-05 1.43863e-09 1 
0.03 0.15 0.6 0.0341692 0.169665 1.72608 0.622542 0.203874 2.48857e-05 1.48107e-09 1 0.0341692 0.169665 1.72608 0.622542 0.155229 1.81502e-05 1.26744e-09 1 
0.03 0.15 0.65 0.03436 0.174737 1.78781 0.674561 0.158753 1.801e-05 1.30188e-09 1 0.03436 0.174737 1.78781 0.674561 0.118013 1.29238e-05 9.61477e-10 1 
0.03 0.15 0.7 0.0341266 0.173793 1.76514 0.723587 0.129567 1.41037e-05 1.01209e-09 1 0.0341266 0.173793 1.76514 0.723587 0.0950654 9.74248e-06 8.26324e-10 1 
0.03 0.15 0.75 0.0348898 0.171817 1.77143 0.805111 0.0927235 4.53598e-06 4.30541e-10 1 0.0348898 0.171817 1.77143 0.805111 0.0591557 2.48339e-06 2.60247e-10 1 
0.03 0.2 0.2 0 0 0 0 0 0 0 0 0 0 0 0 0 0 0 0 
0.03 0.2 0.25 0.0327352 0.296373 3.0066 0.275885 0 0 0 0 0.0327352 0.296373 3.0066 0.275885 0 0 0 0 
0.03 0.2 0.3 0.034804 0.27423 2.84845 0.322877 1.10119 0.000377942 1.70489e-08 1 0.034804 0.27423 2.84845 0.322877 0.897344 0.00030229 1.36601e-08 1 
0.03 0.2 0.35 0.0350527 0.254685 2.67185 0.374109 0.761047 0.000124646 5.57156e-09 1 0.0350527 0.254685 2.67185 0.374109 0.616742 9.96438e-05 4.4514e-09 1 
0.03 0.2 0.4 0.034152 0.240497 2.43922 0.425002 0.563566 7.27687e-05 3.33525e-09 1 0.034152 0.240497 2.43922 0.425002 0.450321 5.6895e-05 2.61985e-09 1 
0.03 0.2 0.45 0.0350067 0.239255 2.49208 0.472184 0.412746 5.22209e-05 2.54543e-09 1 0.0350067 0.239255 2.49208 0.472184 0.320871 3.94759e-05 2.00569e-09 1 
0.03 0.2 0.5 0.0345722 0.238114 2.45548 0.524952 0.29992 3.63352e-05 1.92057e-09 1 0.0345722 0.238114 2.45548 0.524952 0.232842 2.74904e-05 1.42333e-09 1 
0.03 0.2 0.55 0.034597 0.245139 2.51103 0.574547 0.22519 2.71042e-05 1.37517e-09 1 0.034597 0.245139 2.51103 0.574547 0.173471 2.03165e-05 1.08893e-09 1 
0.03 0.2 0.6 0.0344963 0.241642 2.46662 0.624121 0.196963 2.50789e-05 1.46505e-09 1 0.0344963 0.241642 2.46662 0.624121 0.141409 1.74062e-05 9.99043e-10 1 
0.03 0.2 0.65 0.0344432 0.238532 2.43183 0.670807 0.140175 1.70781e-05 1.1593e-09 1 0.0344432 0.238532 2.43183 0.670807 0.101715 1.28017e-05 7.18988e-10 1 
0.03 0.2 0.7 0.0343446 0.244036 2.47659 0.728321 0.118762 1.58158e-05 1.11412e-09 1 0.0343446 0.244036 2.47659 0.728321 0.0843535 1.18198e-05 7.68579e-10 1 
0.03 0.2 0.75 0.03412 0.233767 2.37929 0.790669 0.0761169 5.60067e-06 3.81391e-10 1 0.03412 0.233767 2.37929 0.790669 0.0566724 4.17475e-06 3.02592e-10 1 
0.03 0.3 0.2 0.0343992 0.432713 4.43916 0.222239 2.1802 0.000741733 2.86949e-08 1 0.0343992 0.432713 4.43916 0.222239 1.87245 0.000639356 2.40962e-08 1 
0.03 0.3 0.25 0.0347098 0.380603 3.9319 0.273829 1.4453 0.000247764 9.42687e-09 1 0.0347098 0.380603 3.9319 0.273829 1.2467 0.000211515 7.65477e-09 1 
0.03 0.3 0.3 0.0345671 0.381272 3.9128 0.324379 1.03852 0.000178677 6.52625e-09 1 0.0345671 0.381272 3.9128 0.324379 0.857029 0.000144888 5.37517e-09 1 
0.03 0.3 0.35 0.0346274 0.372271 3.81916 0.375055 0.708191 0.000121142 4.5005e-09 1 0.0346274 0.372271 3.81916 0.375055 0.562797 9.50746e-05 3.37043e-09 1 
0.03 0.3 0.4 0.0347666 0.381848 3.94567 0.426243 0.515994 9.74421e-05 3.43097e-09 1 0.0347666 0.381848 3.94567 0.426243 0.409526 7.86156e-05 2.50037e-09 1 
0.03 0.3 0.45 0.0343257 0.369808 3.76815 0.474383 0.377953 8.54935e-05 2.6448e-09 1 0.0343257 0.369808 3.76815 0.474383 0.302269 7.02974e-05 1.91643e-09 1 
0.03 0.3 0.5 0.0337209 0.363029 3.64027 0.52453 0.265954 7.50194e-05 2.11059e-09 1 0.0337209 0.363029 3.64027 0.52453 0.209385 5.89046e-05 1.56721e-09 1 
0.03 0.3 0.55 0.0338085 0.356215 3.54968 0.576532 0.184175 6.85203e-05 1.78136e-09 1 0.0338085 0.356215 3.54968 0.576532 0.154738 6.14012e-05 1.47573e-09 1 
0.03 0.3 0.6 0.0351585 0.334958 3.52825 0.629884 0.149279 7.66403e-05 1.81006e-09 1 0.0351585 0.334958 3.52825 0.629884 0.108743 5.72911e-05 1.14321e-09 1 
0.03 0.3 0.65 0.0345247 0.341035 3.44983 0.684441 0.113856 9.98399e-05 1.67735e-09 1 0.0345247 0.341035 3.44983 0.684441 0.0768698 6.2619e-05 1.20891e-09 1 
0.03 0.3 0.7 0.0326311 0.323145 3.10632 0.72754 0.0764471 0.000110536 1.83409e-09 1 0.0326311 0.323145 3.10632 0.72754 0.0627834 7.78542e-05 1.65203e-09 1 
0.03 0.3 0.75 0.0354475 0.310488 3.0971 0.804253 0.03832 0.000305796 6.62413e-09 1 0.0354475 0.310488 3.0971 0.804253 0.0552953 0.000376839 1.82317e-08 1 
0.03 0.5 0.2 0.0340138 0.578401 5.86766 0.221853 2.24 0.00120516 4.29276e-08 1 0.0340138 0.578401 5.86766 0.221853 1.89527 0.000997604 3.2446e-08 1 
0.03 0.5 0.25 0.0346292 0.583571 6.02485 0.27336 1.47874 0.000867583 2.81681e-08 1 0.0346292 0.583571 6.02485 0.27336 1.22589 0.00071766 2.16471e-08 1 
0.03 0.5 0.3 0.0344022 0.580513 5.89949 0.323178 0.952291 0.000703242 1.81345e-08 1 0.0344022 0.580513 5.89949 0.323178 0.805731 0.000608241 1.51813e-08 1 
0.03 0.5 0.35 0.0332678 0.555411 5.46454 0.370727 0.686539 0.000864022 1.80006e-08 1 0.0332678 0.555411 5.46454 0.370727 0.49002 0.000615045 1.05496e-08 1 
0.03 0.5 0.4 0.0348841 0.533275 5.50691 0.422924 0.40299 0.00121732 1.78668e-08 1 0.0348841 0.533275 5.50691 0.422924 0.378536 0.0011716 1.58729e-08 1 
0.03 0.5 0.45 0.0316682 0.500143 4.6511 0.49779 0 0 0 0 0.0316682 0.500143 4.6511 0.49779 0 0 0 0 
0.03 0.5 0.5 0 0 0 0 0 0 0 0 0 0 0 0 0 0 0 0 
0.03 0.5 0.55 0 0 0 0 0 0 0 0 0 0 0 0 0 0 0 0 
0.03 0.5 0.6 0 0 0 0 0 0 0 0 0 0 0 0 0 0 0 0 
0.03 0.5 0.65 0 0 0 0 0 0 0 0 0 0 0 0 0 0 0 0 
0.03 0.5 0.7 0 0 0 0 0 0 0 0 0 0 0 0 0 0 0 0 
0.03 0.5 0.75 0 0 0 0 0 0 0 0 0 0 0 0 0 0 0 0 
0.03 0.7 0.2 0 0 0 0 0 0 0 0 0 0 0 0 0 0 0 0 
0.03 0.7 0.25 0 0 0 0 0 0 0 0 0 0 0 0 0 0 0 0 
0.03 0.7 0.3 0 0 0 0 0 0 0 0 0 0 0 0 0 0 0 0 
0.03 0.7 0.35 0 0 0 0 0 0 0 0 0 0 0 0 0 0 0 0 
0.03 0.7 0.4 0 0 0 0 0 0 0 0 0 0 0 0 0 0 0 0 
0.03 0.7 0.45 0 0 0 0 0 0 0 0 0 0 0 0 0 0 0 0 
0.03 0.7 0.5 0 0 0 0 0 0 0 0 0 0 0 0 0 0 0 0 
0.03 0.7 0.55 0 0 0 0 0 0 0 0 0 0 0 0 0 0 0 0 
0.03 0.7 0.6 0 0 0 0 0 0 0 0 0 0 0 0 0 0 0 0 
0.03 0.7 0.65 0 0 0 0 0 0 0 0 0 0 0 0 0 0 0 0 
0.03 0.7 0.7 0 0 0 0 0 0 0 0 0 0 0 0 0 0 0 0 
0.03 0.7 0.75 0 0 0 0 0 0 0 0 0 0 0 0 0 0 0 0 
0.04 0.1 0.2 0 0 0 0 0 0 0 0 0 0 0 0 0 0 0 0 
0.04 0.1 0.25 0 0 0 0 0 0 0 0 0 0 0 0 0 0 0 0 
0.04 0.1 0.3 0 0 0 0 0 0 0 0 0 0 0 0 0 0 0 0 
0.04 0.1 0.35 0 0 0 0 0 0 0 0 0 0 0 0 0 0 0 0 
0.04 0.1 0.4 0 0 0 0 0 0 0 0 0 0 0 0 0 0 0 0 
0.04 0.1 0.45 0 0 0 0 0 0 0 0 0 0 0 0 0 0 0 0 
0.04 0.1 0.5 0.0571495 0.149165 2.65023 0.522204 0 0 0 0 0.0571495 0.149165 2.65023 0.522204 0 0 0 0 
0.04 0.1 0.55 0.0473268 0.14347 2.0406 0.573281 0.26466 9.74308e-05 5.16117e-09 1 0.0473268 0.14347 2.0406 0.573281 0.19331 6.96657e-05 4.32216e-09 1 
0.04 0.1 0.6 0.0476642 0.138922 1.97765 0.625597 0.193436 3.10276e-05 1.60883e-09 1 0.0476642 0.138922 1.97765 0.625597 0.138419 2.16721e-05 1.21098e-09 1 
0.04 0.1 0.65 0.047981 0.130495 1.88411 0.675275 0.164687 1.73645e-05 9.58636e-10 1 0.047981 0.130495 1.88411 0.675275 0.117215 1.17266e-05 7.18555e-10 1 
0.04 0.1 0.7 0.0478464 0.127883 1.81605 0.722316 0.135008 1.02397e-05 5.76115e-10 1 0.0478464 0.127883 1.81605 0.722316 0.0944612 6.81112e-06 4.77184e-10 1 
0.04 0.1 0.75 0.0482835 0.122049 1.75344 0.793973 0.0933977 2.53726e-06 1.72562e-10 1 0.0482835 0.122049 1.75344 0.793973 0.0601856 1.38637e-06 1.14046e-10 1 
0.04 0.15 0.2 0 0 0 0 0 0 0 0 0 0 0 0 0 0 0 0 
0.04 0.15 0.25 0 0 0 0 0 0 0 0 0 0 0 0 0 0 0 0 
0.04 0.15 0.3 0 0 0 0 0 0 0 0 0 0 0 0 0 0 0 0 
0.04 0.15 0.35 0 0 0 0 0 0 0 0 0 0 0 0 0 0 0 0 
0.04 0.15 0.4 0.0468875 0.193123 2.74053 0.424216 0.593707 0.000474122 2.55405e-08 1 0.0468875 0.193123 2.74053 0.424216 0.448473 0.000345967 1.87532e-08 1 
0.04 0.15 0.45 0.0491268 0.181377 2.65733 0.474655 0.426976 9.59796e-05 4.80036e-09 1 0.0491268 0.181377 2.65733 0.474655 0.335297 7.51579e-05 3.92657e-09 1 
0.04 0.15 0.5 0.0492414 0.174524 2.57243 0.520869 0.323506 4.37766e-05 2.20918e-09 1 0.0492414 0.174524 2.57243 0.520869 0.24987 3.31765e-05 1.74118e-09 1 
0.04 0.15 0.55 0.0481005 0.174027 2.48405 0.575467 0.253791 3.0938e-05 1.64578e-09 1 0.0481005 0.174027 2.48405 0.575467 0.181859 2.1282e-05 1.14411e-09 1 
0.04 0.15 0.6 0.0477449 0.173803 2.44604 0.627391 0.185879 2.10846e-05 1.13607e-09 1 0.0477449 0.173803 2.44604 0.627391 0.139658 1.54016e-05 9.46042e-10 1 
0.04 0.15 0.65 0.0485682 0.177527 2.5715 0.675389 0.161056 1.87797e-05 1.14185e-09 1 0.0485682 0.177527 2.5715 0.675389 0.102721 1.10601e-05 6.99778e-10 1 
0.04 0.15 0.7 0.0483924 0.17544 2.50577 0.720042 0.123459 1.36915e-05 9.25895e-10 1 0.0483924 0.17544 2.50577 0.720042 0.0860453 9.04066e-06 6.4266e-10 1 
0.04 0.15 0.75 0.04757 0.169825 2.40155 0.798755 0.0848032 4.14337e-06 3.2571e-10 1 0.04757 0.169825 2.40155 0.798755 0.0567679 2.61761e-06 2.26092e-10 1 
0.04 0.2 0.2 0 0 0 0 0 0 0 0 0 0 0 0 0 0 0 0 
0.04 0.2 0.25 0.0485148 0.295282 4.43354 0.268916 0 0 0 0 0.0485148 0.295282 4.43354 0.268916 0 0 0 0 
0.04 0.2 0.3 0.049011 0.271727 4.01556 0.321735 1.09262 0.000370622 1.53046e-08 1 0.049011 0.271727 4.01556 0.321735 0.873401 0.000297338 1.26505e-08 1 
0.04 0.2 0.35 0.0483203 0.250275 3.59934 0.374307 0.769116 0.000128647 5.0005e-09 1 0.0483203 0.250275 3.59934 0.374307 0.615084 0.000101196 4.16799e-09 1 
0.04 0.2 0.4 0.0488991 0.240609 3.50363 0.422918 0.532145 6.60267e-05 2.67368e-09 1 0.0488991 0.240609 3.50363 0.422918 0.442867 5.43838e-05 2.42624e-09 1 
0.04 0.2 0.45 0.0492269 0.239665 3.49547 0.473885 0.407681 5.1052e-05 2.13885e-09 1 0.0492269 0.239665 3.49547 0.473885 0.303337 3.67965e-05 1.59649e-09 1 
0.04 0.2 0.5 0.0478098 0.240782 3.41724 0.522855 0.300379 3.61501e-05 1.6304e-09 1 0.0478098 0.240782 3.41724 0.522855 0.209966 2.44462e-05 1.03639e-09 1 
0.04 0.2 0.55 0.0483223 0.23543 3.40083 0.57214 0.238746 2.94843e-05 1.39498e-09 1 0.0483223 0.23543 3.40083 0.57214 0.166764 2.04206e-05 9.56336e-10 1 
0.04 0.2 0.6 0.0498916 0.243073 3.59707 0.624136 0.185139 2.33392e-05 1.14289e-09 1 0.0498916 0.243073 3.59707 0.624136 0.12518 1.56821e-05 7.13151e-10 1 
0.04 0.2 0.65 0.0474521 0.239184 3.34023 0.672323 0.140195 1.77478e-05 9.25981e-10 1 0.0474521 0.239184 3.34023 0.672323 0.0990908 1.32589e-05 6.20413e-10 1 
0.04 0.2 0.7 0.0494052 0.236027 3.46473 0.727536 0.108769 1.44943e-05 7.22214e-10 1 0.0494052 0.236027 3.46473 0.727536 0.0740187 1.0895e-05 4.93758e-10 1 
0.04 0.2 0.75 0.0503166 0.242549 3.62541 0.790807 0.0730359 5.57758e-06 2.91056e-10 1 0.0503166 0.242549 3.62541 0.790807 0.0485304 3.77752e-06 1.95956e-10 1 
0.04 0.3 0.2 0.0480347 0.428441 6.14051 0.22264 2.19136 0.000784011 2.72988e-08 1 0.0480347 0.428441 6.14051 0.22264 1.79398 0.00064576 2.0364e-08 1 
0.04 0.3 0.25 0.0489873 0.381508 5.55867 0.274363 1.52833 0.000271058 9.55865e-09 1 0.0489873 0.381508 5.55867 0.274363 1.2338 0.000217351 7.45785e-09 1 
0.04 0.3 0.3 0.048039 0.382719 5.45754 0.322654 1.00238 0.00016941 5.92195e-09 1 0.048039 0.382719 5.45754 0.322654 0.827287 0.000137767 4.69997e-09 1 
0.04 0.3 0.35 0.0489105 0.379624 5.49857 0.373818 0.727989 0.000125848 4.23906e-09 1 0.0489105 0.379624 5.49857 0.373818 0.572316 9.80713e-05 3.26351e-09 1 
0.04 0.3 0.4 0.0478738 0.366824 5.21623 0.422871 0.553237 0.000105409 3.52255e-09 1 0.0478738 0.366824 5.21623 0.422871 0.403255 7.79315e-05 2.21595e-09 1 
0.04 0.3 0.45 0.0485745 0.375722 5.42453 0.471478 0.369929 8.20154e-05 2.28737e-09 1 0.0485745 0.375722 5.42453 0.471478 0.297829 6.9067e-05 1.73018e-09 1 
0.04 0.3 0.5 0.0489321 0.357544 5.22505 0.523711 0.262148 7.42914e-05 1.83685e-09 1 0.0489321 0.357544 5.22505 0.523711 0.201542 5.6453e-05 1.23699e-09 1 
0.04 0.3 0.55 0.0489949 0.356716 5.15686 0.571862 0.195455 7.4302e-05 1.63424e-09 1 0.0489949 0.356716 5.15686 0.571862 0.151196 6.00204e-05 1.22812e-09 1 
0.04 0.3 0.6 0.0478453 0.335825 4.68695 0.622718 0.159903 8.85194e-05 1.75906e-09 1 0.0478453 0.335825 4.68695 0.622718 0.101919 5.83953e-05 8.80625e-10 1 
0.04 0.3 0.65 0.0479963 0.327853 4.64779 0.677632 0.111129 9.18561e-05 1.4873e-09 1 0.0479963 0.327853 4.64779 0.677632 0.0836141 6.80204e-05 1.19386e-09 1 
0.04 0.3 0.7 0.0459427 0.316424 4.28215 0.727263 0.0751242 0.000112938 1.83747e-09 1 0.0459427 0.316424 4.28215 0.727263 0.059676 7.98277e-05 1.52457e-09 1 
0.04 0.3 0.75 0.0424383 0.303121 3.6765 0.839981 0.060114 0.000593491 9.30476e-09 1 0.0424383 0.303121 3.6765 0.839981 0.0279329 0.000169638 5.41192e-09 1 
0.04 0.5 0.2 0.048181 0.587186 8.44057 0.22505 2.19105 0.00116846 3.84358e-08 1 0.048181 0.587186 8.44057 0.22505 1.8048 0.000955855 2.83511e-08 1 
0.04 0.5 0.25 0.0501875 0.581002 8.65525 0.272349 1.41451 0.000836625 2.43619e-08 1 0.0501875 0.581002 8.65525 0.272349 1.19711 0.000702651 1.93483e-08 1 
0.04 0.5 0.3 0.0497858 0.57808 8.56968 0.322526 1.00097 0.000770693 1.77231e-08 1 0.0497858 0.57808 8.56968 0.322526 0.786525 0.000626938 1.30195e-08 1 
0.04 0.5 0.35 0.049764 0.557292 8.2588 0.375127 0.66237 0.000893667 1.64753e-08 1 0.049764 0.557292 8.2588 0.375127 0.51447 0.000714883 1.12375e-08 1 
0.04 0.5 0.4 0.0473561 0.534054 7.60014 0.427959 0.394857 0.00121369 1.40024e-08 1 0.0473561 0.534054 7.60014 0.427959 0.355517 0.00114015 1.49808e-08 1 
0.04 0.5 0.45 0.0431949 0.513446 6.18754 0.484098 0 0 0 0 0.0431949 0.513446 6.18754 0.484098 0 0 0 0 
0.04 0.5 0.5 0 0 0 0 0 0 0 0 0 0 0 0 0 0 0 0 
0.04 0.5 0.55 0 0 0 0 0 0 0 0 0 0 0 0 0 0 0 0 
0.04 0.5 0.6 0 0 0 0 0 0 0 0 0 0 0 0 0 0 0 0 
0.04 0.5 0.65 0 0 0 0 0 0 0 0 0 0 0 0 0 0 0 0 
0.04 0.5 0.7 0 0 0 0 0 0 0 0 0 0 0 0 0 0 0 0 
0.04 0.5 0.75 0 0 0 0 0 0 0 0 0 0 0 0 0 0 0 0 
0.04 0.7 0.2 0 0 0 0 0 0 0 0 0 0 0 0 0 0 0 0 
0.04 0.7 0.25 0 0 0 0 0 0 0 0 0 0 0 0 0 0 0 0 
0.04 0.7 0.3 0 0 0 0 0 0 0 0 0 0 0 0 0 0 0 0 
0.04 0.7 0.35 0 0 0 0 0 0 0 0 0 0 0 0 0 0 0 0 
0.04 0.7 0.4 0 0 0 0 0 0 0 0 0 0 0 0 0 0 0 0 
0.04 0.7 0.45 0 0 0 0 0 0 0 0 0 0 0 0 0 0 0 0 
0.04 0.7 0.5 0 0 0 0 0 0 0 0 0 0 0 0 0 0 0 0 
0.04 0.7 0.55 0 0 0 0 0 0 0 0 0 0 0 0 0 0 0 0 
0.04 0.7 0.6 0 0 0 0 0 0 0 0 0 0 0 0 0 0 0 0 
0.04 0.7 0.65 0 0 0 0 0 0 0 0 0 0 0 0 0 0 0 0 
0.04 0.7 0.7 0 0 0 0 0 0 0 0 0 0 0 0 0 0 0 0 
0.04 0.7 0.75 0 0 0 0 0 0 0 0 0 0 0 0 0 0 0 0 
0.06 0.1 0.2 0 0 0 0 0 0 0 0 0 0 0 0 0 0 0 0 
0.06 0.1 0.25 0 0 0 0 0 0 0 0 0 0 0 0 0 0 0 0 
0.06 0.1 0.3 0 0 0 0 0 0 0 0 0 0 0 0 0 0 0 0 
0.06 0.1 0.35 0 0 0 0 0 0 0 0 0 0 0 0 0 0 0 0 
0.06 0.1 0.4 0 0 0 0 0 0 0 0 0 0 0 0 0 0 0 0 
0.06 0.1 0.45 0 0 0 0 0 0 0 0 0 0 0 0 0 0 0 0 
0.06 0.1 0.5 0.0681917 0.148552 3.15675 0.519993 0 0 0 0 0.0681917 0.148552 3.15675 0.519993 0 0 0 0 
0.06 0.1 0.55 0.0755611 0.140575 3.19181 0.573318 0.240365 0.000117849 5.54036e-09 1 0.0755611 0.140575 3.19181 0.573318 0.167676 8.04582e-05 3.60639e-09 1 
0.06 0.1 0.6 0.0763917 0.138182 3.1515 0.626367 0.188739 4.2997e-05 1.97631e-09 1 0.0763917 0.138182 3.1515 0.626367 0.132339 2.93795e-05 1.45113e-09 1 
0.06 0.1 0.65 0.077371 0.134564 3.11802 0.674577 0.151016 2.16268e-05 9.93282e-10 1 0.077371 0.134564 3.11802 0.674577 0.0991977 1.38292e-05 6.62826e-10 1 
0.06 0.1 0.7 0.0753191 0.127456 2.84491 0.727491 0.114415 1.16933e-05 4.86e-10 1 0.0753191 0.127456 2.84491 0.727491 0.0794166 7.64414e-06 3.72669e-10 1 
0.06 0.1 0.75 0.0731664 0.124755 2.71493 0.799054 0.0826636 3.19015e-06 1.52594e-10 1 0.0731664 0.124755 2.71493 0.799054 0.0531341 1.88274e-06 1.10781e-10 1 
0.06 0.15 0.2 0 0 0 0 0 0 0 0 0 0 0 0 0 0 0 0 
0.06 0.15 0.25 0 0 0 0 0 0 0 0 0 0 0 0 0 0 0 0 
0.06 0.15 0.3 0 0 0 0 0 0 0 0 0 0 0 0 0 0 0 0 
0.06 0.15 0.35 0 0 0 0 0 0 0 0 0 0 0 0 0 0 0 0 
0.06 0.15 0.4 0.0778128 0.193433 4.57604 0.425112 0.584498 0.00062788 2.70696e-08 1 0.0778128 0.193433 4.57604 0.425112 0.460271 0.000486178 2.35736e-08 1 
0.06 0.15 0.45 0.073375 0.181154 4.01371 0.473408 0.405345 0.000121162 5.08446e-09 1 0.073375 0.181154 4.01371 0.473408 0.304363 9.08938e-05 3.94165e-09 1 
0.06 0.15 0.5 0.0735335 0.173017 3.78561 0.522255 0.315065 5.57644e-05 2.47377e-09 1 0.0735335 0.173017 3.78561 0.522255 0.208833 3.58101e-05 1.48254e-09 1 
0.06 0.15 0.55 0.0759588 0.172313 3.86304 0.576914 0.23309 3.71458e-05 1.73021e-09 1 0.0759588 0.172313 3.86304 0.576914 0.163022 2.55563e-05 1.12877e-09 1 
0.06 0.15 0.6 0.0776981 0.176307 4.02249 0.626503 0.184138 2.91959e-05 1.29953e-09 1 0.0776981 0.176307 4.02249 0.626503 0.119599 1.81629e-05 8.94968e-10 1 
0.06 0.15 0.65 0.0754593 0.170876 3.83341 0.670186 0.1378 2.02365e-05 9.31004e-10 1 0.0754593 0.170876 3.83341 0.670186 0.0926162 1.36609e-05 7.02438e-10 1 
0.06 0.15 0.7 0.0711405 0.17165 3.6541 0.7271 0.114746 1.63769e-05 8.84647e-10 1 0.0711405 0.17165 3.6541 0.7271 0.0684515 9.45911e-06 5.41008e-10 1 
0.06 0.15 0.75 0.0775087 0.173025 3.9784 0.799683 0.0732565 4.73559e-06 3.00245e-10 1 0.0775087 0.173025 3.9784 0.799683 0.0428182 2.55747e-06 1.6395e-10 1 
0.06 0.2 0.2 0 0 0 0 0 0 0 0 0 0 0 0 0 0 0 0 
0.06 0.2 0.25 0.0798588 0.295957 7.29547 0.276915 0 0 0 0 0.0798588 0.295957 7.29547 0.276915 0 0 0 0 
0.06 0.2 0.3 0.0753775 0.275377 6.23183 0.324226 1.07121 0.000460612 1.75137e-08 1 0.0753775 0.275377 6.23183 0.324226 0.798225 0.000334184 1.29126e-08 1 
0.06 0.2 0.35 0.0741702 0.25517 5.6424 0.374194 0.774462 0.00016499 6.3632e-09 1 0.0741702 0.25517 5.6424 0.374194 0.56614 0.000118877 4.34671e-09 1 
0.06 0.2 0.4 0.076385 0.243403 5.55628 0.42073 0.555253 9.10285e-05 3.46272e-09 1 0.076385 0.243403 5.55628 0.42073 0.393032 6.40905e-05 2.402e-09 1 
0.06 0.2 0.45 0.0759877 0.243572 5.48708 0.474097 0.413133 6.60663e-05 2.77563e-09 1 0.0759877 0.243572 5.48708 0.474097 0.289618 4.5154e-05 1.86909e-09 1 
0.06 0.2 0.5 0.0744891 0.244024 5.41272 0.52562 0.306639 4.7961e-05 2.01803e-09 1 0.0744891 0.244024 5.41272 0.52562 0.204444 3.13851e-05 1.16566e-09 1 
0.06 0.2 0.55 0.0751284 0.242027 5.41011 0.575527 0.231459 3.67235e-05 1.54183e-09 1 0.0751284 0.242027 5.41011 0.575527 0.144827 2.1544e-05 8.04439e-10 1 
0.06 0.2 0.6 0.0745997 0.23688 5.26 0.622627 0.1727 2.75635e-05 1.16717e-09 1 0.0745997 0.23688 5.26 0.622627 0.115803 1.81083e-05 7.03222e-10 1 
0.06 0.2 0.65 0.0803317 0.247417 5.85342 0.676017 0.146561 2.55198e-05 1.07683e-09 1 0.0803317 0.247417 5.85342 0.676017 0.0912831 1.66504e-05 6.17014e-10 1 
0.06 0.2 0.7 0.073219 0.242748 5.26076 0.721133 0.10163 1.8494e-05 7.43886e-10 1 0.073219 0.242748 5.26076 0.721133 0.0610475 1.11968e-05 4.36225e-10 1 
0.06 0.2 0.75 0.0780548 0.234422 5.455 0.7962 0.065694 7.02118e-06 2.50928e-10 1 0.0780548 0.234422 5.455 0.7962 0.0385049 4.26613e-06 1.41132e-10 1 
0.06 0.3 0.2 0.0760442 0.434711 9.85545 0.222464 2.19117 0.00108736 3.55795e-08 1 0.0760442 0.434711 9.85545 0.222464 1.81958 0.000906111 2.78856e-08 1 
0.06 0.3 0.25 0.0769296 0.372915 8.53175 0.27339 1.52649 0.000364474 1.20458e-08 1 0.0769296 0.372915 8.53175 0.27339 1.17371 0.000281614 8.43148e-09 1 
0.06 0.3 0.3 0.0746986 0.383642 8.51542 0.323078 1.07864 0.000248831 8.2802e-09 1 0.0746986 0.383642 8.51542 0.323078 0.786479 0.000177373 5.31334e-09 1 
0.06 0.3 0.35 0.0761364 0.377372 8.59496 0.373929 0.720852 0.000167567 5.06951e-09 1 0.0761364 0.377372 8.59496 0.373929 0.55766 0.000129235 3.88763e-09 1 
0.06 0.3 0.4 0.0780134 0.374121 8.73356 0.424346 0.520772 0.000130754 3.97839e-09 1 0.0780134 0.374121 8.73356 0.424346 0.381504 9.76947e-05 2.61727e-09 1 
0.06 0.3 0.45 0.0775185 0.371097 8.52058 0.470288 0.370988 0.000108684 2.54996e-09 1 0.0775185 0.371097 8.52058 0.470288 0.254885 7.75645e-05 1.63913e-09 1 
0.06 0.3 0.5 0.0702178 0.375178 7.75419 0.526685 0.262864 9.92487e-05 2.08995e-09 1 0.0702178 0.375178 7.75419 0.526685 0.178957 7.50893e-05 1.28316e-09 1 
0.06 0.3 0.55 0.0717125 0.352329 7.4494 0.57476 0.189852 9.32251e-05 1.72226e-09 1 0.0717125 0.352329 7.4494 0.57476 0.132223 6.93596e-05 1.24848e-09 1 
0.06 0.3 0.6 0.0832534 0.334773 8.36757 0.631616 0.138362 9.71946e-05 1.51011e-09 1 0.0832534 0.334773 8.36757 0.631616 0.0902033 6.58352e-05 9.98389e-10 1 
0.06 0.3 0.65 0.0693995 0.33899 7.06802 0.666133 0.10208 0.000115836 1.42652e-09 1 0.0693995 0.33899 7.06802 0.666133 0.0706227 7.61162e-05 1.24965e-09 1 
0.06 0.3 0.7 0.0760897 0.324686 7.2845 0.71787 0.0590681 0.000139762 1.23629e-09 1 0.0760897 0.324686 7.2845 0.71787 0.051177 9.83542e-05 1.21493e-09 1 
0.06 0.3 0.75 0 0 0 0 0.0505208 0.000941656 1.02708e-08 1 0 0 0 0 0.0362746 0.000402485 1.48001e-08 1 
0.06 0.5 0.2 0.0784751 0.586829 13.6946 0.221717 2.30016 0.00151124 4.3603e-08 1 0.0784751 0.586829 13.6946 0.221717 1.84124 0.00119764 3.33547e-08 1 
0.06 0.5 0.25 0.0776836 0.591293 13.6642 0.274826 1.43113 0.000998017 2.68985e-08 1 0.0776836 0.591293 13.6642 0.274826 1.1757 0.000825187 2.21538e-08 1 
0.06 0.5 0.3 0.0778609 0.577007 13.2515 0.327211 1.00609 0.000916465 2.06587e-08 1 0.0778609 0.577007 13.2515 0.327211 0.747493 0.000712922 1.34565e-08 1 
0.06 0.5 0.35 0.0788081 0.563524 13.1646 0.372105 0.707466 0.00115473 2.08879e-08 1 0.0788081 0.563524 13.1646 0.372105 0.495472 0.000824788 1.15878e-08 1 
0.06 0.5 0.4 0.0679033 0.529926 10.675 0.431221 0.40109 0.00156084 1.83648e-08 1 0.0679033 0.529926 10.675 0.431221 0.306308 0.00115933 1.29981e-08 1 
0.06 0.5 0.45 0.0754485 0.51488 11.0948 0.462337 0 0 0 0 0.0754485 0.51488 11.0948 0.462337 0 0 0 0 
0.06 0.5 0.5 0 0 0 0 0 0 0 0 0 0 0 0 0 0 0 0 
0.06 0.5 0.55 0 0 0 0 0 0 0 0 0 0 0 0 0 0 0 0 
0.06 0.5 0.6 0 0 0 0 0 0 0 0 0 0 0 0 0 0 0 0 
0.06 0.5 0.65 0 0 0 0 0 0 0 0 0 0 0 0 0 0 0 0 
0.06 0.5 0.7 0 0 0 0 0 0 0 0 0 0 0 0 0 0 0 0 
0.06 0.5 0.75 0 0 0 0 0 0 0 0 0 0 0 0 0 0 0 0 
0.06 0.7 0.2 0 0 0 0 0 0 0 0 0 0 0 0 0 0 0 0 
0.06 0.7 0.25 0 0 0 0 0 0 0 0 0 0 0 0 0 0 0 0 
0.06 0.7 0.3 0 0 0 0 0 0 0 0 0 0 0 0 0 0 0 0 
0.06 0.7 0.35 0 0 0 0 0 0 0 0 0 0 0 0 0 0 0 0 
0.06 0.7 0.4 0 0 0 0 0 0 0 0 0 0 0 0 0 0 0 0 
0.06 0.7 0.45 0 0 0 0 0 0 0 0 0 0 0 0 0 0 0 0 
0.06 0.7 0.5 0 0 0 0 0 0 0 0 0 0 0 0 0 0 0 0 
0.06 0.7 0.55 0 0 0 0 0 0 0 0 0 0 0 0 0 0 0 0 
0.06 0.7 0.6 0 0 0 0 0 0 0 0 0 0 0 0 0 0 0 0 
0.06 0.7 0.65 0 0 0 0 0 0 0 0 0 0 0 0 0 0 0 0 
0.06 0.7 0.7 0 0 0 0 0 0 0 0 0 0 0 0 0 0 0 0 
0.06 0.7 0.75 0 0 0 0 0 0 0 0 0 0 0 0 0 0 0 0 
0.1 0.1 0.2 0 0 0 0 0 0 0 0 0 0 0 0 0 0 0 0 
0.1 0.1 0.25 0 0 0 0 0 0 0 0 0 0 0 0 0 0 0 0 
0.1 0.1 0.3 0 0 0 0 0 0 0 0 0 0 0 0 0 0 0 0 
0.1 0.1 0.35 0 0 0 0 0 0 0 0 0 0 0 0 0 0 0 0 
0.1 0.1 0.4 0 0 0 0 0 0 0 0 0 0 0 0 0 0 0 0 
0.1 0.1 0.45 0 0 0 0 0 0 0 0 0 0 0 0 0 0 0 0 
0.1 0.1 0.5 0 0 0 0 0 0 0 0 0 0 0 0 0 0 0 0 
0.1 0.1 0.55 0.126044 0.143513 5.48695 0.57701 0.23275 0.000338268 1.36018e-08 1 0.126044 0.143513 5.48695 0.57701 0.110492 0.000149956 4.56613e-09 1 
0.1 0.1 0.6 0.119462 0.135059 4.81535 0.615394 0.172791 0.000110347 4.0288e-09 1 0.119462 0.135059 4.81535 0.615394 0.0942337 6.05373e-05 1.88395e-09 1 
0.1 0.1 0.65 0.115347 0.133867 4.60482 0.668269 0.137992 5.95953e-05 1.84971e-09 1 0.115347 0.133867 4.60482 0.668269 0.0819126 3.35484e-05 1.27577e-09 1 
0.1 0.1 0.7 0.114347 0.124808 4.3097 0.713678 0.112689 3.693e-05 1.17763e-09 1 0.114347 0.124808 4.3097 0.713678 0.0553716 1.73225e-05 4.741e-10 1 
0.1 0.1 0.75 0.115554 0.122695 4.23206 0.777843 0.076071 9.32401e-06 3.26586e-10 1 0.115554 0.122695 4.23206 0.777843 0.0423232 4.89227e-06 2.27811e-10 1 
0.1 0.15 0.2 0 0 0 0 0 0 0 0 0 0 0 0 0 0 0 0 
0.1 0.15 0.25 0 0 0 0 0 0 0 0 0 0 0 0 0 0 0 0 
0.1 0.15 0.3 0 0 0 0 0 0 0 0 0 0 0 0 0 0 0 0 
0.1 0.15 0.35 0 0 0 0 0 0 0 0 0 0 0 0 0 0 0 0 
0.1 0.15 0.4 0.123523 0.193801 7.2311 0.416366 0.604167 0.00165214 6.77321e-08 1 0.123523 0.193801 7.2311 0.416366 0.366635 0.000984106 3.85288e-08 1 
0.1 0.15 0.45 0.114964 0.181052 6.23074 0.470801 0.357898 0.000264371 9.67218e-09 1 0.114964 0.181052 6.23074 0.470801 0.237236 0.000174136 6.43998e-09 1 
0.1 0.15 0.5 0.118864 0.173739 6.10035 0.525379 0.290563 0.000133881 5.21162e-09 1 0.118864 0.173739 6.10035 0.525379 0.196389 9.25082e-05 3.63287e-09 1 
0.1 0.15 0.55 0.115158 0.170372 5.8335 0.571191 0.208663 9.11824e-05 3.39899e-09 1 0.115158 0.170372 5.8335 0.571191 0.150114 6.57105e-05 2.97797e-09 1 
0.1 0.15 0.6 0.11918 0.173036 6.16712 0.63294 0.162977 6.39033e-05 2.37663e-09 1 0.11918 0.173036 6.16712 0.63294 0.0999646 3.82033e-05 1.56866e-09 1 
0.1 0.15 0.65 0.120221 0.175875 6.25678 0.677231 0.124964 4.88258e-05 1.94419e-09 1 0.120221 0.175875 6.25678 0.677231 0.0752811 2.94556e-05 1.29317e-09 1 
0.1 0.15 0.7 0.11317 0.171655 5.89002 0.7244 0.0973984 3.69997e-05 1.63412e-09 1 0.11317 0.171655 5.89002 0.7244 0.0498114 1.79334e-05 6.1941e-10 1 
0.1 0.15 0.75 0.113356 0.170577 5.7341 0.815918 0.0709874 1.32566e-05 6.0629e-10 1 0.113356 0.170577 5.7341 0.815918 0.0329508 6.01482e-06 2.44202e-10 1 
0.1 0.2 0.2 0 0 0 0 0 0 0 0 0 0 0 0 0 0 0 0 
0.1 0.2 0.25 0 0 0 0 0 0 0 0 0 0 0 0 0 0 0 0 
0.1 0.2 0.3 0.121433 0.273796 9.92825 0.324569 1.02964 0.00119747 4.63519e-08 1 0.121433 0.273796 9.92825 0.324569 0.756756 0.000881984 2.90468e-08 1 
0.1 0.2 0.35 0.118027 0.257206 9.05538 0.376406 0.750545 0.000419903 1.49644e-08 1 0.118027 0.257206 9.05538 0.376406 0.523742 0.000291194 1.08151e-08 1 
0.1 0.2 0.4 0.114589 0.254577 8.65023 0.422295 0.548298 0.000233062 8.95853e-09 1 0.114589 0.254577 8.65023 0.422295 0.362423 0.000151828 5.40908e-09 1 
0.1 0.2 0.45 0.115738 0.246015 8.42362 0.474877 0.408656 0.000170127 6.43285e-09 1 0.115738 0.246015 8.42362 0.474877 0.25887 0.000107967 3.93129e-09 1 
0.1 0.2 0.5 0.110226 0.237076 7.73306 0.523841 0.294339 0.000119636 4.79532e-09 1 0.110226 0.237076 7.73306 0.523841 0.179583 7.17301e-05 2.64222e-09 1 
0.1 0.2 0.55 0.113176 0.246709 8.23929 0.569086 0.213252 8.45238e-05 3.30153e-09 1 0.113176 0.246709 8.23929 0.569086 0.126859 4.89017e-05 1.55827e-09 1 
0.1 0.2 0.6 0.121716 0.236939 8.50775 0.627069 0.162998 6.83947e-05 2.68391e-09 1 0.121716 0.236939 8.50775 0.627069 0.0954733 4.03767e-05 1.30305e-09 1 
0.1 0.2 0.65 0.118658 0.230257 8.35577 0.669177 0.124614 5.43497e-05 1.86006e-09 1 0.118658 0.230257 8.35577 0.669177 0.0658597 3.04408e-05 8.65677e-10 1 
0.1 0.2 0.7 0.113573 0.256435 8.62921 0.724411 0.081827 3.38297e-05 1.10801e-09 1 0.113573 0.256435 8.62921 0.724411 0.0485206 2.17707e-05 7.44135e-10 1 
0.1 0.2 0.75 0.121756 0.235375 8.62927 0.800357 0.0511152 1.38392e-05 3.55252e-10 1 0.121756 0.235375 8.62927 0.800357 0.0321936 9.8372e-06 3.02157e-10 1 
0.1 0.3 0.2 0.118666 0.429478 15.2991 0.223904 2.27631 0.00276384 9.2196e-08 1 0.118666 0.429478 15.2991 0.223904 1.75517 0.00210883 6.33299e-08 1 
0.1 0.3 0.25 0.11638 0.377721 13.1293 0.274448 1.51391 0.000908979 2.98949e-08 1 0.11638 0.377721 13.1293 0.274448 1.1317 0.000680129 1.94199e-08 1 
0.1 0.3 0.3 0.116804 0.375325 12.9827 0.323417 1.05807 0.000619657 1.95158e-08 1 0.116804 0.375325 12.9827 0.323417 0.761796 0.00043097 1.24891e-08 1 
0.1 0.3 0.35 0.118135 0.3803 13.3223 0.369547 0.742383 0.000440658 1.31568e-08 1 0.118135 0.3803 13.3223 0.369547 0.510314 0.000305291 8.62036e-09 1 
0.1 0.3 0.4 0.117928 0.380417 13.3069 0.425807 0.528624 0.000325523 8.74471e-09 1 0.117928 0.380417 13.3069 0.425807 0.333198 0.000214574 4.94346e-09 1 
0.1 0.3 0.45 0.117243 0.37834 13.1636 0.468345 0.357996 0.00026454 6.03612e-09 1 0.117243 0.37834 13.1636 0.468345 0.245259 0.000193298 4.25528e-09 1 
0.1 0.3 0.5 0.118501 0.36635 12.7351 0.527745 0.235894 0.000228656 3.68248e-09 1 0.118501 0.36635 12.7351 0.527745 0.159539 0.000172445 2.64473e-09 1 
0.1 0.3 0.55 0.11253 0.334945 11.1941 0.577192 0.183716 0.000274572 3.96107e-09 1 0.11253 0.334945 11.1941 0.577192 0.124751 0.000191829 2.42687e-09 1 
0.1 0.3 0.6 0.118614 0.336166 11.5656 0.624147 0.137589 0.000291711 4.1475e-09 1 0.118614 0.336166 11.5656 0.624147 0.0832901 0.000152853 1.90156e-09 1 
0.1 0.3 0.65 0.110188 0.329615 10.8942 0.680273 0.0696078 0.000231879 1.83836e-09 1 0.110188 0.329615 10.8942 0.680273 0.0533163 0.000148458 2.09862e-09 1 
0.1 0.3 0.7 0.107454 0.326919 10.2721 0.72851 0.0740559 0.000422209 5.28965e-09 1 0.107454 0.326919 10.2721 0.72851 0.0598777 0.000285022 6.52766e-09 1 
0.1 0.3 0.75 0 0 0 0 0 0 0 0 0 0 0 0 0 0 0 0 
0.1 0.5 0.2 0.119488 0.584816 20.6014 0.22229 2.28235 0.00341545 9.98944e-08 1 0.119488 0.584816 20.6014 0.22229 1.88941 0.00282307 7.75904e-08 1 
0.1 0.5 0.25 0.121134 0.578484 20.8231 0.273825 1.60786 0.00261313 7.43239e-08 1 0.121134 0.578484 20.8231 0.273825 1.14787 0.00187156 4.81238e-08 1 
0.1 0.5 0.3 0.115836 0.574022 19.8261 0.319969 1.05186 0.0021823 4.88829e-08 1 0.115836 0.574022 19.8261 0.319969 0.77483 0.00168238 3.39002e-08 1 
0.1 0.5 0.35 0.12005 0.559527 19.8403 0.375129 0.70111 0.00282173 4.1781e-08 1 0.12005 0.559527 19.8403 0.375129 0.496419 0.00213394 2.42027e-08 1 
0.1 0.5 0.4 0.110179 0.533723 17.5718 0.423723 0.450901 0.00452866 4.05487e-08 1 0.110179 0.533723 17.5718 0.423723 0.36711 0.00364521 4.07998e-08 1 
0.1 0.5 0.45 0 0 0 0 0 0 0 0 0 0 0 0 0 0 0 0 
0.1 0.5 0.5 0 0 0 0 0 0 0 0 0 0 0 0 0 0 0 0 
0.1 0.5 0.55 0 0 0 0 0 0 0 0 0 0 0 0 0 0 0 0 
0.1 0.5 0.6 0 0 0 0 0 0 0 0 0 0 0 0 0 0 0 0 
0.1 0.5 0.65 0 0 0 0 0 0 0 0 0 0 0 0 0 0 0 0 
0.1 0.5 0.7 0 0 0 0 0 0 0 0 0 0 0 0 0 0 0 0 
0.1 0.5 0.75 0 0 0 0 0 0 0 0 0 0 0 0 0 0 0 0 
0.1 0.7 0.2 0 0 0 0 0 0 0 0 0 0 0 0 0 0 0 0 
0.1 0.7 0.25 0 0 0 0 0 0 0 0 0 0 0 0 0 0 0 0 
0.1 0.7 0.3 0 0 0 0 0 0 0 0 0 0 0 0 0 0 0 0 
0.1 0.7 0.35 0 0 0 0 0 0 0 0 0 0 0 0 0 0 0 0 
0.1 0.7 0.4 0 0 0 0 0 0 0 0 0 0 0 0 0 0 0 0 
0.1 0.7 0.45 0 0 0 0 0 0 0 0 0 0 0 0 0 0 0 0 
0.1 0.7 0.5 0 0 0 0 0 0 0 0 0 0 0 0 0 0 0 0 
0.1 0.7 0.55 0 0 0 0 0 0 0 0 0 0 0 0 0 0 0 0 
0.1 0.7 0.6 0 0 0 0 0 0 0 0 0 0 0 0 0 0 0 0 
0.1 0.7 0.65 0 0 0 0 0 0 0 0 0 0 0 0 0 0 0 0 
0.1 0.7 0.7 0 0 0 0 0 0 0 0 0 0 0 0 0 0 0 0 
0.1 0.7 0.75 0 0 0 0 0 0 0 0 0 0 0 0 0 0 0 0 
0.14 0.1 0.2 0 0 0 0 0 0 0 0 0 0 0 0 0 0 0 0 
0.14 0.1 0.25 0 0 0 0 0 0 0 0 0 0 0 0 0 0 0 0 
0.14 0.1 0.3 0 0 0 0 0 0 0 0 0 0 0 0 0 0 0 0 
0.14 0.1 0.35 0 0 0 0 0 0 0 0 0 0 0 0 0 0 0 0 
0.14 0.1 0.4 0 0 0 0 0 0 0 0 0 0 0 0 0 0 0 0 
0.14 0.1 0.45 0 0 0 0 0 0 0 0 0 0 0 0 0 0 0 0 
0.14 0.1 0.5 0.140815 0.147582 6.42231 0.546805 0 0 0 0 0.140815 0.147582 6.42231 0.546805 0 0 0 0 
0.14 0.1 0.55 0.166783 0.147831 7.30295 0.58106 0.271982 0.000903832 4.35568e-08 1 0.166783 0.147831 7.30295 0.58106 0.155838 0.000552941 2.19707e-08 1 
0.14 0.1 0.6 0.143408 0.137829 5.8782 0.611187 0.151972 0.000224091 6.43918e-09 1 0.143408 0.137829 5.8782 0.611187 0.0970461 0.000144068 5.27911e-09 1 
0.14 0.1 0.65 0.158035 0.136433 6.50555 0.686965 0.123965 0.000130313 3.62257e-09 1 0.158035 0.136433 6.50555 0.686965 0.0768361 8.7022e-05 2.78325e-09 1 
0.14 0.1 0.7 0.148388 0.130277 5.8188 0.722222 0.0915985 7.7932e-05 1.41822e-09 1 0.148388 0.130277 5.8188 0.722222 0.0565928 4.63148e-05 1.40468e-09 1 
0.14 0.1 0.75 0.153457 0.114589 5.24314 0.79895 0.0657836 2.2098e-05 6.19951e-10 1 0.153457 0.114589 5.24314 0.79895 0.0360158 1.10268e-05 3.33692e-10 1 
0.14 0.15 0.2 0 0 0 0 0 0 0 0 0 0 0 0 0 0 0 0 
0.14 0.15 0.25 0 0 0 0 0 0 0 0 0 0 0 0 0 0 0 0 
0.14 0.15 0.3 0 0 0 0 0 0 0 0 0 0 0 0 0 0 0 0 
0.14 0.15 0.35 0 0 0 0 0 0 0 0 0 0 0 0 0 0 0 0 
0.14 0.15 0.4 0.162727 0.194456 9.4995 0.429185 0.525634 0.0031588 1.07892e-07 1 0.162727 0.194456 9.4995 0.429185 0.357882 0.00227028 8.7522e-08 1 
0.14 0.15 0.45 0.157623 0.184369 8.68487 0.465711 0.352782 0.000604294 2.67472e-08 1 0.157623 0.184369 8.68487 0.465711 0.233853 0.000399494 1.14553e-08 1 
0.14 0.15 0.5 0.15393 0.184738 8.2791 0.532472 0.277223 0.00029681 1.0064e-08 1 0.15393 0.184738 8.2791 0.532472 0.158225 0.000161317 6.08624e-09 1 
0.14 0.15 0.55 0.154076 0.166578 7.67553 0.57855 0.210757 0.000204734 6.68094e-09 1 0.154076 0.166578 7.67553 0.57855 0.126999 0.000120764 4.75776e-09 1 
0.14 0.15 0.6 0 0 0 0 0.128842 0.000114548 3.28525e-09 1 0 0 0 0 0.0843823 7.40992e-05 2.90058e-09 1 
0.14 0.15 0.65 0.153895 0.176988 7.99815 0.67015 0.11861 0.000109634 3.24212e-09 1 0.153895 0.176988 7.99815 0.67015 0.0549723 4.9692e-05 1.4482e-09 1 
0.14 0.15 0.7 0.16998 0.168076 8.6288 0.71697 0.0829033 7.22269e-05 2.23589e-09 1 0.16998 0.168076 8.6288 0.71697 0.0395404 3.2674e-05 1.78677e-09 1 
0.14 0.15 0.75 0.17351 0.168055 9.05972 0.834679 0.0574097 2.21221e-05 7.8576e-10 1 0.17351 0.168055 9.05972 0.834679 0.0259976 9.18994e-06 3.31923e-10 1 
0.14 0.2 0.2 0 0 0 0 0 0 0 0 0 0 0 0 0 0 0 0 
0.14 0.2 0.25 0 0 0 0 0 0 0 0 0 0 0 0 0 0 0 0 
0.14 0.2 0.3 0.160374 0.270563 13.1799 0.325305 1.05824 0.00285183 9.37703e-08 1 0.160374 0.270563 13.1799 0.325305 0.729961 0.00186168 6.45417e-08 1 
0.14 0.2 0.35 0.156768 0.251862 11.7598 0.377195 0.696276 0.000822148 2.78652e-08 1 0.156768 0.251862 11.7598 0.377195 0.485498 0.000570569 2.06944e-08 1 
0.14 0.2 0.4 0.155367 0.234461 10.937 0.419523 0.445005 0.000383449 1.21411e-08 1 0.155367 0.234461 10.937 0.419523 0.363284 0.000324154 1.18813e-08 1 
0.14 0.2 0.45 0.155959 0.238251 10.8921 0.464458 0.365607 0.000327669 1.16216e-08 1 0.155959 0.238251 10.8921 0.464458 0.230905 0.000200353 6.85973e-09 1 
0.14 0.2 0.5 0.15327 0.249903 11.1816 0.519775 0.274027 0.000229045 7.75205e-09 1 0.15327 0.249903 11.1816 0.519775 0.144234 0.000123092 3.37418e-09 1 
0.14 0.2 0.55 0.145191 0.22542 10.002 0.579362 0.229997 0.000203422 7.10476e-09 1 0.145191 0.22542 10.002 0.579362 0.110034 9.71061e-05 3.06083e-09 1 
0.14 0.2 0.6 0.147258 0.212701 9.39755 0.626865 0.171496 0.000141359 5.90053e-09 1 0.147258 0.212701 9.39755 0.626865 0.0726234 6.03993e-05 1.65634e-09 1 
0.14 0.2 0.65 0.152409 0.247729 11.3206 0.677517 0.123218 0.000116053 4.60455e-09 1 0.152409 0.247729 11.3206 0.677517 0.0520837 5.01844e-05 1.16003e-09 1 
0.14 0.2 0.7 0 0 0 0 0.0751313 7.22217e-05 2.0629e-09 1 0 0 0 0 0.0354692 3.50128e-05 9.6976e-10 1 
0.14 0.2 0.75 0.149177 0.248913 11.2338 0.821975 0.0487069 3.41481e-05 6.9759e-10 1 0.149177 0.248913 11.2338 0.821975 0.0283079 1.84699e-05 4.9923e-10 1 
0.14 0.3 0.2 0.159718 0.414679 19.8251 0.22464 2.21677 0.0049892 1.72658e-07 1 0.159718 0.414679 19.8251 0.22464 1.71251 0.00388123 1.20975e-07 1 
0.14 0.3 0.25 0.156324 0.385905 17.9602 0.270642 1.47984 0.00165285 5.53947e-08 1 0.156324 0.385905 17.9602 0.270642 1.02343 0.00113025 3.17682e-08 1 
0.14 0.3 0.3 0.159 0.387848 18.2333 0.317821 1.0457 0.00112044 3.52273e-08 1 0.159 0.387848 18.2333 0.317821 0.760837 0.000817322 2.579e-08 1 
0.14 0.3 0.35 0.153613 0.367607 16.7752 0.382076 0.686623 0.000741185 2.26483e-08 1 0.153613 0.367607 16.7752 0.382076 0.465779 0.000508711 1.42987e-08 1 
0.14 0.3 0.4 0.154828 0.404207 18.6806 0.431948 0.514679 0.00059774 1.99646e-08 1 0.154828 0.404207 18.6806 0.431948 0.273836 0.000334134 6.73317e-09 1 
0.14 0.3 0.45 0.159621 0.388346 18.3334 0.477534 0.332562 0.000471983 9.38195e-09 1 0.159621 0.388346 18.3334 0.477534 0.223251 0.000361551 6.59344e-09 1 
0.14 0.3 0.5 0.160709 0.385339 18.0891 0.519111 0.27496 0.000553309 1.14365e-08 1 0.160709 0.385339 18.0891 0.519111 0.178302 0.000399121 6.75905e-09 1 
0.14 0.3 0.55 0.150456 0.368543 16.7934 0.568727 0.169282 0.000416748 5.61537e-09 1 0.150456 0.368543 16.7934 0.568727 0.111205 0.000282832 4.78334e-09 1 
0.14 0.3 0.6 0.165003 0.325927 16.1072 0.615997 0.144376 0.000524364 8.7691e-09 1 0.165003 0.325927 16.1072 0.615997 0.0499168 0.000200279 2.17964e-09 1 
0.14 0.3 0.65 0.153189 0.323097 14.9614 0.675487 0.0991642 0.000785484 1.10713e-08 1 0.153189 0.323097 14.9614 0.675487 0.0474992 0.000315372 4.17332e-09 1 
0.14 0.3 0.7 0.150526 0.302919 14.1937 0.705443 0.0911751 0.00114596 1.54083e-08 1 0.150526 0.302919 14.1937 0.705443 0.089601 0.00105091 2.61052e-08 1 
0.14 0.3 0.75 0 0 0 0 0 0 0 0 0 0 0 0 0 0 0 0 
0.14 0.5 0.2 0.158365 0.563766 26.3298 0.218581 0 0 0 0 0.158365 0.563766 26.3298 0.218581 0 0 0 0 
0.14 0.5 0.25 0.162081 0.61011 29.5496 0.276007 0 0 0 0 0.162081 0.61011 29.5496 0.276007 0 0 0 0 
0.14 0.5 0.3 0.161691 0.5674 27.4662 0.321106 0 0 0 0 0.161691 0.5674 27.4662 0.321106 0 0 0 0 
0.14 0.5 0.35 0.159854 0.561248 26.516 0.379689 0 0 0 0 0.159854 0.561248 26.516 0.379689 0 0 0 0 
0.14 0.5 0.4 0.171444 0.528215 26.7093 0.417797 0 0 0 0 0.171444 0.528215 26.7093 0.417797 0 0 0 0 
0.14 0.5 0.45 0 0 0 0 0 0 0 0 0 0 0 0 0 0 0 0 
0.14 0.5 0.5 0 0 0 0 0 0 0 0 0 0 0 0 0 0 0 0 
0.14 0.5 0.55 0 0 0 0 0 0 0 0 0 0 0 0 0 0 0 0 
0.14 0.5 0.6 0 0 0 0 0 0 0 0 0 0 0 0 0 0 0 0 
0.14 0.5 0.65 0 0 0 0 0 0 0 0 0 0 0 0 0 0 0 0 
0.14 0.5 0.7 0 0 0 0 0 0 0 0 0 0 0 0 0 0 0 0 
0.14 0.5 0.75 0 0 0 0 0 0 0 0 0 0 0 0 0 0 0 0 
0.14 0.7 0.2 0 0 0 0 0 0 0 0 0 0 0 0 0 0 0 0 
0.14 0.7 0.25 0 0 0 0 0 0 0 0 0 0 0 0 0 0 0 0 
0.14 0.7 0.3 0 0 0 0 0 0 0 0 0 0 0 0 0 0 0 0 
0.14 0.7 0.35 0 0 0 0 0 0 0 0 0 0 0 0 0 0 0 0 
0.14 0.7 0.4 0 0 0 0 0 0 0 0 0 0 0 0 0 0 0 0 
0.14 0.7 0.45 0 0 0 0 0 0 0 0 0 0 0 0 0 0 0 0 
0.14 0.7 0.5 0 0 0 0 0 0 0 0 0 0 0 0 0 0 0 0 
0.14 0.7 0.55 0 0 0 0 0 0 0 0 0 0 0 0 0 0 0 0 
0.14 0.7 0.6 0 0 0 0 0 0 0 0 0 0 0 0 0 0 0 0 
0.14 0.7 0.65 0 0 0 0 0 0 0 0 0 0 0 0 0 0 0 0 
0.14 0.7 0.7 0 0 0 0 0 0 0 0 0 0 0 0 0 0 0 0 
0.14 0.7 0.75 0 0 0 0 0 0 0 0 0 0 0 0 0 0 0 0 
0.18 0.1 0.2 0 0 0 0 0 0 0 0 0 0 0 0 0 0 0 0 
0.18 0.1 0.25 0 0 0 0 0 0 0 0 0 0 0 0 0 0 0 0 
0.18 0.1 0.3 0 0 0 0 0 0 0 0 0 0 0 0 0 0 0 0 
0.18 0.1 0.35 0 0 0 0 0 0 0 0 0 0 0 0 0 0 0 0 
0.18 0.1 0.4 0 0 0 0 0 0 0 0 0 0 0 0 0 0 0 0 
0.18 0.1 0.45 0 0 0 0 0 0 0 0 0 0 0 0 0 0 0 0 
0.18 0.1 0.5 0 0 0 0 0 0 0 0 0 0 0 0 0 0 0 0 
0.18 0.1 0.55 0 0 0 0 0 0 0 0 0 0 0 0 0 0 0 0 
0.18 0.1 0.6 0.180833 0.141933 8.19881 0.647681 0 0 0 0 0.180833 0.141933 8.19881 0.647681 0 0 0 0 
0.18 0.1 0.65 0.209679 0.133499 8.23968 0.668347 0 0 0 0 0.209679 0.133499 8.23968 0.668347 0 0 0 0 
0.18 0.1 0.7 0.242805 0.127966 9.0299 0.71501 0 0 0 0 0.242805 0.127966 9.0299 0.71501 0 0 0 0 
0.18 0.1 0.75 0.236866 0.111717 7.9311 0.76305 0 0 0 0 0.236866 0.111717 7.9311 0.76305 0 0 0 0 
0.18 0.15 0.2 0 0 0 0 0 0 0 0 0 0 0 0 0 0 0 0 
0.18 0.15 0.25 0 0 0 0 0 0 0 0 0 0 0 0 0 0 0 0 
0.18 0.15 0.3 0 0 0 0 0 0 0 0 0 0 0 0 0 0 0 0 
0.18 0.15 0.35 0 0 0 0 0 0 0 0 0 0 0 0 0 0 0 0 
0.18 0.15 0.4 0.202176 0.189989 12.2053 0.448347 0.508999 0.00312899 1.36423e-07 1 0.202176 0.189989 12.2053 0.448347 0.294524 0.00171706 7.36113e-08 1 
0.18 0.15 0.45 0.23064 0.184553 12.9881 0.471841 0.295484 0.00050817 1.82377e-08 1 0.23064 0.184553 12.9881 0.471841 0.193628 0.000327234 1.34679e-08 1 
0.18 0.15 0.5 0.209413 0.183937 11.6282 0.518637 0.266881 0.000308363 1.04061e-08 1 0.209413 0.183937 11.6282 0.518637 0.159759 0.000175951 6.67476e-09 1 
0.18 0.15 0.55 0.262665 0.177807 14.325 0.560932 0.196903 0.000204049 6.72211e-09 1 0.262665 0.177807 14.325 0.560932 0.1213 0.000119285 4.51625e-09 1 
0.18 0.15 0.6 0.257657 0.163322 13.0007 0.61375 0.145087 0.000143303 4.64785e-09 1 0.257657 0.163322 13.0007 0.61375 0.061323 5.60178e-05 1.59179e-09 1 
0.18 0.15 0.65 0.21744 0.172991 11.3896 0.67249 0.118855 0.000126963 4.55541e-09 1 0.21744 0.172991 11.3896 0.67249 0.0585956 5.88697e-05 1.76558e-09 1 
0.18 0.15 0.7 0.215932 0.196422 12.675 0.708416 0.0851644 8.53602e-05 2.60071e-09 1 0.215932 0.196422 12.675 0.708416 0.0460966 4.12036e-05 1.6052e-09 1 
0.18 0.15 0.75 0.215344 0.183301 12.079 0.794604 0.0679289 3.06595e-05 1.14467e-09 1 0.215344 0.183301 12.079 0.794604 0.021414 8.81868e-06 2.86016e-10 1 
0.18 0.2 0.2 0 0 0 0 0 0 0 0 0 0 0 0 0 0 0 0 
0.18 0.2 0.25 0.237877 0.297866 22.3035 0.2845 0 0 0 0 0.237877 0.297866 22.3035 0.2845 0 0 0 0 
0.18 0.2 0.3 0.225181 0.272742 18.4062 0.322358 0.946209 0.00180967 7.69237e-08 1 0.225181 0.272742 18.4062 0.322358 0.660133 0.00124455 4.8297e-08 1 
0.18 0.2 0.35 0.243467 0.255925 18.6916 0.37311 0.661313 0.000617287 2.68094e-08 1 0.243467 0.255925 18.6916 0.37311 0.420872 0.000379748 1.41209e-08 1 
0.18 0.2 0.4 0.258317 0.242222 18.2948 0.427058 0.45275 0.00031857 1.33953e-08 1 0.258317 0.242222 18.2948 0.427058 0.286483 0.0002003 8.04175e-09 1 
0.18 0.2 0.45 0.221321 0.260182 17.3305 0.476401 0.345241 0.000243382 9.55749e-09 1 0.221321 0.260182 17.3305 0.476401 0.180277 0.000116171 4.63045e-09 1 
0.18 0.2 0.5 0.271889 0.246779 20.0695 0.523937 0.248494 0.000176315 6.02388e-09 1 0.271889 0.246779 20.0695 0.523937 0.146932 9.59748e-05 3.3008e-09 1 
0.18 0.2 0.55 0.210562 0.283462 18.2523 0.588077 0.173499 0.000112829 4.7547e-09 1 0.210562 0.283462 18.2523 0.588077 0.0889787 5.91754e-05 2.05832e-09 1 
0.18 0.2 0.6 0.219578 0.230122 14.9038 0.619118 0.162962 0.000116061 5.37047e-09 1 0.219578 0.230122 14.9038 0.619118 0.0688149 4.61756e-05 1.80574e-09 1 
0.18 0.2 0.65 0.198486 0.219468 13.1377 0.676875 0.0989379 7.22189e-05 2.59429e-09 1 0.198486 0.219468 13.1377 0.676875 0.0489415 3.91352e-05 1.79532e-09 1 
0.18 0.2 0.7 0.255595 0.272085 20.0676 0.743679 0.0800521 6.07026e-05 2.03196e-09 1 0.255595 0.272085 20.0676 0.743679 0.0340494 2.98828e-05 8.5391e-10 1 
0.18 0.2 0.75 0.313511 0.273985 27.0362 0.789931 0.038523 1.90505e-05 4.47116e-10 1 0.313511 0.273985 27.0362 0.789931 0.018055 8.28491e-06 1.80463e-10 1 
0.18 0.3 0.2 0.252126 0.426594 31.955 0.22378 2.31666 0.0036147 1.56558e-07 1 0.252126 0.426594 31.955 0.22378 1.63208 0.0025202 1.00651e-07 1 
0.18 0.3 0.25 0.265717 0.394768 31.1037 0.274802 1.45912 0.00114094 4.48498e-08 1 0.265717 0.394768 31.1037 0.274802 1.04607 0.000833245 3.12697e-08 1 
0.18 0.3 0.3 0.241593 0.396173 28.0143 0.322339 1.02366 0.000755866 3.0704e-08 1 0.241593 0.396173 28.0143 0.322339 0.669752 0.000472766 1.83187e-08 1 
0.18 0.3 0.35 0.244426 0.365191 26.1877 0.37597 0.741989 0.000565689 2.30375e-08 1 0.244426 0.365191 26.1877 0.37597 0.445468 0.000331355 1.19082e-08 1 
0.18 0.3 0.4 0.263877 0.393988 31.001 0.417639 0.525243 0.000450232 1.49662e-08 1 0.263877 0.393988 31.001 0.417639 0.307386 0.000283207 7.41965e-09 1 
0.18 0.3 0.45 0.256881 0.376251 28.2991 0.474322 0.31759 0.000320326 8.39376e-09 1 0.256881 0.376251 28.2991 0.474322 0.218412 0.000250074 5.31489e-09 1 
0.18 0.3 0.5 0.243524 0.37856 27.5445 0.524559 0.229443 0.000294291 6.54739e-09 1 0.243524 0.37856 27.5445 0.524559 0.119328 0.000155875 2.56794e-09 1 
0.18 0.3 0.55 0.224898 0.352726 24.1468 0.569934 0.169582 0.000307236 4.60502e-09 1 0.224898 0.352726 24.1468 0.569934 0.107519 0.000220559 3.94418e-09 1 
0.18 0.3 0.6 0.23682 0.335593 23.5732 0.6243 0.119157 0.000378014 3.79258e-09 1 0.23682 0.335593 23.5732 0.6243 0.0717851 0.000222375 3.40597e-09 1 
0.18 0.3 0.65 0.35575 0.308476 33.9351 0.666655 0 0 0 0 0.35575 0.308476 33.9351 0.666655 0 0 0 0 
0.18 0.3 0.7 0.370454 0.302718 34.1372 0.723554 0 0 0 0 0.370454 0.302718 34.1372 0.723554 0 0 0 0 
0.18 0.3 0.75 0 0 0 0 0 0 0 0 0 0 0 0 0 0 0 0 
0.18 0.5 0.2 0.246762 0.564292 41.9436 0.219493 0 0 0 0 0.246762 0.564292 41.9436 0.219493 0 0 0 0 
0.18 0.5 0.25 0.223715 0.575 38.0605 0.270545 0 0 0 0 0.223715 0.575 38.0605 0.270545 0 0 0 0 
0.18 0.5 0.3 0.24527 0.614002 43.7992 0.331634 0 0 0 0 0.24527 0.614002 43.7992 0.331634 0 0 0 0 
0.18 0.5 0.35 0.238376 0.57383 40.4477 0.377926 0 0 0 0 0.238376 0.57383 40.4477 0.377926 0 0 0 0 
0.18 0.5 0.4 0.205238 0.516852 30.3288 0.441922 0 0 0 0 0.205238 0.516852 30.3288 0.441922 0 0 0 0 
0.18 0.5 0.45 0 0 0 0 0 0 0 0 0 0 0 0 0 0 0 0 
0.18 0.5 0.5 0 0 0 0 0 0 0 0 0 0 0 0 0 0 0 0 
0.18 0.5 0.55 0 0 0 0 0 0 0 0 0 0 0 0 0 0 0 0 
0.18 0.5 0.6 0 0 0 0 0 0 0 0 0 0 0 0 0 0 0 0 
0.18 0.5 0.65 0 0 0 0 0 0 0 0 0 0 0 0 0 0 0 0 
0.18 0.5 0.7 0 0 0 0 0 0 0 0 0 0 0 0 0 0 0 0 
0.18 0.5 0.75 0 0 0 0 0 0 0 0 0 0 0 0 0 0 0 0 
0.18 0.7 0.2 0 0 0 0 0 0 0 0 0 0 0 0 0 0 0 0 
0.18 0.7 0.25 0 0 0 0 0 0 0 0 0 0 0 0 0 0 0 0 
0.18 0.7 0.3 0 0 0 0 0 0 0 0 0 0 0 0 0 0 0 0 
0.18 0.7 0.35 0 0 0 0 0 0 0 0 0 0 0 0 0 0 0 0 
0.18 0.7 0.4 0 0 0 0 0 0 0 0 0 0 0 0 0 0 0 0 
0.18 0.7 0.45 0 0 0 0 0 0 0 0 0 0 0 0 0 0 0 0 
0.18 0.7 0.5 0 0 0 0 0 0 0 0 0 0 0 0 0 0 0 0 
0.18 0.7 0.55 0 0 0 0 0 0 0 0 0 0 0 0 0 0 0 0 
0.18 0.7 0.6 0 0 0 0 0 0 0 0 0 0 0 0 0 0 0 0 
0.18 0.7 0.65 0 0 0 0 0 0 0 0 0 0 0 0 0 0 0 0 
0.18 0.7 0.7 0 0 0 0 0 0 0 0 0 0 0 0 0 0 0 0 
0.18 0.7 0.75 0 0 0 0 0 0 0 0 0 0 0 0 0 0 0 0 
