0.004 0.1 0.2 0 0 0 0 0 0 0 0 0 0 
0.004 0.1 0.25 0 0 0 0 0 0 0 0 0 0 
0.004 0.1 0.3 0 0 0 0 0 0 0 0 0 0 
0.004 0.1 0.35 0 0 0 0 0 0 0 0 0 0 
0.004 0.1 0.4 0 0 0 0 0 0 0 0 0 0 
0.004 0.1 0.45 0 0 0 0 0 0 0 0 0 0 
0.004 0.1 0.5 0 0 0 0 0 0 0 0 0 0 
0.004 0.1 0.55 0 0 0 0 0 0 0 0 0 0 
0.004 0.1 0.6 0 0 0 0 0 0 0 0 0 0 
0.004 0.1 0.65 0 0 0 0 0 0 0 0 0 0 
0.004 0.1 0.7 0 0 0 0 0 0 0 0 0 0 
0.004 0.1 0.75 0 0 0 0 0 0 0 0 0 0 
0.004 0.15 0.2 0 0 0 0 0 0 0 0 0 0 
0.004 0.15 0.25 0 0 0 0 0 0 0 0 0 0 
0.004 0.15 0.3 0 0 0 0 0 0 0 0 0 0 
0.004 0.15 0.35 0 0 0 0 0 0 0 0 0 0 
0.004 0.15 0.4 0 0 0 0 0 0 0 0 0 0 
0.004 0.15 0.45 0 0 0 0 0 0 0 0 0 0 
0.004 0.15 0.5 0 0 0 0 0 0 0 0 0 0 
0.004 0.15 0.55 0 0 0 0 0 0 0 0 0 0 
0.004 0.15 0.6 0 0 0 0 0 0 0 0 0 0 
0.004 0.15 0.65 0 0 0 0 0 0 0 0 0 0 
0.004 0.15 0.7 0 0 0 0 0 0 0 0 0 0 
0.004 0.15 0.75 0 0 0 0 0 0 0 0 0 0 
0.004 0.2 0.2 0 0 0 0 0 0 0 0 0 0 
0.004 0.2 0.25 0 0 0 0 0 0 0 0 0 0 
0.004 0.2 0.3 0 0 0 0 0 0 0 0 0 0 
0.004 0.2 0.35 0 0 0 0 0 0 0 0 0 0 
0.004 0.2 0.4 0 0 0 0 0 0 0 0 0 0 
0.004 0.2 0.45 0 0 0 0 0 0 0 0 0 0 
0.004 0.2 0.5 0 0 0 0 0 0 0 0 0 0 
0.004 0.2 0.55 0 0 0 0 0 0 0 0 0 0 
0.004 0.2 0.6 0 0 0 0 0 0 0 0 0 0 
0.004 0.2 0.65 0 0 0 0 0 0 0 0 0 0 
0.004 0.2 0.7 0 0 0 0 0 0 0 0 0 0 
0.004 0.2 0.75 0 0 0 0 0 0 0 0 0 0 
0.004 0.3 0.2 21776 226073 0.810247 1.09713 1.01769 19569 226073 0.809484 1.09713 1.01873 
0.004 0.3 0.25 16803 252713 0.791765 1.1025 1.01145 14689 252713 0.782704 1.1025 1.00832 
0.004 0.3 0.3 12069 252713 0.770464 1.11129 1.00208 10183 252713 0.767413 1.11129 1.00208 
0.004 0.3 0.35 8671 252713 0.758801 1.09839 0.986472 7146 252713 0.744277 1.09839 0.988554 
0.004 0.3 0.4 6409 252713 0.743737 1.11956 0.977107 5294 252713 0.742754 1.11956 0.976067 
0.004 0.3 0.45 4589 241328 0.731135 1.11922 0.956296 3690 241328 0.727787 1.11922 0.956296 
0.004 0.3 0.5 2447 161070 0.745888 1.11691 0.929167 1926 161070 0.733562 1.11691 0.936458 
0.004 0.3 0.55 1056 86786 0.726687 1.1237 0.922836 819 86786 0.732062 1.1237 0.911366 
0.004 0.3 0.6 357 36998 0.745051 1.08297 0.837161 249 36998 0.726335 1.08297 0.843424 
0.004 0.3 0.65 60 8828 0.748171 1.18454 0.872117 63 8828 0.713211 1.18454 0.805031 
0.004 0.3 0.7 0 2 0 0.766243 0 0 2 0 0.766243 0 
0.004 0.3 0.75 0 0 0 0 0 0 0 0 0 0 
0.004 0.5 0.2 41646 488324 0.769393 1.14404 1.01658 37938 488324 0.762702 1.14404 1.01658 
0.004 0.5 0.25 28786 488324 0.746311 1.15828 1.00829 24826 488324 0.740581 1.15828 1.00829 
0.004 0.5 0.3 19969 482411 0.726482 1.16841 1.00104 17123 482411 0.719362 1.16841 1 
0.004 0.5 0.35 9781 317727 0.722523 1.15747 0.988601 7997 317727 0.714313 1.15747 0.986528 
0.004 0.5 0.4 3383 144116 0.719697 1.17756 0.978238 2826 144116 0.712555 1.17756 0.978238 
0.004 0.5 0.45 365 20758 0.733781 1.18906 0 276 20758 0.719236 1.18906 0 
0.004 0.5 0.5 0 5 0 0 0 0 5 0 0 0 
0.004 0.5 0.55 0 0 0 0 0 0 0 0 0 0 
0.004 0.5 0.6 0 0 0 0 0 0 0 0 0 0 
0.004 0.5 0.65 0 0 0 0 0 0 0 0 0 0 
0.004 0.5 0.7 0 0 0 0 0 0 0 0 0 0 
0.004 0.5 0.75 0 0 0 0 0 0 0 0 0 0 
0.004 0.7 0.2 0 0 0 1.33852 0 0 0 0 1.33852 0 
0.004 0.7 0.25 0 0 0 1.34327 0 0 0 0 1.34327 0 
0.004 0.7 0.3 0 0 0 1.39926 0 0 0 0 1.39926 0 
0.004 0.7 0.35 0 0 0 0 0 0 0 0 0 0 
0.004 0.7 0.4 0 0 0 0 0 0 0 0 0 0 
0.004 0.7 0.45 0 0 0 0 0 0 0 0 0 0 
0.004 0.7 0.5 0 0 0 0 0 0 0 0 0 0 
0.004 0.7 0.55 0 0 0 0 0 0 0 0 0 0 
0.004 0.7 0.6 0 0 0 0 0 0 0 0 0 0 
0.004 0.7 0.65 0 0 0 0 0 0 0 0 0 0 
0.004 0.7 0.7 0 0 0 0 0 0 0 0 0 0 
0.004 0.7 0.75 0 0 0 0 0 0 0 0 0 0 
0.01 0.1 0.2 0 0 0 0 0 0 0 0 0 0 
0.01 0.1 0.25 0 0 0 0 0 0 0 0 0 0 
0.01 0.1 0.3 0 0 0 0 0 0 0 0 0 0 
0.01 0.1 0.35 0 0 0 0 0 0 0 0 0 0 
0.01 0.1 0.4 0 0 0 0 0 0 0 0 0 0 
0.01 0.1 0.45 0 0 0 0 0 0 0 0 0 0 
0.01 0.1 0.5 0 0 0 0 0 0 0 0 0 0 
0.01 0.1 0.55 0 0 0 0 0 0 0 0 0 0 
0.01 0.1 0.6 0 0 0 0 0 0 0 0 0 0 
0.01 0.1 0.65 0 0 0 0 0 0 0 0 0 0 
0.01 0.1 0.7 0 0 0 0 0 0 0 0 0 0 
0.01 0.1 0.75 0 0 0 0 0 0 0 0 0 0 
0.01 0.15 0.2 0 0 0 0 0 0 0 0 0 0 
0.01 0.15 0.25 0 0 0 0 0 0 0 0 0 0 
0.01 0.15 0.3 0 0 0 0 0 0 0 0 0 0 
0.01 0.15 0.35 0 20 0 1.05233 0 0 20 0 1.05233 0 
0.01 0.15 0.4 1027 31055 0.827134 1.02446 0.987448 812 31055 0.835311 1.02446 0.982218 
0.01 0.15 0.45 1529 59319 0.825916 1.05611 0.98531 1160 59319 0.81387 1.05611 0.96957 
0.01 0.15 0.5 1161 59342 0.814797 1.08011 0.963274 874 59342 0.799765 1.08011 0.942288 
0.01 0.15 0.55 932 59342 0.806638 1.06348 0.906611 645 59342 0.815382 1.06348 0.86149 
0.01 0.15 0.6 759 59342 0.809895 1.04926 0.839454 587 59342 0.827383 1.04926 0.841553 
0.01 0.15 0.65 620 59342 0.793726 1.09004 0.838405 431 59342 0.804603 1.09004 0.759706 
0.01 0.15 0.7 463 59342 0.799702 1.0759 0.757608 362 59342 0.753762 1.0759 0.729276 
0.01 0.15 0.75 752 59342 0.654595 1.11391 0.653725 526 59342 0.71884 1.11391 0.565582 
0.01 0.2 0.2 0 0 0 0.30623 0 0 0 0 0.30623 0 
0.01 0.2 0.25 1328 15846 0.823465 1.03792 0 1136 15846 0.838846 1.03792 0 
0.01 0.2 0.3 15748 284947 0.821777 1.0608 1.00415 12856 284947 0.819666 1.0608 1.00311 
0.01 0.2 0.35 19400 469510 0.818327 1.06631 1 15441 469510 0.820109 1.06631 0.996885 
0.01 0.2 0.4 16966 533360 0.816302 1.06781 0.982347 12884 533360 0.811179 1.06781 0.98027 
0.01 0.2 0.45 12621 533633 0.807399 1.05745 0.974039 9685 533633 0.804367 1.05745 0.964694 
0.01 0.2 0.5 9807 533633 0.80405 1.07957 0.953271 7317 533633 0.804582 1.07957 0.939772 
0.01 0.2 0.55 7796 533633 0.794344 1.09236 0.92108 5641 533633 0.789912 1.09236 0.909657 
0.01 0.2 0.6 6105 533633 0.794269 1.08273 0.909657 4358 533633 0.776532 1.08273 0.863967 
0.01 0.2 0.65 4733 533633 0.783225 1.05941 0.863967 3434 533633 0.78505 1.05941 0.839045 
0.01 0.2 0.7 3925 533631 0.770452 1.11375 0.8027 2905 533631 0.756862 1.11375 0.754933 
0.01 0.2 0.75 5441 496936 0.686202 1.07387 0.686397 4167 496936 0.732038 1.07387 0.630322 
0.01 0.3 0.2 45069 446496 0.813973 1.07575 1.01127 39731 446496 0.811405 1.07575 1.01025 
0.01 0.3 0.25 62792 880122 0.806594 1.07273 1.00822 53126 880122 0.803772 1.07273 1.00719 
0.01 0.3 0.3 46391 918688 0.792853 1.07864 1.00103 38373 918688 0.790322 1.07864 1.00308 
0.01 0.3 0.35 34187 918688 0.779016 1.09602 0.995889 27211 918688 0.772 1.09602 0.993834 
0.01 0.3 0.4 25223 918687 0.771065 1.08406 0.987667 19532 918687 0.767038 1.08406 0.983556 
0.01 0.3 0.45 18556 905930 0.75991 1.09219 0.976337 14336 905930 0.755485 1.09219 0.973251 
0.01 0.3 0.5 12759 793381 0.760651 1.09701 0.959835 9629 793381 0.756753 1.09701 0.953656 
0.01 0.3 0.55 8292 654202 0.756185 1.08744 0.925773 6240 654202 0.753414 1.08744 0.931959 
0.01 0.3 0.6 5202 513675 0.762528 1.0852 0.905057 3823 513675 0.752515 1.0852 0.887513 
0.01 0.3 0.65 2965 371820 0.748124 1.11265 0.863636 2147 371820 0.749032 1.11265 0.839876 
0.01 0.3 0.7 1507 230222 0.769085 1.13786 0.797311 1102 230222 0.739487 1.13786 0.752844 
0.01 0.3 0.75 168 16514 0.79833 1.15117 0.644261 130 16514 0.692889 1.15117 0.705274 
0.01 0.5 0.2 35034 378498 0.771749 1.10349 1.00815 30729 378498 0.76559 1.10349 1.00815 
0.01 0.5 0.25 23525 378498 0.74587 1.11928 1.00509 20223 378498 0.738585 1.11928 1.00407 
0.01 0.5 0.3 16688 375703 0.731593 1.1056 1.00102 13838 375703 0.725133 1.1056 1.00102 
0.01 0.5 0.35 9193 281225 0.718893 1.11844 0.996942 7244 281225 0.717244 1.11844 0.996942 
0.01 0.5 0.4 3640 150089 0.723449 1.11893 0.992857 2955 150089 0.712811 1.11893 0.990816 
0.01 0.5 0.45 471 26390 0.733664 1.13777 0 364 26390 0.720971 1.13777 0 
0.01 0.5 0.5 0 12 0 0 0 0 12 0 0 0 
0.01 0.5 0.55 0 0 0 0 0 0 0 0 0 0 
0.01 0.5 0.6 0 0 0 0 0 0 0 0 0 0 
0.01 0.5 0.65 0 0 0 0 0 0 0 0 0 0 
0.01 0.5 0.7 0 0 0 0 0 0 0 0 0 0 
0.01 0.5 0.75 0 0 0 0 0 0 0 0 0 0 
0.01 0.7 0.2 0 0 0 1.19298 0 0 0 0 1.19298 0 
0.01 0.7 0.25 0 0 0 1.21355 0 0 0 0 1.21355 0 
0.01 0.7 0.3 0 0 0 1.24611 0 0 0 0 1.24611 0 
0.01 0.7 0.35 0 0 0 0 0 0 0 0 0 0 
0.01 0.7 0.4 0 0 0 0 0 0 0 0 0 0 
0.01 0.7 0.45 0 0 0 0 0 0 0 0 0 0 
0.01 0.7 0.5 0 0 0 0 0 0 0 0 0 0 
0.01 0.7 0.55 0 0 0 0 0 0 0 0 0 0 
0.01 0.7 0.6 0 0 0 0 0 0 0 0 0 0 
0.01 0.7 0.65 0 0 0 0 0 0 0 0 0 0 
0.01 0.7 0.7 0 0 0 0 0 0 0 0 0 0 
0.01 0.7 0.75 0 0 0 0 0 0 0 0 0 0 
0.02 0.1 0.2 0 0 0 0 0 0 0 0 0 0 
0.02 0.1 0.25 0 0 0 0 0 0 0 0 0 0 
0.02 0.1 0.3 0 0 0 0 0 0 0 0 0 0 
0.02 0.1 0.35 0 0 0 0 0 0 0 0 0 0 
0.02 0.1 0.4 0 0 0 0 0 0 0 0 0 0 
0.02 0.1 0.45 0 1 0 0 0 0 1 0 0 0 
0.02 0.1 0.5 204 9219 0.87764 1.0317 0 157 9219 0.762521 1.0317 0 
0.02 0.1 0.55 1323 78037 0.812998 1.02029 0.925498 929 78037 0.820036 1.02029 0.868835 
0.02 0.1 0.6 1726 132602 0.819567 1.03505 0.881303 1161 132602 0.798838 1.03505 0.878151 
0.02 0.1 0.65 1689 157172 0.8233 1.06186 0.842271 1174 157172 0.833437 1.06186 0.798107 
0.02 0.1 0.7 1440 160322 0.797287 1.03937 0.816176 970 160322 0.799232 1.03937 0.728992 
0.02 0.1 0.75 2136 160322 0.58258 1.02448 0.692227 1548 160322 0.756141 1.02448 0.641807 
0.02 0.15 0.2 0 0 0 0 0 0 0 0 0 0 
0.02 0.15 0.25 0 0 0 0 0 0 0 0 0 0 
0.02 0.15 0.3 0 0 0 0 0 0 0 0 0 0 
0.02 0.15 0.35 0 21 0 0.995946 0 1 21 0.679351 0.995946 0 
0.02 0.15 0.4 2469 69731 0.82406 1.05849 0.984472 1761 69731 0.823459 1.05849 0.988613 
0.02 0.15 0.45 6172 235956 0.836274 1.04855 0.978216 4555 235956 0.818946 1.04855 0.96888 
0.02 0.15 0.5 7489 364006 0.829218 1.05562 0.952133 5287 364006 0.834012 1.05562 0.94693 
0.02 0.15 0.55 6208 386153 0.826766 1.0617 0.932362 4358 386153 0.815306 1.0617 0.913632 
0.02 0.15 0.6 4761 386163 0.826368 1.08075 0.900104 3401 386163 0.811369 1.08075 0.867846 
0.02 0.15 0.65 3930 386163 0.810662 1.04259 0.866805 2628 386163 0.810618 1.04259 0.832466 
0.02 0.15 0.7 3252 386163 0.819827 1.06221 0.819979 2126 386163 0.817609 1.06221 0.778356 
0.02 0.15 0.75 4875 386163 0.649604 1.06295 0.693028 3415 386163 0.741729 1.06295 0.629553 
0.02 0.2 0.2 0 0 0 0 0 0 0 0 0 0 
0.02 0.2 0.25 647 7248 0.812325 1.04399 0 519 7248 0.827664 1.04399 0 
0.02 0.2 0.3 9508 167233 0.82196 1.02899 1.00409 7548 167233 0.8236 1.02899 1.00102 
0.02 0.2 0.35 14833 345141 0.824104 1.06373 0.998975 11188 345141 0.823005 1.06373 0.997951 
0.02 0.2 0.4 14368 449735 0.817051 1.05452 0.991795 10654 449735 0.818565 1.05452 0.987692 
0.02 0.2 0.45 10938 450660 0.819281 1.06486 0.984615 7911 450660 0.822582 1.06486 0.978462 
0.02 0.2 0.5 8408 450660 0.814503 1.06659 0.972308 5948 450660 0.814251 1.06659 0.966154 
0.02 0.2 0.55 6411 450660 0.807802 1.07382 0.955897 4701 450660 0.801112 1.07382 0.946667 
0.02 0.2 0.6 4993 450660 0.800898 1.07581 0.935385 3421 450660 0.811172 1.07581 0.916923 
0.02 0.2 0.65 3885 450660 0.789084 1.05434 0.902564 2709 450660 0.778494 1.05434 0.887179 
0.02 0.2 0.7 3195 450660 0.794932 1.10549 0.842051 2154 450660 0.784811 1.10549 0.836923 
0.02 0.2 0.75 4642 433241 0.700006 1.06172 0.74538 3273 433241 0.747911 1.06172 0.698152 
0.02 0.3 0.2 17257 161225 0.814733 1.04889 1.00608 14514 161225 0.815045 1.04889 1.00608 
0.02 0.3 0.25 24364 327994 0.810277 1.06445 1.00508 20106 327994 0.806864 1.06445 1.00508 
0.02 0.3 0.3 18272 346718 0.797907 1.07334 1.00305 14722 346718 0.794236 1.07334 1.00203 
0.02 0.3 0.35 13349 346718 0.787665 1.06947 1.00102 10186 346718 0.785854 1.06947 1 
0.02 0.3 0.4 9844 346718 0.782748 1.06749 0.996954 7348 346718 0.774588 1.06749 0.993909 
0.02 0.3 0.45 7219 342191 0.77726 1.06922 0.991878 5215 342191 0.764077 1.06922 0.989848 
0.02 0.3 0.5 4931 302292 0.776367 1.06902 0.983756 3419 302292 0.768068 1.06902 0.979695 
0.02 0.3 0.55 3193 251753 0.775997 1.07638 0.970528 2207 251753 0.759841 1.07638 0.963415 
0.02 0.3 0.6 2009 200545 0.767975 1.07986 0.953204 1383 200545 0.759515 1.07986 0.950153 
0.02 0.3 0.65 1155 149223 0.770668 1.05645 0.92472 802 149223 0.751983 1.05645 0.901322 
0.02 0.3 0.7 625 96820 0.779924 1.13205 0.887984 395 96820 0.773274 1.13205 0.849287 
0.02 0.3 0.75 67 8360 0.696696 1.15991 0.823829 61 8360 0.815623 1.15991 0.798371 
0.02 0.5 0.2 11811 123745 0.780501 1.0806 1.00505 10248 123745 0.766758 1.0806 1.00404 
0.02 0.5 0.25 8082 123745 0.74868 1.0879 1.00303 6817 123745 0.742213 1.0879 1.00303 
0.02 0.5 0.3 5734 122935 0.741435 1.09782 1.00101 4553 122935 0.731005 1.09782 1.00101 
0.02 0.5 0.35 3133 94913 0.73237 1.09997 0.99899 2504 94913 0.728025 1.09997 0.99899 
0.02 0.5 0.4 1274 52031 0.750808 1.09179 0.996967 916 52031 0.724103 1.09179 0.995956 
0.02 0.5 0.45 176 9215 0.72849 1.11821 0 130 9215 0.703504 1.11821 0 
0.02 0.5 0.5 0 4 0 0 0 0 4 0 0 0 
0.02 0.5 0.55 0 0 0 0 0 0 0 0 0 0 
0.02 0.5 0.6 0 0 0 0 0 0 0 0 0 0 
0.02 0.5 0.65 0 0 0 0 0 0 0 0 0 0 
0.02 0.5 0.7 0 0 0 0 0 0 0 0 0 0 
0.02 0.5 0.75 0 0 0 0 0 0 0 0 0 0 
0.02 0.7 0.2 0 0 0 1.17797 0 0 0 0 1.17797 0 
0.02 0.7 0.25 0 0 0 1.1705 0 0 0 0 1.1705 0 
0.02 0.7 0.3 0 0 0 1.17438 0 0 0 0 1.17438 0 
0.02 0.7 0.35 0 0 0 0 0 0 0 0 0 0 
0.02 0.7 0.4 0 0 0 0 0 0 0 0 0 0 
0.02 0.7 0.45 0 0 0 0 0 0 0 0 0 0 
0.02 0.7 0.5 0 0 0 0 0 0 0 0 0 0 
0.02 0.7 0.55 0 0 0 0 0 0 0 0 0 0 
0.02 0.7 0.6 0 0 0 0 0 0 0 0 0 0 
0.02 0.7 0.65 0 0 0 0 0 0 0 0 0 0 
0.02 0.7 0.7 0 0 0 0 0 0 0 0 0 0 
0.02 0.7 0.75 0 0 0 0 0 0 0 0 0 0 
0.03 0.1 0.2 0 0 0 0 0 0 0 0 0 0 
0.03 0.1 0.25 0 0 0 0 0 0 0 0 0 0 
0.03 0.1 0.3 0 0 0 0 0 0 0 0 0 0 
0.03 0.1 0.35 0 0 0 0 0 0 0 0 0 0 
0.03 0.1 0.4 0 0 0 0 0 0 0 0 0 0 
0.03 0.1 0.45 0 0 0 0 0 0 0 0 0 0 
0.03 0.1 0.5 157 7365 0.846322 0.995732 0 115 7365 0.751798 0.995732 0 
0.03 0.1 0.55 1251 77147 0.814636 1.03246 0.965803 800 77147 0.816872 1.03246 0.92228 
0.03 0.1 0.6 2179 163137 0.82967 1.01055 0.92108 1402 163137 0.805331 1.01055 0.88785 
0.03 0.1 0.65 2638 246165 0.817748 1.02744 0.891779 1700 246165 0.799826 1.02744 0.845994 
0.03 0.1 0.7 2889 322271 0.804116 1.04319 0.828989 1801 322271 0.805197 1.04319 0.754953 
0.03 0.1 0.75 5118 373172 0.559967 1.06487 0.725183 3313 373172 0.735303 1.06487 0.640543 
0.03 0.15 0.2 0 0 0 0 0 0 0 0 0 0 
0.03 0.15 0.25 0 0 0 0 0 0 0 0 0 0 
0.03 0.15 0.3 0 0 0 0 0 0 0 0 0 0 
0.03 0.15 0.35 2 21 1.71181 1.05417 0 0 21 0 1.05417 0 
0.03 0.15 0.4 1326 38126 0.822459 1.03043 0.993865 909 38126 0.820751 1.03043 0.986708 
0.03 0.15 0.45 3406 130472 0.825729 1.04529 0.980513 2270 130472 0.840836 1.04529 0.972308 
0.03 0.15 0.5 4183 214837 0.830814 1.02222 0.980493 2769 214837 0.818772 1.02222 0.964066 
0.03 0.15 0.55 3658 233822 0.817749 1.08983 0.967112 2379 233822 0.815108 1.08983 0.944502 
0.03 0.15 0.6 2966 233835 0.830494 1.07713 0.943474 1853 233835 0.813032 1.07713 0.916752 
0.03 0.15 0.65 2299 233835 0.815 1.06579 0.906475 1462 233835 0.81116 1.06579 0.872559 
0.03 0.15 0.7 1854 233835 0.819232 1.07398 0.871531 1211 233835 0.82731 1.07398 0.838643 
0.03 0.15 0.75 2850 233835 0.659785 1.06177 0.789311 1800 233835 0.760909 1.06177 0.707091 
0.03 0.2 0.2 0 0 0 2.59592 0 0 0 0 2.59592 0 
0.03 0.2 0.25 310 3609 0.835573 1.02969 0 272 3609 0.862597 1.02969 0 
0.03 0.2 0.3 5066 85713 0.828664 1.04063 1.00203 3844 85713 0.817348 1.04063 1.00203 
0.03 0.2 0.35 7613 179811 0.826168 1.0422 1.00203 5630 179811 0.823847 1.0422 1 
0.03 0.2 0.4 7571 235056 0.816323 1.07046 0.998983 5330 235056 0.818015 1.07046 0.993896 
0.03 0.2 0.45 5720 235552 0.825286 1.06468 0.991862 3890 235552 0.821582 1.06468 0.990844 
0.03 0.2 0.5 4374 235552 0.821365 1.0247 0.986775 2923 235552 0.814066 1.0247 0.980671 
0.03 0.2 0.55 3232 235552 0.815924 1.05192 0.975585 2140 235552 0.812369 1.05192 0.969481 
0.03 0.2 0.6 2683 235552 0.800811 1.0645 0.959308 1680 235552 0.789001 1.0645 0.949135 
0.03 0.2 0.65 2065 235552 0.806604 1.03198 0.933876 1243 235552 0.81187 1.03198 0.917599 
0.03 0.2 0.7 1643 235552 0.799543 1.0945 0.895219 990 235552 0.791403 1.0945 0.872838 
0.03 0.2 0.75 2303 226799 0.702744 1.07977 0.809766 1434 226799 0.757892 1.07977 0.785351 
0.03 0.3 0.2 8985 81966 0.821452 1.04591 1.00404 7450 81966 0.819143 1.04591 1.00404 
0.03 0.3 0.25 12608 167336 0.815349 1.04377 1.00303 10353 167336 0.810836 1.04377 1.00303 
0.03 0.3 0.3 9562 176678 0.803012 1.07522 1.00202 7312 176678 0.799603 1.07522 1.00101 
0.03 0.3 0.35 6975 176678 0.796646 1.04281 1 5136 176678 0.790042 1.04281 1 
0.03 0.3 0.4 5146 176678 0.781244 1.06265 0.99697 3555 176678 0.783731 1.06265 0.99697 
0.03 0.3 0.45 3763 174460 0.78965 1.08602 0.993939 2590 174460 0.772788 1.08602 0.993939 
0.03 0.3 0.5 2505 154414 0.76852 1.08862 0.988889 1666 154414 0.764076 1.08862 0.986869 
0.03 0.3 0.55 1548 128543 0.785191 1.08482 0.9818 987 128543 0.772111 1.08482 0.977755 
0.03 0.3 0.6 1039 102446 0.786516 1.037 0.969666 633 102446 0.777782 1.037 0.959555 
0.03 0.3 0.65 593 75736 0.779292 1.12572 0.952429 365 75736 0.785771 1.12572 0.939271 
0.03 0.3 0.7 330 49105 0.762193 1.02261 0.919028 201 49105 0.794291 1.02261 0.909919 
0.03 0.3 0.75 30 4099 0.743899 1.0614 0.78499 29 4099 0.69148 1.0614 0.802231 
0.03 0.5 0.2 6010 58088 0.776727 1.08651 1.00302 4966 58088 0.771528 1.08651 1.00302 
0.03 0.5 0.25 4031 58088 0.768381 1.0877 1.00201 3239 58088 0.754088 1.0877 1.00201 
0.03 0.5 0.3 2822 57694 0.750094 1.07862 1.00101 2095 57694 0.742507 1.07862 1.00101 
0.03 0.5 0.35 1624 43890 0.741917 1.09055 0.998993 1112 43890 0.73652 1.09055 0.998993 
0.03 0.5 0.4 602 24108 0.732319 1.11652 0.998992 457 24108 0.715628 1.11652 0.997984 
0.03 0.5 0.45 84 4320 0.791042 1.07179 0 55 4320 0.747517 1.07179 0 
0.03 0.5 0.5 0 2 0 0 0 0 2 0 0 0 
0.03 0.5 0.55 0 0 0 0 0 0 0 0 0 0 
0.03 0.5 0.6 0 0 0 0 0 0 0 0 0 0 
0.03 0.5 0.65 0 0 0 0 0 0 0 0 0 0 
0.03 0.5 0.7 0 0 0 0 0 0 0 0 0 0 
0.03 0.5 0.75 0 0 0 0 0 0 0 0 0 0 
0.03 0.7 0.2 0 0 0 1.15371 0 0 0 0 1.15371 0 
0.03 0.7 0.25 0 0 0 1.14361 0 0 0 0 1.14361 0 
0.03 0.7 0.3 0 0 0 1.10859 0 0 0 0 1.10859 0 
0.03 0.7 0.35 0 0 0 0 0 0 0 0 0 0 
0.03 0.7 0.4 0 0 0 0 0 0 0 0 0 0 
0.03 0.7 0.45 0 0 0 0 0 0 0 0 0 0 
0.03 0.7 0.5 0 0 0 0 0 0 0 0 0 0 
0.03 0.7 0.55 0 0 0 0 0 0 0 0 0 0 
0.03 0.7 0.6 0 0 0 0 0 0 0 0 0 0 
0.03 0.7 0.65 0 0 0 0 0 0 0 0 0 0 
0.03 0.7 0.7 0 0 0 0 0 0 0 0 0 0 
0.03 0.7 0.75 0 0 0 0 0 0 0 0 0 0 
0.04 0.1 0.2 0 0 0 0 0 0 0 0 0 0 
0.04 0.1 0.25 0 0 0 0 0 0 0 0 0 0 
0.04 0.1 0.3 0 0 0 0 0 0 0 0 0 0 
0.04 0.1 0.35 0 0 0 0 0 0 0 0 0 0 
0.04 0.1 0.4 0 0 0 0 0 0 0 0 0 0 
0.04 0.1 0.45 0 0 0 0 0 0 0 0 0 0 
0.04 0.1 0.5 165 7788 0.848287 1.05947 0 93 7788 0.82313 1.05947 0 
0.04 0.1 0.55 1367 83238 0.821037 1.05632 0.954918 821 83238 0.785281 1.05632 0.959016 
0.04 0.1 0.6 2177 177932 0.809695 1.01101 0.943532 1333 177932 0.809483 1.01101 0.929158 
0.04 0.1 0.65 2684 271040 0.812488 1.05015 0.90535 1653 271040 0.811388 1.05015 0.87037 
0.04 0.1 0.7 2980 363145 0.807776 1.0651 0.874356 1779 363145 0.789234 1.0651 0.835221 
0.04 0.1 0.75 5539 442612 0.561942 1.05101 0.794634 3407 442612 0.741522 1.05101 0.686275 
0.04 0.15 0.2 0 0 0 0 0 0 0 0 0 0 
0.04 0.15 0.25 0 0 0 0 0 0 0 0 0 0 
0.04 0.15 0.3 0 0 0 0 0 0 0 0 0 0 
0.04 0.15 0.35 0 15 0 1.07028 0 0 15 0 1.07028 0 
0.04 0.15 0.4 1322 39184 0.807454 1.05603 0.995935 929 39184 0.799753 1.05603 0.998984 
0.04 0.15 0.45 3443 135798 0.821588 1.03728 0.996948 2246 135798 0.816056 1.03728 0.989827 
0.04 0.15 0.5 4437 224466 0.824277 1.04274 0.988798 2801 224466 0.825336 1.04274 0.989817 
0.04 0.15 0.55 3857 244798 0.826502 1.05476 0.977597 2315 244798 0.818742 1.05476 0.968432 
0.04 0.15 0.6 2948 244817 0.821916 1.0232 0.96334 1855 244817 0.831533 1.0232 0.946029 
0.04 0.15 0.65 2343 244817 0.821925 1.06336 0.941955 1332 244817 0.818116 1.06336 0.928717 
0.04 0.15 0.7 1842 244817 0.819948 1.07115 0.90835 1090 244817 0.821312 1.07115 0.872709 
0.04 0.15 0.75 2706 244817 0.663258 1.05251 0.830957 1634 244817 0.768298 1.05251 0.790224 
0.04 0.2 0.2 0 0 0 7.9516 0 0 0 0 7.9516 0 
0.04 0.2 0.25 309 3665 0.830773 1.03933 0 229 3665 0.856073 1.03933 0 
0.04 0.2 0.3 5069 86336 0.823819 1.04446 1.00303 3746 86336 0.827393 1.04446 1.00202 
0.04 0.2 0.35 7815 180296 0.823983 1.05605 1.00101 5554 180296 0.821351 1.05605 1 
0.04 0.2 0.4 7588 237047 0.825108 1.04072 1 5238 237047 0.820471 1.04072 0.996964 
0.04 0.2 0.45 5747 237571 0.82686 1.05479 0.995951 3741 237571 0.818564 1.05479 0.993927 
0.04 0.2 0.5 4499 237571 0.824197 1.03122 0.991903 2670 237571 0.820247 1.03122 0.986842 
0.04 0.2 0.55 3397 237571 0.822455 1.06405 0.983806 1994 237571 0.832136 1.06405 0.976721 
0.04 0.2 0.6 2671 237571 0.810246 1.08713 0.973684 1492 237571 0.798851 1.08713 0.965587 
0.04 0.2 0.65 2060 237571 0.825377 1.07531 0.956478 1167 237571 0.810873 1.07531 0.941296 
0.04 0.2 0.7 1625 237571 0.802425 1.09016 0.925101 865 237571 0.81525 1.09016 0.902834 
0.04 0.2 0.75 2162 228749 0.717508 1.08806 0.859312 1253 228749 0.762085 1.08806 0.808704 
0.04 0.3 0.2 8624 77305 0.818224 1.04267 1.00302 6827 77305 0.821482 1.04267 1.00302 
0.04 0.3 0.25 12918 164121 0.81644 1.06564 1.00201 9758 164121 0.821113 1.06564 1.00201 
0.04 0.3 0.3 9551 173863 0.813364 1.05199 1.00201 7184 173863 0.809771 1.05199 1.00101 
0.04 0.3 0.35 7130 173863 0.800906 1.04932 1 5025 173863 0.796265 1.04932 1 
0.04 0.3 0.4 5280 173863 0.796607 1.08138 0.998993 3442 173863 0.791782 1.08138 0.997986 
0.04 0.3 0.45 3759 171847 0.790367 1.07992 0.996979 2500 171847 0.777376 1.07992 0.994965 
0.04 0.3 0.5 2522 153490 0.776314 1.05253 0.993952 1613 153490 0.783517 1.05253 0.991935 
0.04 0.3 0.55 1598 129378 0.800974 1.09512 0.987903 1001 129378 0.772497 1.09512 0.986895 
0.04 0.3 0.6 1084 104280 0.789034 1.11517 0.977823 612 104280 0.773448 1.11517 0.972782 
0.04 0.3 0.65 598 77532 0.780906 1.09434 0.96371 354 77532 0.742569 1.09434 0.954637 
0.04 0.3 0.7 291 50381 0.786641 0.99078 0.943548 180 50381 0.805868 0.99078 0.922379 
0.04 0.3 0.75 40 4347 0.717651 1.02924 0.857719 20 4347 0.72278 1.02924 0.852674 
0.04 0.5 0.2 5820 56616 0.786213 1.08078 1.00201 4753 56616 0.781888 1.08078 1.00201 
0.04 0.5 0.25 3906 56616 0.769653 1.07695 1.00101 3136 56616 0.759827 1.07695 1.00101 
0.04 0.5 0.3 2837 56185 0.753625 1.10234 1.00101 2062 56185 0.747627 1.10234 1 
0.04 0.5 0.35 1537 41670 0.759735 1.08793 1 1028 41670 0.736867 1.08793 0.998995 
0.04 0.5 0.4 568 22358 0.787884 1.06928 0.998995 417 22358 0.759844 1.06928 0.99799 
0.04 0.5 0.45 82 3954 0.749485 1.06534 0 56 3954 0.738875 1.06534 0 
0.04 0.5 0.5 0 3 0 0 0 0 3 0 0 0 
0.04 0.5 0.55 0 0 0 0 0 0 0 0 0 0 
0.04 0.5 0.6 0 0 0 0 0 0 0 0 0 0 
0.04 0.5 0.65 0 0 0 0 0 0 0 0 0 0 
0.04 0.5 0.7 0 0 0 0 0 0 0 0 0 0 
0.04 0.5 0.75 0 0 0 0 0 0 0 0 0 0 
0.04 0.7 0.2 0 0 0 1.13732 0 0 0 0 1.13732 0 
0.04 0.7 0.25 0 0 0 1.15541 0 0 0 0 1.15541 0 
0.04 0.7 0.3 0 0 0 1.15416 0 0 0 0 1.15416 0 
0.04 0.7 0.35 0 0 0 0 0 0 0 0 0 0 
0.04 0.7 0.4 0 0 0 0 0 0 0 0 0 0 
0.04 0.7 0.45 0 0 0 0 0 0 0 0 0 0 
0.04 0.7 0.5 0 0 0 0 0 0 0 0 0 0 
0.04 0.7 0.55 0 0 0 0 0 0 0 0 0 0 
0.04 0.7 0.6 0 0 0 0 0 0 0 0 0 0 
0.04 0.7 0.65 0 0 0 0 0 0 0 0 0 0 
0.04 0.7 0.7 0 0 0 0 0 0 0 0 0 0 
0.04 0.7 0.75 0 0 0 0 0 0 0 0 0 0 
0.06 0.1 0.2 0 0 0 0 0 0 0 0 0 0 
0.06 0.1 0.25 0 0 0 0 0 0 0 0 0 0 
0.06 0.1 0.3 0 0 0 0 0 0 0 0 0 0 
0.06 0.1 0.35 0 0 0 0 0 0 0 0 0 0 
0.06 0.1 0.4 0 0 0 0 0 0 0 0 0 0 
0.06 0.1 0.45 0 0 0 0 0 0 0 0 0 0 
0.06 0.1 0.5 119 6444 0.797816 0.988159 0 79 6444 0.771864 0.988159 0 
0.06 0.1 0.55 1040 69121 0.7915 1.05748 0.97868 574 69121 0.799794 1.05748 0.972589 
0.06 0.1 0.6 1718 148898 0.798275 1.03021 0.970528 935 148898 0.774661 1.03021 0.955285 
0.06 0.1 0.65 2072 228294 0.782538 1.03356 0.944049 1082 228294 0.785401 1.03356 0.919634 
0.06 0.1 0.7 2242 307169 0.785968 1.03815 0.916497 1219 307169 0.779154 1.03815 0.886965 
0.06 0.1 0.75 3984 376194 0.545109 1.05664 0.847251 2151 376194 0.72071 1.05664 0.789206 
0.06 0.15 0.2 0 0 0 0 0 0 0 0 0 0 
0.06 0.15 0.25 0 0 0 0 0 0 0 0 0 0 
0.06 0.15 0.3 0 0 0 0 0 0 0 0 0 0 
0.06 0.15 0.35 0 5 0 1.06271 0 1 5 3.12766 1.06271 0 
0.06 0.15 0.4 964 30807 0.792264 1.04972 1.00101 668 30807 0.80388 1.04972 0.99798 
0.06 0.15 0.45 2667 107335 0.815942 1.05552 0.997978 1602 107335 0.79928 1.05552 0.993933 
0.06 0.15 0.5 3487 178650 0.80944 1.02082 0.992922 1893 178650 0.802473 1.02082 0.9909 
0.06 0.15 0.55 2800 195134 0.809077 1.02731 0.987867 1598 195134 0.802032 1.02731 0.980789 
0.06 0.15 0.6 2214 195144 0.819988 1.04589 0.976744 1183 195144 0.791723 1.04589 0.965622 
0.06 0.15 0.65 1719 195144 0.827639 1.04675 0.961577 896 195144 0.813574 1.04675 0.945399 
0.06 0.15 0.7 1391 195144 0.818184 1.02919 0.938322 687 195144 0.813402 1.02919 0.920121 
0.06 0.15 0.75 1881 195144 0.675198 1.01743 0.881699 947 195144 0.751137 1.01743 0.840243 
0.06 0.2 0.2 0 0 0 0.0608809 0 0 0 0 0.0608809 0 
0.06 0.2 0.25 281 2939 0.814665 1.01358 0 188 2939 0.785452 1.01358 0 
0.06 0.2 0.3 4034 68758 0.823895 1.03841 1.00302 2831 68758 0.817406 1.03841 1.00201 
0.06 0.2 0.35 6360 144615 0.817303 1.04912 1.00101 4045 144615 0.814588 1.04912 1 
0.06 0.2 0.4 6178 189665 0.81406 1.06969 1 3660 189665 0.808325 1.06969 0.997986 
0.06 0.2 0.45 4801 190055 0.822733 1.06283 0.998992 2720 190055 0.80872 1.06283 0.997984 
0.06 0.2 0.5 3532 190055 0.812138 1.04433 0.996976 1926 190055 0.821542 1.04433 0.993952 
0.06 0.2 0.55 2696 190055 0.825618 1.06129 0.991935 1423 190055 0.809257 1.06129 0.987903 
0.06 0.2 0.6 1982 190055 0.811833 1.08985 0.985887 1116 190055 0.811463 1.08985 0.977823 
0.06 0.2 0.65 1577 190055 0.826449 1.12535 0.974798 799 190055 0.806384 1.12535 0.962702 
0.06 0.2 0.7 1221 190055 0.806798 1.0733 0.954637 605 190055 0.806275 1.0733 0.938508 
0.06 0.2 0.75 1587 183060 0.709448 1.12976 0.904234 717 183060 0.745065 1.12976 0.86996 
0.06 0.3 0.2 6308 55564 0.831382 1.03923 1.001 4976 55564 0.826875 1.03923 1.001 
0.06 0.3 0.25 9640 119849 0.826926 1.05275 1.00201 6981 119849 0.817363 1.05275 1.00101 
0.06 0.3 0.3 7472 127280 0.817379 1.06323 1.00101 5025 127280 0.812422 1.06323 1.00101 
0.06 0.3 0.35 5307 127280 0.813776 1.05303 1.00101 3512 127280 0.808142 1.05303 1 
0.06 0.3 0.4 3973 127280 0.806517 1.04341 1 2460 127280 0.809306 1.04341 0.998995 
0.06 0.3 0.45 2949 125706 0.81399 1.05968 0.998995 1674 125706 0.798278 1.05968 0.99799 
0.06 0.3 0.5 1971 112309 0.816617 1.06592 0.99598 1028 112309 0.798734 1.06592 0.994975 
0.06 0.3 0.55 1284 94999 0.816112 1.0524 0.99397 658 94999 0.801437 1.0524 0.98995 
0.06 0.3 0.6 741 77128 0.793241 1.03662 0.986935 389 77128 0.79372 1.03662 0.979899 
0.06 0.3 0.65 457 58038 0.790787 1.04066 0.976861 218 58038 0.801348 1.04066 0.968813 
0.06 0.3 0.7 211 38511 0.775807 1.08459 0.961771 103 38511 0.814407 1.08459 0.955734 
0.06 0.3 0.75 27 3266 0.762924 1.1483 0.910463 15 3266 0.822479 1.1483 0.887324 
0.06 0.5 0.2 4924 45552 0.795853 1.09512 1.001 3870 45552 0.797016 1.09512 1.001 
0.06 0.5 0.25 3302 45552 0.789707 1.0651 1.001 2546 45552 0.775671 1.0651 1 
0.06 0.5 0.3 2445 45233 0.780057 1.08676 1 1691 45233 0.770332 1.08676 1 
0.06 0.5 0.35 1335 33489 0.777844 1.09389 1.001 887 33489 0.76516 1.09389 1 
0.06 0.5 0.4 551 17680 0.775256 1.06549 1 289 17680 0.788607 1.06549 1 
0.06 0.5 0.45 66 3174 0.818175 1.1007 0 31 3174 0.808452 1.1007 0 
0.06 0.5 0.5 0 0 0 0 0 0 0 0 0 0 
0.06 0.5 0.55 0 0 0 0 0 0 0 0 0 0 
0.06 0.5 0.6 0 0 0 0 0 0 0 0 0 0 
0.06 0.5 0.65 0 0 0 0 0 0 0 0 0 0 
0.06 0.5 0.7 0 0 0 0 0 0 0 0 0 0 
0.06 0.5 0.75 0 0 0 0 0 0 0 0 0 0 
0.06 0.7 0.2 0 0 0 1.12033 0 0 0 0 1.12033 0 
0.06 0.7 0.25 0 0 0 1.10536 0 0 0 0 1.10536 0 
0.06 0.7 0.3 0 0 0 1.16011 0 0 0 0 1.16011 0 
0.06 0.7 0.35 0 0 0 0 0 0 0 0 0 0 
0.06 0.7 0.4 0 0 0 0 0 0 0 0 0 0 
0.06 0.7 0.45 0 0 0 0 0 0 0 0 0 0 
0.06 0.7 0.5 0 0 0 0 0 0 0 0 0 0 
0.06 0.7 0.55 0 0 0 0 0 0 0 0 0 0 
0.06 0.7 0.6 0 0 0 0 0 0 0 0 0 0 
0.06 0.7 0.65 0 0 0 0 0 0 0 0 0 0 
0.06 0.7 0.7 0 0 0 0 0 0 0 0 0 0 
0.06 0.7 0.75 0 0 0 0 0 0 0 0 0 0 
0.1 0.1 0.2 0 0 0 0 0 0 0 0 0 0 
0.1 0.1 0.25 0 0 0 0 0 0 0 0 0 0 
0.1 0.1 0.3 0 0 0 0 0 0 0 0 0 0 
0.1 0.1 0.35 0 0 0 0 0 0 0 0 0 0 
0.1 0.1 0.4 0 0 0 0 0 0 0 0 0 0 
0.1 0.1 0.45 0 0 0 0 0 0 0 0 0 0 
0.1 0.1 0.5 65 2643 0.853398 1.03978 0 25 2643 0.737354 1.03978 0 
0.1 0.1 0.55 374 28410 0.746176 1.02033 0.994949 156 28410 0.732828 1.02033 0.979798 
0.1 0.1 0.6 627 61233 0.748272 1.00057 0.978788 268 61233 0.722502 1.00057 0.977778 
0.1 0.1 0.65 757 94199 0.724296 1.0379 0.974722 351 94199 0.734569 1.0379 0.955511 
0.1 0.1 0.7 797 127751 0.738653 1.06809 0.950455 310 127751 0.701294 1.06809 0.923155 
0.1 0.1 0.75 1399 157527 0.522906 1.03363 0.896761 605 157527 0.662379 1.03363 0.842105 
0.1 0.15 0.2 0 0 0 0 0 0 0 0 0 0 
0.1 0.15 0.25 0 0 0 0 0 0 0 0 0 0 
0.1 0.15 0.3 0 0 0 0 0 0 0 0 0 0 
0.1 0.15 0.35 1 6 0.535135 0.963375 0 0 6 0 0.963375 0 
0.1 0.15 0.4 427 13335 0.768467 1.0623 1 234 13335 0.771711 1.0623 1.00101 
0.1 0.15 0.45 1055 46092 0.784582 0.998969 1 558 46092 0.749768 0.998969 0.996979 
0.1 0.15 0.5 1395 76500 0.775131 1.02282 0.996979 691 76500 0.729523 1.02282 0.992951 
0.1 0.15 0.55 1116 83593 0.769622 1.06773 0.993952 582 83593 0.773937 1.06773 0.989919 
0.1 0.15 0.6 856 83600 0.798302 1.00051 0.987903 398 83600 0.788444 1.00051 0.979839 
0.1 0.15 0.65 660 83600 0.788393 1.01748 0.975806 287 83600 0.745541 1.01748 0.966734 
0.1 0.15 0.7 500 83600 0.798534 1.04945 0.957661 211 83600 0.763283 1.04945 0.934476 
0.1 0.15 0.75 718 83600 0.650847 1.13326 0.916331 275 83600 0.715732 1.13326 0.865927 
0.1 0.2 0.2 0 0 0 0.650203 0 0 0 0 0.650203 0 
0.1 0.2 0.25 105 1067 0.816307 1.01293 0 77 1067 0.849334 1.01293 0 
0.1 0.2 0.3 1525 26069 0.807701 1.0234 1.00201 991 26069 0.81867 1.0234 1.00101 
0.1 0.2 0.35 2474 56746 0.806117 1.04381 1.00101 1418 56746 0.785747 1.04381 1 
0.1 0.2 0.4 2459 75444 0.793626 1.04799 1.00101 1314 75444 0.789248 1.04799 1 
0.1 0.2 0.45 1856 75618 0.812118 1.06867 0.998995 938 75618 0.802538 1.06867 0.99799 
0.1 0.2 0.5 1408 75618 0.808461 1.04236 0.99799 662 75618 0.785312 1.04236 0.99598 
0.1 0.2 0.55 1072 75618 0.82994 1.02249 0.99598 475 75618 0.795399 1.02249 0.99196 
0.1 0.2 0.6 771 75618 0.814253 1.11749 0.98995 355 75618 0.803597 1.11749 0.98392 
0.1 0.2 0.65 583 75618 0.799254 1.09662 0.982915 231 75618 0.772597 1.09662 0.972864 
0.1 0.2 0.7 459 75618 0.811079 0.937745 0.969849 189 75618 0.79216 0.937745 0.953769 
0.1 0.2 0.75 554 73039 0.717216 1.07961 0.935678 241 73039 0.729134 1.07961 0.902513 
0.1 0.3 0.2 2638 22630 0.839402 1.04931 1.001 1962 22630 0.849416 1.04931 1.001 
0.1 0.3 0.25 3839 46967 0.828145 1.03949 1.001 2690 46967 0.841148 1.03949 1 
0.1 0.3 0.3 2949 49719 0.841429 1.05676 1.001 1905 49719 0.827446 1.05676 1 
0.1 0.3 0.35 2158 49719 0.81771 1.05564 1 1301 49719 0.832277 1.05564 1 
0.1 0.3 0.4 1644 49719 0.843592 1.02783 1 858 49719 0.809336 1.02783 0.998997 
0.1 0.3 0.45 1180 49074 0.809487 1.02629 0.998997 631 49074 0.825869 1.02629 0.997994 
0.1 0.3 0.5 784 43516 0.842592 1.03508 0.998996 377 43516 0.804386 1.03508 0.997992 
0.1 0.3 0.55 480 36456 0.833104 1.10253 0.995984 212 36456 0.833146 1.10253 0.99498 
0.1 0.3 0.6 306 29204 0.805816 1.06737 0.992972 143 29204 0.809149 1.06737 0.990964 
0.1 0.3 0.65 161 21837 0.858214 0.995868 0.98494 69 21837 0.823976 0.995868 0.978916 
0.1 0.3 0.7 87 14400 0.842172 1.00625 0.977912 37 14400 0.706305 1.00625 0.964859 
0.1 0.3 0.75 8 1196 0.805739 0.96088 0 4 1196 1.0559 0.96088 0 
0.1 0.5 0.2 2213 19225 0.808713 1.07852 1.001 1673 19225 0.802599 1.07852 1.001 
0.1 0.5 0.25 1566 19225 0.79551 1.05998 1 1077 19225 0.791772 1.05998 1 
0.1 0.5 0.3 1089 19093 0.788872 1.08227 1 717 19093 0.791493 1.08227 1 
0.1 0.5 0.35 598 14314 0.799423 1.13426 1 355 14314 0.796788 1.13426 1 
0.1 0.5 0.4 240 7480 0.814889 1.12157 1 146 7480 0.772534 1.12157 0.998998 
0.1 0.5 0.45 29 1343 0.873942 1.20099 0 21 1343 0.764413 1.20099 0 
0.1 0.5 0.5 0 0 0 0 0 0 0 0 0 0 
0.1 0.5 0.55 0 0 0 0 0 0 0 0 0 0 
0.1 0.5 0.6 0 0 0 0 0 0 0 0 0 0 
0.1 0.5 0.65 0 0 0 0 0 0 0 0 0 0 
0.1 0.5 0.7 0 0 0 0 0 0 0 0 0 0 
0.1 0.5 0.75 0 0 0 0 0 0 0 0 0 0 
0.1 0.7 0.2 0 0 0 1.15855 0 0 0 0 1.15855 0 
0.1 0.7 0.25 0 0 0 1.21576 0 0 0 0 1.21576 0 
0.1 0.7 0.3 0 0 0 1.11198 0 0 0 0 1.11198 0 
0.1 0.7 0.35 0 0 0 0 0 0 0 0 0 0 
0.1 0.7 0.4 0 0 0 0 0 0 0 0 0 0 
0.1 0.7 0.45 0 0 0 0 0 0 0 0 0 0 
0.1 0.7 0.5 0 0 0 0 0 0 0 0 0 0 
0.1 0.7 0.55 0 0 0 0 0 0 0 0 0 0 
0.1 0.7 0.6 0 0 0 0 0 0 0 0 0 0 
0.1 0.7 0.65 0 0 0 0 0 0 0 0 0 0 
0.1 0.7 0.7 0 0 0 0 0 0 0 0 0 0 
0.1 0.7 0.75 0 0 0 0 0 0 0 0 0 0 
0.14 0.1 0.2 0 0 0 0 0 0 0 0 0 0 
0.14 0.1 0.25 0 0 0 0 0 0 0 0 0 0 
0.14 0.1 0.3 0 0 0 0 0 0 0 0 0 0 
0.14 0.1 0.35 0 0 0 0 0 0 0 0 0 0 
0.14 0.1 0.4 0 0 0 0 0 0 0 0 0 0 
0.14 0.1 0.45 0 0 0 0 0 0 0 0 0 0 
0.14 0.1 0.5 13 1387 0.711906 1.06463 0 13 1387 0.587769 1.06463 0 
0.14 0.1 0.55 189 15475 0.648391 1.06344 0.995972 90 15475 0.677906 1.06344 0.988922 
0.14 0.1 0.6 283 33217 0.65944 0.972184 0.986895 127 33217 0.583593 0.972184 0.981855 
0.14 0.1 0.65 323 50773 0.667532 1.00403 0.977823 129 50773 0.656772 1.00403 0.971774 
0.14 0.1 0.7 327 68334 0.64211 1.06235 0.970737 147 68334 0.63947 1.06235 0.940464 
0.14 0.1 0.75 526 83870 0.460485 0.974399 0.925328 231 83870 0.575282 0.974399 0.882947 
0.14 0.15 0.2 0 0 0 0 0 0 0 0 0 0 
0.14 0.15 0.25 0 0 0 0 0 0 0 0 0 0 
0.14 0.15 0.3 0 0 0 0 0 0 0 0 0 0 
0.14 0.15 0.35 0 1 0 1.13524 0 0 1 0 1.13524 0 
0.14 0.15 0.4 194 6556 0.752256 1.04248 1.00101 96 6556 0.757868 1.04248 1.00101 
0.14 0.15 0.45 500 23526 0.756772 1.01365 1.00101 248 23526 0.711016 1.01365 0.998994 
0.14 0.15 0.5 630 39499 0.732314 1.04744 0.998994 283 39499 0.721566 1.04744 0.996982 
0.14 0.15 0.55 541 43231 0.708607 1.06671 0.99497 234 43231 0.707649 1.06671 0.992958 
0.14 0.15 0.6 379 43233 0.733318 1.00148 0.990946 163 43233 0.698886 1.00148 0.982897 
0.14 0.15 0.65 306 43233 0.784947 1.09567 0.981891 108 43233 0.750045 1.09567 0.970825 
0.14 0.15 0.7 231 43233 0.740327 1.10193 0.976861 83 43233 0.734732 1.10193 0.94165 
0.14 0.15 0.75 294 43233 0.600744 1.01788 0.930584 116 43233 0.681081 1.01788 0.894366 
0.14 0.2 0.2 0 0 0 0 0 0 0 0 0 0 
0.14 0.2 0.25 55 522 0.815579 0.986572 0 31 522 0.883433 0.986572 0 
0.14 0.2 0.3 746 12762 0.798552 1.06718 1.00201 449 12762 0.760788 1.06718 1.001 
0.14 0.2 0.35 1129 27615 0.771868 1.01443 1.001 638 27615 0.79208 1.01443 1.001 
0.14 0.2 0.4 1103 36967 0.772519 1.00904 1 599 36967 0.784802 1.00904 1 
0.14 0.2 0.45 855 37058 0.778257 1.04741 1 396 37058 0.769454 1.04741 0.998996 
0.14 0.2 0.5 666 37058 0.782918 1.01824 0.998996 257 37058 0.797502 1.01824 0.996988 
0.14 0.2 0.55 511 37058 0.830785 1.07426 0.996988 194 37058 0.812052 1.07426 0.993976 
0.14 0.2 0.6 424 37058 0.835387 1.03864 0.992972 144 37058 0.768907 1.03864 0.98494 
0.14 0.2 0.65 290 37058 0.807453 1.15079 0.987952 103 37058 0.791533 1.15079 0.978916 
0.14 0.2 0.7 198 37058 0.837431 1.06648 0.975904 61 37058 0.829645 1.06648 0.958835 
0.14 0.2 0.75 277 35780 0.769391 1.16449 0.951807 94 35780 0.768232 1.16449 0.910643 
0.14 0.3 0.2 1416 12230 0.831252 1.03093 1.001 1044 12230 0.824724 1.03093 1.001 
0.14 0.3 0.25 2003 24926 0.838054 1.01746 1.001 1344 24926 0.820648 1.01746 1.001 
0.14 0.3 0.3 1635 26419 0.826938 1.04025 1.001 974 26419 0.811602 1.04025 1.001 
0.14 0.3 0.35 1108 26419 0.831528 1.02869 1.001 644 26419 0.844578 1.02869 1.001 
0.14 0.3 0.4 927 26419 0.840711 0.992367 1.001 408 26419 0.828858 0.992367 1 
0.14 0.3 0.45 629 26108 0.854567 1.02301 1 307 26108 0.808321 1.02301 1 
0.14 0.3 0.5 449 23061 0.838406 1.10009 0.998997 189 23061 0.854533 1.10009 0.997994 
0.14 0.3 0.55 266 19247 0.821066 0.959532 0.996991 121 19247 0.829193 0.959532 0.996991 
0.14 0.3 0.6 167 15386 0.850152 1.05963 0.993982 49 15386 0.834605 1.05963 0.990973 
0.14 0.3 0.65 99 11459 0.862121 1.20356 0.987964 29 11459 0.959962 1.20356 0.983952 
0.14 0.3 0.7 56 7461 0.830408 1.17014 0.974925 19 7461 0.807793 1.17014 0.967904 
0.14 0.3 0.75 3 667 0.728223 0.930056 0 1 667 0.9805 0.930056 0 
0.14 0.5 0.2 1171 9710 0.828897 1.07225 0 818 9710 0.828144 1.07225 0 
0.14 0.5 0.25 786 9710 0.807167 1.08863 0 554 9710 0.808492 1.08863 0 
0.14 0.5 0.3 580 9655 0.808553 1.10327 0 330 9655 0.797213 1.10327 0 
0.14 0.5 0.35 338 7400 0.810726 1.06416 0 177 7400 0.794349 1.06416 0 
0.14 0.5 0.4 129 4022 0.77727 1.10112 0 77 4022 0.845546 1.10112 0 
0.14 0.5 0.45 17 749 0.780326 0.967735 0 12 749 0.823 0.967735 0 
0.14 0.5 0.5 0 0 0 0 0 0 0 0 0 0 
0.14 0.5 0.55 0 0 0 0 0 0 0 0 0 0 
0.14 0.5 0.6 0 0 0 0 0 0 0 0 0 0 
0.14 0.5 0.65 0 0 0 0 0 0 0 0 0 0 
0.14 0.5 0.7 0 0 0 0 0 0 0 0 0 0 
0.14 0.5 0.75 0 0 0 0 0 0 0 0 0 0 
0.14 0.7 0.2 0 0 0 1.10238 0 0 0 0 1.10238 0 
0.14 0.7 0.25 0 0 0 1.09541 0 0 0 0 1.09541 0 
0.14 0.7 0.3 0 0 0 1.23902 0 0 0 0 1.23902 0 
0.14 0.7 0.35 0 0 0 0 0 0 0 0 0 0 
0.14 0.7 0.4 0 0 0 0 0 0 0 0 0 0 
0.14 0.7 0.45 0 0 0 0 0 0 0 0 0 0 
0.14 0.7 0.5 0 0 0 0 0 0 0 0 0 0 
0.14 0.7 0.55 0 0 0 0 0 0 0 0 0 0 
0.14 0.7 0.6 0 0 0 0 0 0 0 0 0 0 
0.14 0.7 0.65 0 0 0 0 0 0 0 0 0 0 
0.14 0.7 0.7 0 0 0 0 0 0 0 0 0 0 
0.14 0.7 0.75 0 0 0 0 0 0 0 0 0 0 
0.18 0.1 0.2 0 0 0 0 0 0 0 0 0 0 
0.18 0.1 0.25 0 0 0 0 0 0 0 0 0 0 
0.18 0.1 0.3 0 0 0 0 0 0 0 0 0 0 
0.18 0.1 0.35 0 0 0 0 0 0 0 0 0 0 
0.18 0.1 0.4 0 0 0 0 0 0 0 0 0 0 
0.18 0.1 0.45 0 0 0 0 0 0 0 0 0 0 
0.18 0.1 0.5 25 2007 0.484652 0.959041 0 14 2007 0.556568 0.959041 0 
0.18 0.1 0.55 185 21979 0.5072 1.06105 0 73 21979 0.563214 1.06105 0 
0.18 0.1 0.6 294 47590 0.520676 1.02655 0 134 47590 0.507915 1.02655 0 
0.18 0.1 0.65 343 71497 0.50479 1.00367 0 119 71497 0.489507 1.00367 0 
0.18 0.1 0.7 316 91296 0.485675 1.00557 0 127 91296 0.499094 1.00557 0 
0.18 0.1 0.75 494 101988 0.379269 1.02759 0 179 101988 0.464625 1.02759 0 
0.18 0.15 0.2 0 0 0 0 0 0 0 0 0 0 
0.18 0.15 0.25 0 0 0 0 0 0 0 0 0 0 
0.18 0.15 0.3 0 0 0 0 0 0 0 0 0 0 
0.18 0.15 0.35 0 2 0 1.15119 0 0 2 0 1.15119 0 
0.18 0.15 0.4 229 8985 0.625904 1.04003 1.001 115 8985 0.659949 1.04003 1 
0.18 0.15 0.45 552 31781 0.622697 1.02475 0.998996 250 31781 0.607714 1.02475 0.998996 
0.18 0.15 0.5 688 53925 0.599951 1.05947 1 321 53925 0.614102 1.05947 0.99799 
0.18 0.15 0.55 580 58960 0.593854 1.02932 0.99799 250 58960 0.600383 1.02932 0.994975 
0.18 0.15 0.6 452 58964 0.615823 1.03262 0.994975 157 58964 0.643098 1.03262 0.98995 
0.18 0.15 0.65 345 58964 0.602343 1.08452 0.988945 116 58964 0.621557 1.08452 0.977889 
0.18 0.15 0.7 257 58964 0.623014 1.06846 0.978894 85 58964 0.735291 1.06846 0.964824 
0.18 0.15 0.75 384 58964 0.533711 1.05982 0.955779 108 58964 0.600148 1.05982 0.924623 
0.18 0.2 0.2 0 0 0 0 0 0 0 0 0 0 
0.18 0.2 0.25 77 820 0.729826 0.984638 0 51 820 0.763306 0.984638 0 
0.18 0.2 0.3 936 19276 0.751872 1.0408 1.001 615 19276 0.771329 1.0408 1.001 
0.18 0.2 0.35 1578 40728 0.738354 1.00899 1.001 842 40728 0.736915 1.00899 1 
0.18 0.2 0.4 1507 53609 0.734454 1.01615 1.001 701 53609 0.737113 1.01615 1 
0.18 0.2 0.45 1179 53735 0.747732 1.01648 1.001 495 53735 0.747587 1.01648 0.998997 
0.18 0.2 0.5 853 53735 0.765228 1.03454 0.998997 374 53735 0.770833 1.03454 0.997994 
0.18 0.2 0.55 650 53735 0.752522 1.00615 0.997994 224 53735 0.780768 1.00615 0.995988 
0.18 0.2 0.6 545 53735 0.767511 1.0902 0.994985 183 53735 0.766856 1.0902 0.98997 
0.18 0.2 0.65 399 53735 0.788109 1.09572 0.990973 122 53735 0.769748 1.09572 0.982949 
0.18 0.2 0.7 321 53735 0.759247 1.02901 0.983952 95 53735 0.832994 1.02901 0.968907 
0.18 0.2 0.75 334 51763 0.727326 1.09002 0.962889 102 51763 0.774423 1.09002 0.927783 
0.18 0.3 0.2 2099 18060 0.832705 1.04183 1.001 1456 18060 0.834153 1.04183 1.001 
0.18 0.3 0.25 2899 37490 0.81531 1.0332 1.001 1890 37490 0.813929 1.0332 1.001 
0.18 0.3 0.3 2337 39653 0.832058 1.01785 1.001 1361 39653 0.823648 1.01785 1 
0.18 0.3 0.35 1779 39653 0.820714 1.04073 1.001 884 39653 0.826045 1.04073 1 
0.18 0.3 0.4 1303 39653 0.828807 1.08145 1 594 39653 0.823744 1.08145 1 
0.18 0.3 0.45 942 39171 0.836464 1.04651 1 428 39171 0.83285 1.04651 1 
0.18 0.3 0.5 620 34800 0.827559 1.02224 0.998998 231 34800 0.854901 1.02224 0.998998 
0.18 0.3 0.55 414 29103 0.827289 1.06831 0.998998 150 29103 0.837309 1.06831 0.996994 
0.18 0.3 0.6 232 23236 0.821564 1.13294 0.995992 76 23236 0.813254 1.13294 0.992986 
0.18 0.3 0.65 127 17243 0.845993 1.10587 0 43 17243 0.783999 1.10587 0 
0.18 0.3 0.7 64 11333 0.849327 0.962557 0 22 11333 0.784748 0.962557 0 
0.18 0.3 0.75 6 1012 0.912277 1.0402 0 3 1012 0.802002 1.0402 0 
0.18 0.5 0.2 1611 13512 0.830957 1.05562 0 1135 13512 0.826215 1.05562 0 
0.18 0.5 0.25 1207 13512 0.814501 1.10049 0 692 13512 0.810998 1.10049 0 
0.18 0.5 0.3 805 13416 0.813938 1.10149 0 459 13416 0.816932 1.10149 0 
0.18 0.5 0.35 478 10055 0.809566 1.10814 0 253 10055 0.819741 1.10814 0 
0.18 0.5 0.4 179 5428 0.831993 0.993701 0 84 5428 0.805551 0.993701 0 
0.18 0.5 0.45 26 994 0.819851 0.984821 0 13 994 0.939304 0.984821 0 
0.18 0.5 0.5 0 0 0 0 0 0 0 0 0 0 
0.18 0.5 0.55 0 0 0 0 0 0 0 0 0 0 
0.18 0.5 0.6 0 0 0 0 0 0 0 0 0 0 
0.18 0.5 0.65 0 0 0 0 0 0 0 0 0 0 
0.18 0.5 0.7 0 0 0 0 0 0 0 0 0 0 
0.18 0.5 0.75 0 0 0 0 0 0 0 0 0 0 
0.18 0.7 0.2 0 0 0 1.14849 0 0 0 0 1.14849 0 
0.18 0.7 0.25 0 0 0 1.14162 0 0 0 0 1.14162 0 
0.18 0.7 0.3 0 0 0 1.1902 0 0 0 0 1.1902 0 
0.18 0.7 0.35 0 0 0 0 0 0 0 0 0 0 
0.18 0.7 0.4 0 0 0 0 0 0 0 0 0 0 
0.18 0.7 0.45 0 0 0 0 0 0 0 0 0 0 
0.18 0.7 0.5 0 0 0 0 0 0 0 0 0 0 
0.18 0.7 0.55 0 0 0 0 0 0 0 0 0 0 
0.18 0.7 0.6 0 0 0 0 0 0 0 0 0 0 
0.18 0.7 0.65 0 0 0 0 0 0 0 0 0 0 
0.18 0.7 0.7 0 0 0 0 0 0 0 0 0 0 
0.18 0.7 0.75 0 0 0 0 0 0 0 0 0 0 
