1 0 0 -0.298864 0.00866889 0
0 0 0 -0.363787 0.00691602 0
1 0 1 2.15874 0.0387222 0
0 0 1 3.61016 0.0465123 0
1 0 2 -0.384515 0.0121234 0
0 0 2 -0.0418736 0.0169761 0
1 0 3 3.11348 0.0890719 0
0 0 3 -0.0851556 0.0250646 0
1 0 4 0 0 1
0 0 4 -0.352571 0.023165 0
1 0 5 0 0 1
0 0 5 3.04942 0.15416 0
1 0 6 0 0 1
0 0 6 -0.624039 0.0311004 0
1 0 7 0 0 1
0 0 7 0 0 1
1 0 8 -0.382089 0.10412 0
0 0 8 0 0 1
1 0 9 1.15315 0.572101 0
0 0 9 1.51029 0.824907 0
1 0 10 0 0 1
0 0 10 0 0 1
1 0 11 0 0 1
0 0 11 0 0 1
1 1 0 0.0634712 0.013624 0
0 1 0 -0.31044 0.008425 0
1 1 1 -0.708252 0.00842774 0
0 1 1 1.58385 0.0209869 0
1 1 2 -0.301309 0.0142188 0
0 1 2 -0.0253229 0.0106164 0
1 1 3 3.11753 0.0588728 0
0 1 3 4.81767 0.0678539 0
1 1 4 -0.316016 0.00931803 0
0 1 4 -0.2292 0.0129123 0
1 1 5 0.884667 0.0255418 0
0 1 5 1.77335 0.0336352 0
1 1 6 -0.306325 0.0160448 0
0 1 6 -0.326087 0.0147464 0
1 1 7 4.72249 0.0980857 0
0 1 7 6.56763 0.172602 0
1 1 8 -0.234497 0.0173601 0
0 1 8 -0.288875 0.0185301 0
1 1 9 1.52897 0.0576473 0
0 1 9 1.4832 0.0642565 0
1 1 10 -0.208382 0.0268616 0
0 1 10 -0.330416 0.027467 0
1 1 11 3.54025 0.12681 0
0 1 11 3.98179 0.159815 0
1 2 0 -0.247294 0.0101779 0
0 2 0 -0.437026 0.0118937 0
1 2 1 1.17677 0.023549 0
0 2 1 2.07524 0.0441218 0
1 2 2 -0.889061 0.0037712 0
0 2 2 -0.272277 0.014161 0
1 2 3 4.71533 0.0727821 0
0 2 3 5.42604 0.104192 0
1 2 4 -0.235535 0.0114898 0
0 2 4 -0.320673 0.0118311 0
1 2 5 1.31649 0.0327017 0
0 2 5 1.59317 0.0407033 0
1 2 6 -0.235204 0.0166336 0
0 2 6 -0.286561 0.0188201 0
1 2 7 0.628152 0.0610805 0
0 2 7 4.79941 0.145743 0
1 2 8 -0.513061 0.0228965 0
0 2 8 -0.321642 0.0186529 0
1 2 9 0.686422 0.100914 0
0 2 9 1.34291 0.0562012 0
1 2 10 0.59974 0.140103 0
0 2 10 -0.383165 0.0243322 0
1 2 11 3.79823 1.27146 0
0 2 11 3.24566 0.11491 0
1 3 0 -0.259122 0.0140396 0
0 3 0 -0.340804 0.0191121 0
1 3 1 0.898796 0.027907 0
0 3 1 2.78533 0.0732476 0
1 3 2 -0.272587 0.0149705 0
0 3 2 -0.350779 0.0269236 0
1 3 3 4.54432 0.0988082 0
0 3 3 3.92019 0.133772 0
1 3 4 -0.644724 0.0201229 0
0 3 4 -0.334643 0.0208596 0
1 3 5 0.327399 0.0551606 0
0 3 5 1.06806 0.0509137 0
1 3 6 -0.356715 0.0334192 0
0 3 6 -0.285838 0.0269639 0
1 3 7 2.22862 0.115762 0
0 3 7 4.31763 0.188206 0
1 3 8 -0.0859042 0.0329139 0
0 3 8 -0.286372 0.0245844 0
1 3 9 0.947896 0.0743889 0
0 3 9 0.284287 0.0511194 0
1 3 10 0.0391836 0.0465253 0
0 3 10 -0.941629 0.00813139 0
1 3 11 3.30891 0.139952 0
0 3 11 6.19412 0.212289 0
1 4 0 -0.303443 0.0137767 0
0 4 0 0 0 1
1 4 1 1.38699 0.0348193 0
0 4 1 0 0 1
1 4 2 0.0519013 0.0256379 0
0 4 2 -0.432588 0.025647 0
1 4 3 3.02182 0.0806419 0
0 4 3 2.60155 0.173445 0
1 4 4 -0.232642 0.0156948 0
0 4 4 -0.301015 0.0233005 0
1 4 5 1.11227 0.0420315 0
0 4 5 1.73813 0.0697648 0
1 4 6 -0.149962 0.0201405 0
0 4 6 -0.306077 0.0263334 0
1 4 7 4.12794 0.124721 0
0 4 7 6.17601 0.253398 0
1 4 8 -0.233102 0.0225432 0
0 4 8 -0.355641 0.0241359 0
1 4 9 1.51498 0.0647898 0
0 4 9 0.841235 0.0703618 0
1 4 10 -0.189978 0.0331954 0
0 4 10 -0.299458 0.0355071 0
1 4 11 0.0234284 0.0426754 0
0 4 11 4.04025 0.164178 0
1 5 0 -0.347137 0.0148223 0
0 5 0 0 0 1
1 5 1 1.30599 0.0374586 0
0 5 1 0 0 1
1 5 2 -0.125652 0.0196312 0
0 5 2 -0.225139 0.0379289 0
1 5 3 3.83931 0.10032 0
0 5 3 5.73955 0.229201 0
1 5 4 -0.264555 0.0163524 0
0 5 4 -0.382511 0.025577 0
1 5 5 1.72826 0.0501104 0
0 5 5 -0.246399 0.0334494 0
1 5 6 -0.255692 0.0212844 0
0 5 6 -0.360085 0.0408796 0
1 5 7 0.900277 0.0782134 0
0 5 7 4.36657 0.256277 0
1 5 8 -0.273857 0.0422137 0
0 5 8 -0.156084 0.0456245 0
1 5 9 1.47877 0.108171 0
0 5 9 1.35092 0.105585 0
1 5 10 -0.350545 0.0451938 0
0 5 10 -0.218545 0.0503726 0
1 5 11 4.48851 0.207843 0
0 5 11 4.4244 0.241084 0
1 6 0 -0.234783 0.0245856 0
0 6 0 0.175774 0.0561404 0
1 6 1 1.42409 0.073442 0
0 6 1 3.17753 0.249337 0
1 6 2 -0.27749 0.0277984 0
0 6 2 -0.604081 0.0452078 0
1 6 3 28.1391 0.938957 0
0 6 3 23.3176 2.76845 0
1 6 4 -0.223873 0.0282475 0
0 6 4 -0.25042 0.108216 0
1 6 5 1.65971 0.0928028 0
0 6 5 1.78572 0.245376 0
1 6 6 -0.780457 0.0207815 0
0 6 6 -0.322372 0.0738652 0
1 6 7 9.34515 0.506263 0
0 6 7 3.70423 0.426782 0
1 6 8 -0.259796 0.040967 0
0 6 8 -0.312389 0.0752514 0
1 6 9 2.20051 0.154339 0
0 6 9 1.97998 0.226638 0
1 6 10 -0.147716 0.0535074 0
0 6 10 -0.122156 0.112892 0
1 6 11 10.0234 0.484656 0
0 6 11 6.689 0.631481 0
1 7 0 -0.291862 0.0448476 0
0 7 0 0 0 1
1 7 1 2.32193 0.139405 0
0 7 1 0 0 1
1 7 2 -0.148182 0.0500193 0
0 7 2 0 0 1
1 7 3 7.74746 0.492771 0
0 7 3 0 0 1
1 7 4 -0.261318 0.038808 0
0 7 4 1.04941 0.479571 0
1 7 5 3.44665 0.19773 0
0 7 5 1.8715 0.361478 0
1 7 6 -0.0463329 0.0610907 1
0 7 6 0.283027 0.184585 0
1 7 7 5.94801 0.439974 0
0 7 7 41.1609 4.64154 0
1 7 8 -0.0794275 0.069191 0
0 7 8 0.0904502 0.160334 0
1 7 9 10.9966 0.830573 0
0 7 9 3.91414 0.835548 0
1 7 10 -0.142937 0.0887378 0
0 7 10 -0.021346 0.199922 1
1 7 11 4.39743 0.564287 0
0 7 11 11.7669 2.15254 0
1 8 0 0.204512 0.0529608 0
0 8 0 0 0 1
1 8 1 0.390904 0.049829 0
0 8 1 0 0 1
1 8 2 0.232892 0.0439975 0
0 8 2 0 0 1
1 8 3 0.362982 0.0503846 0
0 8 3 0 0 1
1 8 4 0.526736 0.0592486 0
0 8 4 -0.446675 0.204762 0
1 8 5 0.46179 0.0613139 0
0 8 5 0 0 1
1 8 6 0.548325 0.0729161 0
0 8 6 0 0 1
1 8 7 0.893568 0.10269 0
0 8 7 0 0 1
1 8 8 0.4342 0.0960534 0
0 8 8 0 0 1
1 8 9 0.590401 0.128654 0
0 8 9 0 0 1
1 8 10 0.517263 0.14414 0
0 8 10 0 0 1
1 8 11 0.35806 0.117529 0
0 8 11 0 0 1
