0 0 0.97986 0.0688911 0.10607 0.000249177 0.408665 0.0102205 0.0198329 0.522444 0.883286 0.978118 0.000252148 0.144628 0.000143463 0.475443 0.00580723 0.0216174 0.524305 0.849564
0 1 0.977275 0.00394065 0.0584487 0.00014735 0.651697 0.0203769 0.0225511 0.343724 0.920886 0.977321 0.0166339 0.0912207 0.000195228 0.641046 0.00477794 0.0224274 0.34232 0.902733
1 0 0.981606 0.0129897 0.0478553 2.00069e-05 0.765769 0.00370076 0.0183225 0.221239 0.948444 0.980662 0.00872952 0.0353214 0.000119833 0.744522 0.000619439 0.0192124 0.246746 0.964059
1 1 0.977775 5.40576e-05 0.0300695 6.80361e-05 0.900974 0.0183925 0.0221045 0.0975572 0.951373 0.978782 0.00823043 0.0235121 0.000172698 0.912219 0.0203392 0.0209776 0.0794733 0.955825
2 0 0.98333 0.0030634 0.0449338 0.00030172 0.881394 0.0061234 0.0162862 0.115049 0.948943 0.983767 0.01149 0.038903 0.00024002 0.854265 0.00688421 0.0159651 0.132573 0.952968
2 1 0.978399 6.02331e-06 0.0282818 0.000703808 0.961629 0.0171543 0.0208 0.0374506 0.954118 0.977524 2.15933e-05 0.022676 0.000424479 0.959272 0.0121568 0.0220066 0.0388872 0.965167
3 0 0.98543 7.92836e-07 0.0462459 0.000913059 0.939038 0.0151441 0.0135279 0.0594869 0.938381 0.983852 0.00011586 0.061773 0.000850594 0.942447 0.00936687 0.0152405 0.0560521 0.928374
3 1 0.979404 0.000306166 0.0312924 0.00119181 0.969341 0.0219361 0.0193297 0.029486 0.946186 0.980375 1.8576e-08 0.00604893 0.000595522 0.969104 0.0191351 0.0189267 0.0302762 0.974197
4 0 0.986228 0.00260985 0.0540215 0.000358685 0.966415 0.0226262 0.0133602 0.0306643 0.922555 0.986883 0.000954577 0.0480852 0.000299212 0.968345 0.0222183 0.0126608 0.0297582 0.928262
4 1 0.978434 0.00871954 0.0385683 0.00243326 0.960345 0.0273011 0.0188791 0.0309356 0.932347 0.978068 0.0217151 0.0280238 0.00208573 0.948412 0.0282186 0.0196365 0.0298733 0.941977
5 0 0.989941 1.44406e-07 0.0447393 9.95504e-05 0.973305 0.019983 0.00977585 0.0258384 0.933659 0.987939 4.38834e-07 0.0447688 0.000180581 0.972906 0.0280666 0.0116144 0.0229778 0.924053
5 1 0.983192 0.00660745 0.0342093 0.000609987 0.965213 0.0211399 0.016088 0.0275801 0.943833 0.982462 1.59511e-05 0.00999473 0.000267692 0.967165 0.0286082 0.017014 0.0323929 0.960375
6 0 0.991179 8.42474e-09 0.017991 0.000105385 0.983856 0.0200447 0.00855524 0.0145446 0.95966 0.991535 7.59748e-07 0.016434 0.000280363 0.982054 0.0209155 0.00795477 0.0170836 0.959743
6 1 0.98245 0.00662535 0.00641504 0.00132122 0.964142 0.0136388 0.0157056 0.0292322 0.978934 0.982086 8.8381e-08 9.64165e-12 0.000701656 0.971926 0.0305912 0.0170004 0.0269761 0.96688
7 0 0.994073 0.00241194 0.0139147 0.000380739 0.991275 0.0118218 0.00107456 0.0012735 0.954014 0.991873 6.58576e-06 0.0224092 0.000291325 0.978194 0.0071214 0.00401777 0.0148915 0.946231
7 1 0.988508 0.00140646 6.34332e-05 0.00111985 0.979863 0.00183231 0.00479235 0.0154111 0.985838 0.988031 0.00301975 0.000210398 0.000897298 0.995448 0.0129983 0.00517291 1.52121e-05 0.97392
8 0 0.989807 7.45486e-10 0.0283748 0.000478196 0.984057 0.0105825 0.000774457 0.00732172 0.935848 0.990362 4.07419e-09 0.0353164 0.000569612 0.987718 0.0079954 0.00114422 0.00326604 0.938951
8 1 0.983923 0.000828361 0.0184776 0.0013675 0.982444 0.0174037 3.7687e-09 5.17578e-06 0.952982 0.981455 0.0234663 0.0329177 0.00106329 0.966476 0.00513248 0.00392626 0.00780935 0.939136
9 0 0.977403 1.35386e-07 0.0186371 0.00309876 0.974099 0.00190636 0.00138547 0.00655474 0.965485 0.976551 4.26484e-11 0.0320469 0.00501781 0.982644 0.00955213 0.00135552 0.00487356 0.940186
9 1 0.960103 0.00204682 1.02966e-08 0.015966 0.970678 0.00525285 0.0035158 0.0119945 0.982666 0.959123 0.00314808 0.0876566 0.00899846 0.953489 0.0140901 0.0117825 0.0196768 0.870651
10 0 0.90609 3.20041e-09 7.76983e-08 0.0166688 0.968704 0.00486689 0.00391786 0.000644193 0.982346 0.916208 4.54073e-11 4.29966e-05 0.0139382 0.972005 0.00147758 0.00204383 0.00616582 0.990882
10 1 0.881124 0.00670615 0.0269642 0.0374731 0.886927 0.000862659 0.0177091 0.0473943 0.964118 0.889567 0.00212116 4.82622e-08 0.032082 0.973241 0.0353716 0.0100812 0.00168299 0.957635
11 0 0.745655 1.26164e-11 5.84428e-07 0.0367081 0.945481 0.00748636 0.000425511 0.00218004 0.973397 0.755438 2.51222e-06 0.000137037 0.0378026 0.956673 0.0103024 0.0026127 0.00364153 0.968841
11 1 0.742292 0.0401739 8.91397e-07 0.0974086 0.829417 0.0142797 0.00671765 0.0409719 0.974814 0.790468 0.0747903 4.09335e-08 0.0607653 0.867006 0.00811132 0.0149526 1.9848e-09 0.988371
12 0 0.598677 0.0103078 0.0134907 0.0511847 0.880009 0.0110667 0.00475624 0.00242033 0.95169 0.61571 8.61947e-07 0.036308 0.0515539 0.595388 0.000648284 6.7354e-08 0.00199641 0.936585
12 1 0.540964 0.0725157 0.124425 0.162643 0.927484 0.0575112 7.64665e-13 1.80744e-15 0.773576 0.656142 2.31627e-13 0.0128917 0.0861857 0.79437 0.144847 0.00487726 0.20563 0.842261
13 0 0.469449 4.74147e-05 0.0349273 0.0605889 0.738981 0.000441154 0.00187552 0.0120741 0.93423 0.483634 0.024218 0.0261404 0.0545178 0.762423 0.0111049 0.00327445 0.0100444 0.935402
13 1 0.459496 0 0.0762274 0.0676168 0.999999 0.00294849 2.44041e-08 0 0.913643 0.265504 9.42574e-13 0.146257 0.325543 0.147659 0.0586966 4.78457e-07 1.64492e-05 0.684699
