1	4	1	0.978	0.961	0.979	0.961	0.9995	0.9611	0.9996	0.9611
1	4	2	0.972	0.961	0.969	0.961	0.9991	0.9607	0.9995	0.9607
1	4	3	0.963	0.961	0.963	0.961	0.9975	0.9607	0.9967	0.9607
1	4	4	0.948	0.961	0.950	0.961	0.9465	0.9607	0.9375	0.9607
1	4	5	0.939	0.961	0.938	0.961	0.9069	0.9607	0.8746	0.9607
1	4	6	0.919	0.961	0.919	0.961	0.8870	0.9605	0.8590	0.9605
1	4	7	0.892	0.960	0.899	0.960	0.8591	0.9599	0.8126	0.9599
1	4	8	0.885	0.959	0.874	0.959	0.8230	0.9589	0.7852	0.9589
1	4	9	0.802	0.958	0.808	0.958	0.8707	0.9580	0.8306	0.9580
1	4	10	0.832	0.954	0.768	0.954	0.9913	0.9537	1.0000	0.9537
1	5	1	0.981	0.965	0.981	0.965	0.9994	0.9648	0.9995	0.9648
1	5	2	0.973	0.965	0.973	0.965	0.9989	0.9648	0.9994	0.9648
1	5	3	0.966	0.965	0.965	0.965	0.9980	0.9648	0.9984	0.9648
1	5	4	0.954	0.965	0.952	0.965	0.9651	0.9646	0.9562	0.9646
1	5	5	0.944	0.965	0.944	0.965	0.9270	0.9645	0.9081	0.9645
2	2	5	0.944	0.956	0.939	0.956	0.8824	0.9561	0.8641	0.9561
2	2	6	0.939	0.953	0.924	0.953	0.8754	0.9534	0.8653	0.9534
2	2	7	0.918	0.953	0.898	0.953	0.8555	0.9534	0.7790	0.9534
2	2	8	0.864	0.953	0.821	0.953	0.8291	0.9534	0.7550	0.9534
2	2	9	0.800	0.953	0.802	0.953	0.8582	0.9534	0.8755	0.9534
2	2	10	0.799	0.953	0.724	0.953	0.9932	0.9534	0.9812	0.9534
2	2	11	0.722	0.953	0.695	0.953	1.0000	0.9534	1.0000	0.9534
2	2	12	0.623	0.953	0.539	0.953	1.0000	0.9534	1.0000	0.9534
2	3	3	0.969	0.965	0.968	0.965	0.9971	0.9649	0.9963	0.9649
2	3	4	0.963	0.963	0.960	0.963	0.9436	0.9634	0.9275	0.9634
2	3	5	0.946	0.963	0.944	0.963	0.8995	0.9627	0.8726	0.9627
2	3	6	0.938	0.963	0.929	0.963	0.8960	0.9627	0.8561	0.9627
2	3	7	0.918	0.963	0.905	0.963	0.8745	0.9627	0.8271	0.9627
2	3	8	0.887	0.963	0.876	0.963	0.8244	0.9627	0.7745	0.9627
2	3	9	0.876	0.963	0.832	0.963	0.9007	0.9627	0.8418	0.9627
2	3	10	0.832	0.963	0.808	0.963	0.9969	0.9627	0.9917	0.9627
2	3	11	0.773	0.963	0.727	0.963	1.0000	0.9627	0.9995	0.9627
2	3	12	0.661	0.963	0.607	0.963	1.0000	0.9625	1.0000	0.9625
2	4	1	0.987	0.976	0.986	0.976	0.9997	0.9757	0.9998	0.9757
2	4	2	0.981	0.973	0.980	0.973	0.9996	0.9728	0.9997	0.9728
2	4	3	0.974	0.973	0.976	0.973	0.9978	0.9726	0.9977	0.9726
2	4	4	0.969	0.973	0.967	0.973	0.9588	0.9726	0.9473	0.9726
2	4	5	0.961	0.973	0.957	0.973	0.9327	0.9726	0.9138	0.9726
2	4	6	0.949	0.972	0.946	0.972	0.9269	0.9724	0.9075	0.9724
2	4	7	0.932	0.971	0.926	0.971	0.9015	0.9715	0.8711	0.9715
2	4	8	0.898	0.970	0.904	0.970	0.8652	0.9702	0.8261	0.9702
2	4	9	0.877	0.969	0.860	0.969	0.9080	0.9692	0.8716	0.9692
2	4	10	0.836	0.968	0.813	0.968	0.9987	0.9680	0.9981	0.9680
2	4	11	0.771	0.967	0.728	0.967	0.9995	0.9675	1.0000	0.9675
2	4	12	0.623	0.967	0.682	0.967	1.0000	0.9673	1.0000	0.9673
2	5	1	0.990	0.982	0.990	0.982	0.9997	0.9816	0.9999	0.9816
2	5	2	0.987	0.982	0.986	0.982	0.9997	0.9816	0.9998	0.9816
2	5	3	0.983	0.982	0.983	0.982	0.9989	0.9815	0.9988	0.9815
2	5	4	0.978	0.981	0.978	0.981	0.9785	0.9810	0.9713	0.9810
2	5	5	0.973	0.980	0.971	0.980	0.9577	0.9800	0.9480	0.9800
3	1	8	0.882	0.953	0.828	0.953	0.8491	0.9530	0.7717	0.9530
3	1	9	0.839	0.952	0.836	0.952	0.8908	0.9520	0.8607	0.9520
3	1	10	0.801	0.951	0.759	0.951	0.9862	0.9515	0.9599	0.9515
3	1	11	0.777	0.952	0.694	0.952	1.0000	0.9517	0.9973	0.9517
3	1	12	0.659	0.952	0.611	0.952	1.0000	0.9517	1.0000	0.9517
3	2	5	0.951	0.966	0.955	0.966	0.9238	0.9658	0.8963	0.9658
3	2	6	0.943	0.964	0.934	0.964	0.9047	0.9635	0.8592	0.9635
3	2	7	0.915	0.961	0.910	0.961	0.8805	0.9613	0.8303	0.9613
3	2	8	0.896	0.961	0.878	0.961	0.8462	0.9610	0.8001	0.9610
3	2	9	0.865	0.961	0.834	0.961	0.9148	0.9610	0.8549	0.9610
3	2	10	0.833	0.961	0.800	0.961	0.9902	0.9610	0.9869	0.9610
3	2	11	0.788	0.961	0.748	0.961	0.9995	0.9610	0.9984	0.9610
3	2	12	0.666	0.961	0.605	0.961	1.0000	0.9610	1.0000	0.9610
3	3	3	0.983	0.979	0.980	0.979	0.9980	0.9787	0.9979	0.9787
3	3	4	0.975	0.976	0.974	0.976	0.9621	0.9760	0.9530	0.9760
3	3	5	0.967	0.975	0.963	0.975	0.9478	0.9748	0.9219	0.9748
3	3	6	0.960	0.975	0.954	0.975	0.9432	0.9748	0.9157	0.9748
3	3	7	0.948	0.975	0.942	0.975	0.9222	0.9748	0.8912	0.9748
3	3	8	0.932	0.975	0.923	0.975	0.8938	0.9748	0.8383	0.9748
3	3	9	0.912	0.975	0.894	0.975	0.9367	0.9748	0.8869	0.9748
3	3	10	0.880	0.975	0.865	0.975	0.9966	0.9748	0.9957	0.9748
3	3	11	0.821	0.975	0.816	0.975	0.9999	0.9748	0.9999	0.9748
3	3	12	0.726	0.974	0.680	0.974	0.9999	0.9744	0.9998	0.9744
3	4	1	0.993	0.987	0.993	0.987	0.9999	0.9870	0.9999	0.9870
3	4	2	0.990	0.985	0.990	0.985	0.9998	0.9853	0.9999	0.9853
3	4	3	0.988	0.985	0.987	0.985	0.9990	0.9852	0.9987	0.9852
3	4	4	0.986	0.985	0.985	0.985	0.9772	0.9852	0.9702	0.9852
3	4	5	0.982	0.985	0.979	0.985	0.9676	0.9852	0.9572	0.9852
3	4	6	0.977	0.985	0.975	0.985	0.9705	0.9851	0.9603	0.9851
3	4	7	0.969	0.985	0.965	0.985	0.9605	0.9846	0.9398	0.9846
3	4	8	0.955	0.984	0.948	0.984	0.9323	0.9839	0.8975	0.9839
3	4	9	0.937	0.983	0.934	0.983	0.9518	0.9832	0.9250	0.9832
3	4	10	0.909	0.983	0.886	0.983	0.9986	0.9826	0.9982	0.9826
3	4	11	0.872	0.982	0.834	0.982	1.0000	0.9821	1.0000	0.9821
3	4	12	0.809	0.982	0.784	0.982	1.0000	0.9815	1.0000	0.9815
3	5	1	0.995	0.990	0.994	0.990	0.9999	0.9899	0.9999	0.9899
3	5	2	0.993	0.990	0.993	0.990	0.9999	0.9899	0.9999	0.9899
3	5	3	0.991	0.990	0.991	0.990	0.9994	0.9898	0.9994	0.9898
3	5	4	0.989	0.990	0.989	0.990	0.9876	0.9896	0.9827	0.9896
3	5	5	0.986	0.989	0.985	0.989	0.9786	0.9893	0.9705	0.9893
4	1	8	0.932	0.965	0.890	0.965	0.8949	0.9652	0.8161	0.9652
4	1	9	0.887	0.963	0.855	0.963	0.9130	0.9629	0.8629	0.9629
4	1	10	0.857	0.961	0.813	0.961	0.9806	0.9614	0.9692	0.9614
4	1	11	0.795	0.959	0.724	0.959	0.9981	0.9590	0.9965	0.9590
4	1	12	0.694	0.957	0.613	0.957	1.0000	0.9572	1.0000	0.9572
4	2	5	0.972	0.978	0.965	0.978	0.9473	0.9776	0.9329	0.9776
4	2	6	0.956	0.975	0.948	0.975	0.9495	0.9754	0.9257	0.9754
4	2	7	0.955	0.974	0.939	0.974	0.9248	0.9736	0.8907	0.9736
4	2	8	0.941	0.973	0.919	0.973	0.8908	0.9732	0.8289	0.9732
4	2	9	0.918	0.973	0.892	0.973	0.9409	0.9733	0.9022	0.9733
4	2	10	0.882	0.973	0.849	0.973	0.9938	0.9733	0.9900	0.9733
4	2	11	0.848	0.973	0.816	0.973	0.9997	0.9733	1.0000	0.9733
4	2	12	0.768	0.973	0.688	0.973	0.9998	0.9733	1.0000	0.9733
4	3	3	0.988	0.986	0.988	0.986	0.9986	0.9856	0.9984	0.9856
4	3	4	0.986	0.984	0.984	0.984	0.9758	0.9841	0.9697	0.9841
4	3	5	0.982	0.983	0.977	0.983	0.9626	0.9831	0.9517	0.9831
4	3	6	0.975	0.983	0.974	0.983	0.9684	0.9831	0.9584	0.9831
4	3	7	0.970	0.983	0.964	0.983	0.9549	0.9831	0.9386	0.9831
4	3	8	0.959	0.983	0.953	0.983	0.9348	0.9831	0.9072	0.9831
4	3	9	0.943	0.983	0.933	0.983	0.9562	0.9831	0.9322	0.9831
4	3	10	0.918	0.983	0.902	0.983	0.9982	0.9831	0.9970	0.9831
4	3	11	0.880	0.983	0.858	0.983	1.0000	0.9831	1.0000	0.9831
4	3	12	0.796	0.983	0.772	0.983	1.0000	0.9829	1.0000	0.9829
4	4	1	0.995	0.991	0.995	0.991	0.9999	0.9911	1.0000	0.9911
4	4	2	0.993	0.990	0.993	0.990	0.9999	0.9900	0.9999	0.9900
4	4	3	0.992	0.990	0.991	0.990	0.9992	0.9899	0.9991	0.9899
4	4	4	0.990	0.990	0.990	0.990	0.9845	0.9899	0.9794	0.9899
4	4	5	0.987	0.990	0.987	0.990	0.9792	0.9899	0.9706	0.9899
4	4	6	0.984	0.990	0.984	0.990	0.9837	0.9898	0.9785	0.9898
4	4	7	0.979	0.990	0.977	0.990	0.9747	0.9895	0.9629	0.9895
4	4	8	0.971	0.989	0.967	0.989	0.9531	0.9892	0.9307	0.9892
4	4	9	0.959	0.989	0.949	0.989	0.9676	0.9888	0.9469	0.9888
4	4	10	0.941	0.988	0.928	0.988	0.9997	0.9884	0.9987	0.9884
4	4	11	0.908	0.988	0.899	0.988	1.0000	0.9880	1.0000	0.9880
4	4	12	0.774	0.986	0.791	0.986	0.9995	0.9862	1.0000	0.9862
4	5	1	0.996	0.993	0.996	0.993	0.9999	0.9928	1.0000	0.9928
4	5	2	0.995	0.993	0.995	0.993	0.9999	0.9928	0.9999	0.9928
4	5	3	0.994	0.993	0.994	0.993	0.9996	0.9928	0.9996	0.9928
4	5	4	0.992	0.993	0.992	0.993	0.9903	0.9925	0.9875	0.9925
4	5	5	0.991	0.992	0.990	0.992	0.9859	0.9922	0.9823	0.9922
5	1	8	0.932	0.976	0.936	0.976	0.9196	0.9757	0.8581	0.9757
5	1	9	0.919	0.974	0.905	0.974	0.9485	0.9737	0.9030	0.9737
5	1	10	0.880	0.972	0.846	0.972	0.9916	0.9722	0.9737	0.9722
5	1	11	0.849	0.971	0.811	0.971	0.9992	0.9709	0.9979	0.9709
5	1	12	0.770	0.969	0.665	0.969	0.9998	0.9694	0.9995	0.9694
5	2	5	0.980	0.984	0.983	0.984	0.9620	0.9842	0.9527	0.9842
5	2	6	0.980	0.983	0.973	0.983	0.9712	0.9831	0.9496	0.9831
5	2	7	0.971	0.982	0.972	0.982	0.9562	0.9821	0.9226	0.9821
5	2	8	0.960	0.982	0.951	0.982	0.9378	0.9819	0.9014	0.9819
5	2	9	0.946	0.982	0.929	0.982	0.9587	0.9819	0.9180	0.9819
5	2	10	0.925	0.982	0.912	0.982	0.9958	0.9819	0.9925	0.9819
5	2	11	0.892	0.982	0.857	0.982	0.9999	0.9819	0.9996	0.9819
5	2	12	0.816	0.982	0.776	0.982	1.0000	0.9819	0.9998	0.9819
5	3	3	0.993	0.990	0.992	0.990	0.9991	0.9898	0.9988	0.9898
5	3	4	0.990	0.989	0.989	0.989	0.9833	0.9887	0.9777	0.9887
5	3	5	0.988	0.988	0.985	0.988	0.9782	0.9881	0.9657	0.9881
5	3	6	0.984	0.988	0.982	0.988	0.9814	0.9881	0.9728	0.9881
5	3	7	0.980	0.988	0.975	0.988	0.9749	0.9881	0.9593	0.9881
5	3	8	0.972	0.988	0.965	0.988	0.9595	0.9881	0.9354	0.9881
5	3	9	0.962	0.988	0.954	0.988	0.9709	0.9881	0.9513	0.9881
5	3	10	0.945	0.988	0.930	0.988	0.9988	0.9881	0.9980	0.9881
5	3	11	0.914	0.988	0.892	0.988	1.0000	0.9881	0.9999	0.9881
5	3	12	0.849	0.988	0.799	0.988	1.0000	0.9879	1.0000	0.9879
5	4	1	0.996	0.993	0.996	0.993	1.0000	0.9933	1.0000	0.9933
5	4	2	0.995	0.993	0.995	0.993	0.9999	0.9927	1.0000	0.9927
5	4	3	0.995	0.993	0.994	0.993	0.9995	0.9926	0.9993	0.9926
5	4	4	0.993	0.993	0.993	0.993	0.9899	0.9926	0.9864	0.9926
5	4	5	0.992	0.993	0.991	0.993	0.9862	0.9926	0.9813	0.9926
5	4	6	0.990	0.993	0.988	0.993	0.9901	0.9926	0.9852	0.9926
5	4	7	0.986	0.992	0.984	0.992	0.9842	0.9924	0.9767	0.9924
5	4	8	0.980	0.992	0.979	0.992	0.9702	0.9921	0.9558	0.9921
5	4	9	0.970	0.992	0.965	0.992	0.9771	0.9920	0.9575	0.9920
5	4	10	0.956	0.992	0.947	0.992	0.9994	0.9918	0.9988	0.9918
5	4	11	0.936	0.992	0.915	0.992	1.0000	0.9916	0.9999	0.9916
5	4	12	0.850	0.991	0.845	0.991	1.0000	0.9914	1.0000	0.9914
5	5	1	0.997	0.995	0.997	0.995	1.0000	0.9949	1.0000	0.9949
5	5	2	0.996	0.995	0.996	0.995	0.9999	0.9949	1.0000	0.9949
5	5	3	0.996	0.995	0.995	0.995	0.9997	0.9949	0.9997	0.9949
5	5	4	0.995	0.995	0.994	0.995	0.9935	0.9947	0.9893	0.9947
5	5	5	0.994	0.995	0.993	0.995	0.9901	0.9945	0.9874	0.9945
6	1	8	0.964	0.985	0.958	0.985	0.9457	0.9845	0.9216	0.9845
6	1	9	0.955	0.984	0.940	0.984	0.9687	0.9840	0.9293	0.9840
6	1	10	0.928	0.983	0.904	0.983	0.9935	0.9832	0.9800	0.9832
6	1	11	0.900	0.982	0.871	0.982	0.9995	0.9823	0.9989	0.9823
6	1	12	0.832	0.982	0.775	0.982	0.9999	0.9816	0.9999	0.9816
6	2	5	0.991	0.990	0.988	0.990	0.9793	0.9902	0.9739	0.9902
6	2	6	0.987	0.989	0.983	0.989	0.9841	0.9894	0.9736	0.9894
6	2	7	0.982	0.989	0.980	0.989	0.9756	0.9887	0.9586	0.9887
6	2	8	0.977	0.989	0.970	0.989	0.9667	0.9885	0.9319	0.9885
6	2	9	0.966	0.989	0.955	0.989	0.9749	0.9885	0.9538	0.9885
6	2	10	0.951	0.989	0.935	0.989	0.9976	0.9885	0.9949	0.9885
6	2	11	0.928	0.989	0.910	0.989	1.0000	0.9885	0.9998	0.9885
6	2	12	0.872	0.989	0.831	0.989	1.0000	0.9885	1.0000	0.9885
6	3	3	0.996	0.993	0.995	0.993	0.9995	0.9935	0.9992	0.9935
6	3	4	0.994	0.993	0.993	0.993	0.9901	0.9928	0.9858	0.9928
6	3	5	0.993	0.993	0.991	0.993	0.9865	0.9925	0.9796	0.9925
6	3	6	0.991	0.992	0.990	0.992	0.9901	0.9925	0.9843	0.9925
6	3	7	0.989	0.992	0.986	0.992	0.9864	0.9925	0.9780	0.9925
6	3	8	0.984	0.992	0.980	0.992	0.9742	0.9925	0.9562	0.9925
6	3	9	0.978	0.992	0.970	0.992	0.9844	0.9925	0.9698	0.9925
6	3	10	0.967	0.992	0.955	0.992	0.9993	0.9925	0.9988	0.9925
6	3	11	0.947	0.992	0.931	0.992	1.0000	0.9925	1.0000	0.9925
6	3	12	0.897	0.992	0.863	0.992	1.0000	0.9924	1.0000	0.9924
6	4	1	0.997	0.996	0.997	0.996	1.0000	0.9955	0.9992	0.9955
6	4	2	0.997	0.995	0.996	0.995	1.0000	0.9950	1.0000	0.9950
6	4	3	0.996	0.995	0.996	0.995	0.9996	0.9949	0.9995	0.9949
6	4	4	0.996	0.995	0.995	0.995	0.9937	0.9949	0.9901	0.9949
6	4	5	0.995	0.995	0.994	0.995	0.9921	0.9949	0.9883	0.9949
6	4	6	0.994	0.995	0.993	0.995	0.9940	0.9949	0.9909	0.9949
6	4	7	0.991	0.995	0.990	0.995	0.9911	0.9948	0.9852	0.9948
6	4	8	0.989	0.995	0.985	0.995	0.9820	0.9947	0.9663	0.9947
6	4	9	0.982	0.995	0.975	0.995	0.9874	0.9945	0.9720	0.9945
6	4	10	0.971	0.994	0.963	0.994	0.9996	0.9944	0.9994	0.9944
6	4	11	0.956	0.994	0.950	0.994	1.0000	0.9942	1.0000	0.9942
6	4	12	0.905	0.994	0.882	0.994	1.0000	0.9944	1.0000	0.9944
6	5	1	0.998	0.997	0.998	0.997	1.0000	0.9966	1.0000	0.9966
6	5	2	0.998	0.997	0.997	0.997	1.0000	0.9966	1.0000	0.9966
6	5	3	0.997	0.997	0.997	0.997	0.9998	0.9966	0.9998	0.9966
6	5	4	0.997	0.996	0.996	0.996	0.9958	0.9965	0.9939	0.9965
6	5	5	0.996	0.996	0.996	0.996	0.9947	0.9963	0.9897	0.9963
7	1	8	0.985	0.990	0.970	0.990	0.9727	0.9903	0.9492	0.9903
7	1	9	0.969	0.990	0.968	0.990	0.9792	0.9898	0.9518	0.9898
7	1	10	0.964	0.989	0.945	0.989	0.9967	0.9894	0.9881	0.9894
7	1	11	0.940	0.989	0.913	0.989	0.9998	0.9886	0.9988	0.9886
7	1	12	0.886	0.988	0.832	0.988	1.0000	0.9882	0.9999	0.9882
7	2	5	0.994	0.994	0.995	0.994	0.9886	0.9935	0.9817	0.9935
7	2	6	0.993	0.993	0.990	0.993	0.9901	0.9930	0.9804	0.9930
7	2	7	0.990	0.993	0.986	0.993	0.9849	0.9925	0.9683	0.9925
7	2	8	0.986	0.992	0.982	0.992	0.9776	0.9924	0.9565	0.9924
7	2	9	0.980	0.992	0.972	0.992	0.9871	0.9924	0.9676	0.9924
7	2	10	0.968	0.992	0.959	0.992	0.9990	0.9924	0.9973	0.9924
7	2	11	0.950	0.992	0.927	0.992	1.0000	0.9924	0.9997	0.9924
7	2	12	0.909	0.992	0.859	0.992	1.0000	0.9924	1.0000	0.9924
7	3	3	0.997	0.995	0.996	0.995	0.9996	0.9955	0.9994	0.9955
7	3	4	0.996	0.995	0.995	0.995	0.9941	0.9950	0.9898	0.9950
7	3	5	0.996	0.995	0.995	0.995	0.9921	0.9948	0.9860	0.9948
7	3	6	0.994	0.995	0.993	0.995	0.9943	0.9948	0.9912	0.9948
7	3	7	0.993	0.995	0.991	0.995	0.9916	0.9948	0.9848	0.9948
7	3	8	0.991	0.995	0.987	0.995	0.9853	0.9948	0.9709	0.9948
7	3	9	0.985	0.995	0.979	0.995	0.9905	0.9948	0.9776	0.9948
7	3	10	0.978	0.995	0.968	0.995	0.9995	0.9948	0.9990	0.9948
7	3	11	0.965	0.995	0.949	0.995	1.0000	0.9948	0.9999	0.9948
7	3	12	0.931	0.995	0.898	0.995	1.0000	0.9948	1.0000	0.9948
7	4	1	0.998	0.997	0.998	0.997	1.0000	0.9970	1.0000	0.9970
7	4	2	0.998	0.997	0.997	0.997	1.0000	0.9966	1.0000	0.9966
7	4	3	0.998	0.997	0.997	0.997	0.9998	0.9966	0.9996	0.9966
7	4	4	0.997	0.997	0.997	0.997	0.9961	0.9966	0.9933	0.9966
7	4	5	0.997	0.997	0.996	0.997	0.9956	0.9966	0.9915	0.9966
7	4	6	0.996	0.997	0.995	0.997	0.9969	0.9966	0.9939	0.9966
7	4	7	0.995	0.996	0.994	0.996	0.9943	0.9965	0.9901	0.9965
7	4	8	0.992	0.996	0.991	0.996	0.9891	0.9964	0.9804	0.9964
7	4	9	0.989	0.996	0.987	0.996	0.9920	0.9963	0.9870	0.9963
7	4	10	0.981	0.996	0.975	0.996	0.9997	0.9962	0.9990	0.9962
7	4	11	0.974	0.996	0.961	0.996	1.0000	0.9962	0.9999	0.9962
7	5	1	0.999	0.998	0.999	0.998	1.0000	0.9978	1.0000	0.9978
7	5	2	0.998	0.998	0.998	0.998	1.0000	0.9978	1.0000	0.9978
7	5	3	0.998	0.998	0.998	0.998	0.9999	0.9978	0.9998	0.9978
7	5	4	0.998	0.998	0.998	0.998	0.9974	0.9977	0.9968	0.9977
7	5	5	0.998	0.998	0.997	0.998	0.9971	0.9976	0.9938	0.9976
8	1	8	0.989	0.993	0.982	0.993	0.9810	0.9928	0.9516	0.9928
8	1	9	0.979	0.992	0.974	0.992	0.9854	0.9923	0.9519	0.9923
8	1	10	0.970	0.992	0.964	0.992	0.9970	0.9919	0.9935	0.9919
8	1	11	0.962	0.991	0.932	0.991	0.9998	0.9914	0.9990	0.9914
8	1	12	0.917	0.991	0.875	0.991	0.9999	0.9909	0.9999	0.9909
8	2	5	0.996	0.995	0.996	0.995	0.9896	0.9948	0.9818	0.9948
8	2	6	0.995	0.994	0.993	0.994	0.9932	0.9944	0.9850	0.9944
8	2	7	0.993	0.994	0.991	0.994	0.9887	0.9942	0.9772	0.9942
8	2	8	0.989	0.994	0.987	0.994	0.9830	0.9941	0.9530	0.9941
8	2	9	0.985	0.994	0.977	0.994	0.9897	0.9941	0.9713	0.9941
8	2	10	0.976	0.994	0.965	0.994	0.9988	0.9941	0.9963	0.9941
8	2	11	0.971	0.994	0.936	0.994	1.0000	0.9941	0.9999	0.9941
8	2	12	0.925	0.994	0.889	0.994	1.0000	0.9941	1.0000	0.9941
8	3	3	0.998	0.996	0.997	0.996	0.9997	0.9965	0.9995	0.9965
8	3	4	0.997	0.996	0.997	0.996	0.9951	0.9961	0.9917	0.9961
8	3	5	0.996	0.996	0.996	0.996	0.9943	0.9959	0.9886	0.9959
8	3	6	0.996	0.996	0.995	0.996	0.9958	0.9959	0.9920	0.9959
8	3	7	0.995	0.996	0.993	0.996	0.9941	0.9959	0.9886	0.9959
8	3	8	0.993	0.996	0.990	0.996	0.9875	0.9959	0.9722	0.9959
8	3	9	0.989	0.996	0.981	0.996	0.9929	0.9959	0.9797	0.9959
8	3	10	0.984	0.996	0.975	0.996	0.9995	0.9959	0.9986	0.9959
8	3	11	0.972	0.996	0.955	0.996	1.0000	0.9959	0.9999	0.9959
8	3	12	0.948	0.996	0.907	0.996	1.0000	0.9959	1.0000	0.9959
8	4	1	0.999	0.998	0.999	0.998	1.0000	0.9977	1.0000	0.9977
8	4	2	0.998	0.997	0.998	0.997	1.0000	0.9974	1.0000	0.9974
8	4	3	0.998	0.997	0.998	0.997	0.9999	0.9974	0.9997	0.9974
8	4	4	0.998	0.997	0.998	0.997	0.9975	0.9974	0.9947	0.9974
8	4	5	0.998	0.997	0.997	0.997	0.9971	0.9974	0.9947	0.9974
8	4	6	0.997	0.997	0.997	0.997	0.9981	0.9974	0.9960	0.9974
8	4	7	0.996	0.997	0.995	0.997	0.9975	0.9973	0.9951	0.9973
8	4	8	0.994	0.997	0.994	0.997	0.9927	0.9972	0.9755	0.9972
8	4	9	0.991	0.997	0.988	0.997	0.9926	0.9972	0.9869	0.9972
8	4	10	0.985	0.997	0.981	0.997	0.9997	0.9972	0.9996	0.9972
8	4	11	0.972	0.997	0.965	0.997	1.0000	0.9971	1.0000	0.9971
9	2	5	0.997	0.996	0.996	0.996	0.9954	0.9955	0.9891	0.9955
9	2	6	0.995	0.996	0.995	0.996	0.9960	0.9955	0.9905	0.9955
9	2	7	0.995	0.995	0.993	0.995	0.9939	0.9954	0.9855	0.9954
9	2	8	0.993	0.995	0.990	0.995	0.9875	0.9954	0.9714	0.9954
9	2	9	0.990	0.995	0.985	0.995	0.9931	0.9954	0.9754	0.9954
9	2	10	0.984	0.995	0.973	0.995	0.9992	0.9954	0.9968	0.9954
9	2	11	0.974	0.995	0.960	0.995	0.9999	0.9954	0.9996	0.9954
9	2	12	0.951	0.995	0.920	0.995	1.0000	0.9954	0.9999	0.9954
9	3	3	0.998	0.997	0.998	0.997	0.9998	0.9974	0.9996	0.9974
9	3	4	0.998	0.997	0.997	0.997	0.9968	0.9971	0.9941	0.9971
9	3	5	0.998	0.997	0.997	0.997	0.9960	0.9969	0.9920	0.9969
9	3	6	0.998	0.997	0.996	0.997	0.9976	0.9969	0.9939	0.9969
9	3	7	0.996	0.997	0.995	0.997	0.9960	0.9969	0.9896	0.9969
9	3	8	0.995	0.997	0.993	0.997	0.9925	0.9969	0.9785	0.9969
9	3	9	0.992	0.997	0.987	0.997	0.9950	0.9969	0.9858	0.9969
9	3	10	0.988	0.997	0.980	0.997	0.9996	0.9969	0.9990	0.9969
9	3	11	0.981	0.997	0.966	0.997	1.0000	0.9969	0.9998	0.9969
9	3	12	0.960	0.997	0.925	0.997	1.0000	0.9969	1.0000	0.9969
9	4	1	0.999	0.998	0.999	0.998	1.0000	0.9983	1.0000	0.9983
9	4	2	0.999	0.998	0.999	0.998	1.0000	0.9981	1.0000	0.9981
9	4	3	0.999	0.998	0.998	0.998	0.9999	0.9981	0.9998	0.9981
9	4	4	0.999	0.998	0.998	0.998	0.9982	0.9981	0.9968	0.9981
9	4	5	0.998	0.998	0.998	0.998	0.9978	0.9981	0.9949	0.9981
9	4	6	0.998	0.998	0.998	0.998	0.9989	0.9981	0.9969	0.9981
9	4	7	0.997	0.998	0.997	0.998	0.9980	0.9980	0.9960	0.9980
9	4	8	0.997	0.998	0.995	0.998	0.9961	0.9980	0.9918	0.9980
9	4	9	0.994	0.998	0.991	0.998	0.9958	0.9979	0.9874	0.9979
9	4	10	0.990	0.998	0.985	0.998
