         0.2	     0.11548	 1.98265e-08	   0.0045128	   0.0361766
        0.21	    0.114753	 5.30956e-08	  0.00731125	   0.0390976
        0.22	    0.113993	  1.2497e-07	     0.01139	   0.0413588
        0.23	    0.113205	 2.72885e-07	   0.0170744	   0.0428669
        0.24	    0.112389	 6.15285e-07	   0.0247064	   0.0436095
        0.25	    0.111548	 1.29086e-06	   0.0346322	   0.0435945
        0.26	    0.110682	 2.54637e-06	   0.0471471	   0.0428448
        0.27	    0.109793	 5.06081e-06	   0.0623421	   0.0414428
        0.28	    0.108882	 9.62122e-06	   0.0802568	    0.039486
        0.29	    0.107951	 1.74442e-05	    0.100837	   0.0370748
         0.3	    0.106999	 3.14644e-05	     0.12365	   0.0343229
        0.31	    0.106029	  5.5046e-05	    0.148169	   0.0313468
        0.32	    0.105041	 9.28811e-05	    0.173794	   0.0282578
        0.33	    0.104035	 0.000154973	    0.199629	   0.0251459
        0.34	    0.103012	 0.000252652	    0.224704	   0.0220955
        0.35	    0.101973	 0.000400521	     0.24806	   0.0191832
        0.36	    0.100918	 0.000626259	    0.268783	   0.0164533
        0.37	   0.0998475	 0.000960818	    0.285971	   0.0139421
        0.38	   0.0987622	   0.0014416	    0.298819	   0.0116795
        0.39	   0.0976624	  0.00213181	    0.306918	  0.00967003
         0.4	   0.0965484	  0.00310112	    0.309958	  0.00791205
        0.41	   0.0954205	  0.00442914	    0.307751	  0.00640069
        0.42	   0.0942791	  0.00623545	    0.300598	  0.00511868
        0.43	   0.0931243	  0.00864955	    0.288926	  0.00404559
        0.44	   0.0919564	    0.011812	    0.273229	  0.00316054
        0.45	   0.0907755	   0.0159077	    0.254287	   0.0024407
        0.46	    0.089582	   0.0211322	     0.23295	  0.00186276
        0.47	   0.0883759	   0.0276867	     0.21006	  0.00140424
        0.48	   0.0871575	   0.0357929	    0.186421	   0.0010461
        0.49	   0.0859267	   0.0456776	    0.162827	 0.000770165
         0.5	   0.0846837	   0.0575565	    0.140011	 0.000559378
        0.51	   0.0834287	   0.0716001	    0.118456	 0.000401264
        0.52	   0.0821616	   0.0879675	   0.0985832	 0.000284486
        0.53	   0.0808826	    0.106781	   0.0807485	 0.000198613
        0.54	   0.0795917	    0.128017	   0.0650436	 0.000136819
        0.55	   0.0782888	    0.151615	   0.0514946	 9.31829e-05
        0.56	   0.0769741	    0.177454	   0.0400902	 6.23312e-05
        0.57	   0.0756474	    0.205174	   0.0306703	 4.10791e-05
        0.58	   0.0743088	    0.234355	   0.0230375	 2.67891e-05
        0.59	   0.0729582	    0.264515	   0.0169885	 1.70964e-05
         0.6	   0.0715956	    0.294923	   0.0122968	 1.07244e-05
        0.61	   0.0702209	    0.324785	  0.00873025	 6.66867e-06
        0.62	   0.0688339	    0.353282	  0.00606776	 4.03814e-06
        0.63	   0.0674347	    0.379482	   0.0041326	 2.39437e-06
        0.64	    0.066023	    0.402427	  0.00275917	 1.41215e-06
        0.65	   0.0645987	      0.4212	  0.00179516	 8.05755e-07
        0.66	   0.0631617	    0.435046	  0.00114138	 4.47342e-07
        0.67	   0.0617117	    0.443255	 0.000711949	 2.48559e-07
        0.68	   0.0602485	    0.445225	 0.000429671	 1.32488e-07
        0.69	   0.0587719	    0.440805	 0.000252156	 6.79672e-08
         0.7	   0.0572817	    0.429955	 0.000145714	 3.52721e-08
        0.71	   0.0557775	    0.412772	 8.06124e-05	 1.73818e-08
        0.72	   0.0542591	    0.389898	   4.294e-05	 8.08524e-09
        0.73	    0.052726	    0.362113	 2.27423e-05	 3.87389e-09
        0.74	   0.0511778	    0.330279	 1.13651e-05	 1.74459e-09
        0.75	   0.0496142	    0.295589	 5.35598e-06	 7.15804e-10
        0.76	   0.0480346	    0.259322	 2.56285e-06	 3.11373e-10
        0.77	   0.0464385	    0.222727	 1.13865e-06	  1.2679e-10
        0.78	   0.0448253	    0.186948	 4.56109e-07	 4.40853e-11
        0.79	   0.0431943	      0.1531	 1.92918e-07	 1.69243e-11
         0.8	   0.0415448	     0.12218	 7.53603e-08	  6.2025e-12
        0.81	   0.0398759	   0.0947122	 2.41594e-08	 1.73189e-12
        0.82	   0.0381868	   0.0710992	 8.64486e-09	 5.53748e-13
        0.83	   0.0364764	   0.0516221	 2.98623e-09	 1.84218e-13
        0.84	   0.0347434	   0.0360704	 7.12563e-10	 3.90986e-14
        0.85	   0.0329861	   0.0241104	 1.92661e-10	 9.10115e-15
         0.2	    0.124249	   0.0396318	   0.0347841	   0.0484554
        0.21	     0.12304	   0.0397973	   0.0392622	   0.0500859
        0.22	    0.121813	   0.0400298	   0.0450052	    0.051099
        0.23	    0.120571	   0.0403326	   0.0522397	   0.0514477
        0.24	    0.119315	   0.0407095	   0.0611533	   0.0511512
        0.25	    0.118045	   0.0411646	   0.0719241	   0.0502453
        0.26	    0.116764	   0.0417023	   0.0846795	   0.0487756
        0.27	    0.115471	   0.0423284	   0.0993462	    0.046827
        0.28	    0.114167	   0.0430489	      0.1158	   0.0444943
        0.29	    0.112853	   0.0438706	    0.133849	   0.0418724
         0.3	     0.11153	   0.0448035	    0.153023	   0.0390559
        0.31	    0.110197	   0.0458582	    0.172783	   0.0361397
        0.32	    0.108856	   0.0470472	    0.192554	   0.0332127
        0.33	    0.107507	   0.0483885	    0.211611	   0.0303407
        0.34	     0.10615	   0.0499018	    0.229196	   0.0275835
        0.35	    0.104786	   0.0516091	    0.244579	   0.0249943
        0.36	    0.103413	   0.0535417	    0.257162	    0.022599
        0.37	    0.102033	   0.0557328	    0.266377	   0.0204171
        0.38	    0.100645	    0.058219	    0.271744	   0.0184632
        0.39	   0.0992497	   0.0610483	    0.273131	   0.0167332
         0.4	    0.097846	   0.0642719	    0.270492	   0.0152185
        0.41	   0.0964341	   0.0679432	    0.263866	   0.0139085
        0.42	   0.0950133	   0.0721255	    0.253642	   0.0127847
        0.43	   0.0935834	   0.0768847	    0.240293	   0.0118269
        0.44	   0.0921435	   0.0822859	    0.224327	   0.0110147
        0.45	    0.090693	   0.0883931	      0.2064	   0.0103275
        0.46	   0.0892308	   0.0952697	    0.187205	  0.00974479
        0.47	   0.0877561	    0.102973	    0.167409	  0.00924692
        0.48	   0.0862676	    0.111534	    0.147593	   0.0088176
        0.49	   0.0847643	     0.12098	    0.128312	  0.00844142
         0.5	    0.083245	     0.13132	    0.110071	  0.00810391
        0.51	   0.0817085	    0.142506	   0.0931601	   0.0077944
        0.52	   0.0801537	    0.154474	   0.0778183	   0.0075032
        0.53	   0.0785795	    0.167136	   0.0642369	  0.00722135
        0.54	    0.076985	    0.180317	   0.0524186	  0.00694304
        0.55	   0.0753695	    0.193819	    0.042319	  0.00666321
        0.56	   0.0737326	     0.20742	   0.0338716	   0.0063774
        0.57	   0.0720743	    0.220808	   0.0269207	  0.00608345
        0.58	    0.070395	     0.23365	   0.0212881	  0.00577977
        0.59	   0.0686952	    0.245602	   0.0167962	  0.00546522
         0.6	   0.0669765	     0.25628	   0.0132677	  0.00514037
        0.61	   0.0652405	    0.265291	   0.0105257	  0.00480623
        0.62	   0.0634893	    0.272257	  0.00840355	  0.00446412
        0.63	   0.0617258	    0.276862	  0.00677565	  0.00411661
        0.64	    0.059953	    0.278806	  0.00552684	  0.00376657
        0.65	   0.0581742	    0.277831	  0.00455205	    0.003417
        0.66	   0.0563932	    0.273853	  0.00378665	  0.00307148
        0.67	   0.0546136	    0.266834	  0.00317613	  0.00273371
        0.68	   0.0528391	    0.256788	  0.00267196	  0.00240732
        0.69	   0.0510732	    0.243962	  0.00224952	  0.00209566
         0.7	   0.0493191	    0.228656	  0.00189017	  0.00180197
        0.71	   0.0475797	    0.211214	  0.00157761	  0.00152924
        0.72	    0.045857	    0.192147	  0.00130487	  0.00127935
        0.73	   0.0441525	    0.172011	  0.00106735	  0.00105394
        0.74	   0.0424675	    0.151359	 0.000860895	 0.000854249
        0.75	   0.0408017	    0.130756	 0.000683224	 0.000680125
        0.76	   0.0391547	    0.110765	 0.000532521	 0.000531049
        0.77	   0.0375254	   0.0919072	 0.000406881	 0.000406232
        0.78	    0.035912	   0.0745401	 0.000304043	 0.000303785
        0.79	   0.0343122	   0.0589778	 0.000221656	 0.000221548
         0.8	   0.0327236	   0.0454764	 0.000157318	 0.000157276
        0.81	   0.0311436	   0.0340591	 0.000108423	 0.000108409
        0.82	   0.0295693	    0.024691	 7.23114e-05	 7.23067e-05
        0.83	   0.0279981	   0.0172994	 4.64304e-05	 4.64288e-05
        0.84	   0.0264276	   0.0116622	 2.86467e-05	 2.86463e-05
        0.85	   0.0248557	  0.00751947	 1.69325e-05	 1.69324e-05
         0.2	    0.127966	   0.0589643	   0.0487294	   0.0537391
        0.21	     0.12647	   0.0588932	   0.0537252	   0.0547451
        0.22	    0.124968	   0.0589291	   0.0599326	   0.0551702
        0.23	    0.123462	   0.0590732	   0.0675308	   0.0549855
        0.24	    0.121951	   0.0593277	   0.0766428	   0.0542207
        0.25	    0.120437	   0.0596953	   0.0873776	   0.0529204
        0.26	    0.118919	   0.0601789	   0.0997968	   0.0511366
        0.27	    0.117397	   0.0607831	    0.113772	   0.0489525
        0.28	    0.115873	   0.0615124	    0.129126	    0.046459
        0.29	    0.114346	   0.0623723	    0.145627	   0.0437457
         0.3	    0.112815	   0.0633713	     0.16281	   0.0408979
        0.31	    0.111283	   0.0645183	    0.180156	   0.0379997
        0.32	    0.109747	   0.0658239	    0.197122	   0.0351292
        0.33	    0.108209	   0.0673029	    0.213072	   0.0323417
        0.34	    0.106668	   0.0689715	    0.227349	   0.0296866
        0.35	    0.105124	   0.0708474	    0.239332	   0.0272072
        0.36	    0.103576	   0.0729542	    0.248552	   0.0249221
        0.37	    0.102026	   0.0753168	    0.254578	   0.0228441
        0.38	    0.100471	   0.0779617	    0.257056	   0.0209821
        0.39	   0.0989115	   0.0809206	    0.255952	   0.0193288
         0.4	   0.0973473	    0.084227	     0.25131	   0.0178735
        0.41	   0.0957775	   0.0879141	    0.243243	   0.0166037
        0.42	   0.0942014	   0.0920161	    0.232153	   0.0155009
        0.43	   0.0926181	   0.0965672	    0.218509	   0.0145454
        0.44	   0.0910268	    0.101599	    0.202807	   0.0137172
        0.45	   0.0894262	    0.107132	    0.185636	   0.0129974
        0.46	   0.0878152	    0.113186	    0.167611	   0.0123669
        0.47	   0.0861925	    0.119772	    0.149321	   0.0118076
        0.48	   0.0845568	    0.126873	     0.13125	   0.0113047
        0.49	    0.082907	    0.134466	     0.11386	   0.0108444
         0.5	   0.0812418	    0.142517	   0.0975607	   0.0104137
        0.51	   0.0795601	    0.150942	   0.0825736	   0.0100034
        0.52	   0.0778607	    0.159647	   0.0690707	  0.00960484
        0.53	   0.0761427	    0.168523	   0.0571848	  0.00921042
        0.54	   0.0744057	    0.177404	   0.0468914	  0.00881536
        0.55	   0.0726495	    0.186109	   0.0381263	  0.00841565
        0.56	   0.0708739	    0.194447	   0.0308088	  0.00800787
        0.57	   0.0690797	    0.202185	   0.0247908	  0.00759085
        0.58	   0.0672681	     0.20908	   0.0199073	  0.00716404
        0.59	   0.0654404	     0.21489	   0.0159955	  0.00672727
         0.6	   0.0635989	    0.219378	   0.0129001	  0.00628213
        0.61	   0.0617464	     0.22231	   0.0104678	  0.00583064
        0.62	   0.0598858	    0.223469	  0.00855486	   0.0053751
        0.63	   0.0580209	    0.222716	  0.00705576	  0.00491897
        0.64	   0.0561557	    0.219929	  0.00587466	    0.004466
        0.65	   0.0542943	    0.215021	  0.00492434	     0.00402
        0.66	    0.052441	    0.208038	   0.0041524	  0.00358512
        0.67	   0.0506001	    0.199061	  0.00351509	  0.00316558
        0.68	   0.0487759	    0.188207	  0.00297359	  0.00276543
        0.69	    0.046972	    0.175731	  0.00250857	   0.0023881
         0.7	   0.0451915	    0.161925	  0.00210562	  0.00203683
        0.71	   0.0434377	    0.147099	  0.00175208	  0.00171451
        0.72	    0.041712	    0.131637	  0.00144236	  0.00142264
        0.73	   0.0400156	    0.115939	  0.00117264	  0.00116231
        0.74	   0.0383495	    0.100397	 0.000939359	 0.000934262
        0.75	   0.0367127	   0.0853611	 0.000739969	 0.000737604
        0.76	   0.0351042	     0.07117	 0.000572181	 0.000571061
        0.77	   0.0335225	   0.0581292	 0.000433579	 0.000433086
        0.78	   0.0319652	   0.0464078	 0.000321256	 0.000321062
        0.79	   0.0304293	   0.0361408	 0.000232184	 0.000232102
         0.8	   0.0289123	   0.0274264	 0.000163314	 0.000163282
        0.81	    0.027411	    0.020215	 0.000111534	 0.000111524
        0.82	   0.0259225	   0.0144202	 7.37156e-05	  7.3712e-05
        0.83	   0.0244441	  0.00993736	 4.68785e-05	 4.68773e-05
        0.84	   0.0229734	  0.00658927	 2.86434e-05	 2.86431e-05
        0.85	   0.0215086	  0.00418041	 1.67803e-05	 1.67802e-05
         0.2	    0.130086	   0.0702841	   0.0572965	   0.0568356
        0.21	     0.12839	   0.0699963	   0.0625252	   0.0574438
        0.22	    0.126698	   0.0698402	    0.068919	   0.0574994
        0.23	     0.12501	   0.0698148	   0.0766276	   0.0569832
        0.24	    0.123325	   0.0699202	   0.0857365	   0.0559303
        0.25	    0.121643	   0.0701573	   0.0963152	   0.0543894
        0.26	    0.119964	   0.0705272	    0.108388	   0.0524155
        0.27	    0.118288	   0.0710325	    0.121798	   0.0500898
        0.28	    0.116615	   0.0716762	    0.136344	   0.0474999
        0.29	    0.114944	   0.0724618	    0.151775	   0.0447315
         0.3	    0.113275	   0.0733957	    0.167637	   0.0418636
        0.31	    0.111608	   0.0744846	    0.183429	   0.0389737
        0.32	    0.109942	   0.0757366	    0.198633	   0.0361332
        0.33	    0.108278	   0.0771634	    0.212671	   0.0333909
        0.34	    0.106614	   0.0787775	    0.224949	     0.03079
        0.35	    0.104952	   0.0805926	    0.234914	   0.0283679
        0.36	    0.103289	   0.0826263	    0.242172	   0.0261393
        0.37	    0.101625	   0.0848971	    0.246368	   0.0241131
        0.38	   0.0999603	   0.0874242	    0.247224	   0.0222948
        0.39	   0.0982935	   0.0902291	    0.244755	   0.0206758
         0.4	    0.096624	    0.093334	     0.23905	    0.019244
        0.41	   0.0949512	   0.0967602	    0.230263	   0.0179862
        0.42	   0.0932739	    0.100526	    0.218793	   0.0168841
        0.43	   0.0915912	    0.104649	    0.205104	   0.0159183
        0.44	   0.0899021	    0.109144	    0.189675	   0.0150695
        0.45	   0.0882052	    0.114011	    0.173054	   0.0143196
        0.46	   0.0864994	    0.119249	    0.155808	   0.0136506
        0.47	   0.0847833	    0.124851	    0.138474	   0.0130455
        0.48	   0.0830557	    0.130781	    0.121484	   0.0124905
        0.49	   0.0813154	    0.136999	     0.10524	   0.0119729
         0.5	   0.0795611	    0.143456	   0.0901035	   0.0114808
        0.51	   0.0777921	    0.150062	    0.076254	   0.0110056
        0.52	   0.0760073	     0.15672	   0.0638282	   0.0105398
        0.53	   0.0742061	    0.163322	   0.0529274	   0.0100765
        0.54	   0.0723884	    0.169721	   0.0435138	  0.00961182
        0.55	   0.0705542	     0.17576	   0.0355142	  0.00914235
        0.56	   0.0687039	    0.181277	   0.0288419	  0.00866539
        0.57	   0.0668388	     0.18609	    0.023355	  0.00818043
        0.58	   0.0649604	    0.190011	   0.0188974	  0.00768753
        0.59	   0.0630704	    0.192858	   0.0153161	  0.00718712
         0.6	   0.0611719	    0.194471	    0.012469	  0.00668132
        0.61	   0.0592679	    0.194694	   0.0102167	  0.00617264
        0.62	   0.0573618	     0.19339	  0.00842893	  0.00566384
        0.63	   0.0554577	    0.190495	  0.00701152	   0.0051587
        0.64	   0.0535599	    0.185964	   0.0058794	  0.00466123
        0.65	   0.0516728	    0.179777	  0.00495533	   0.0041755
        0.66	   0.0498007	    0.172023	  0.00419344	  0.00370568
        0.67	    0.047948	    0.162819	  0.00355571	  0.00325597
        0.68	    0.046119	    0.152305	  0.00300839	  0.00283038
        0.69	   0.0443169	    0.140719	  0.00253478	  0.00243206
         0.7	   0.0425448	    0.128323	  0.00212245	  0.00206395
        0.71	   0.0408055	    0.115386	  0.00176047	  0.00172861
        0.72	   0.0391001	    0.102215	  0.00144376	  0.00142709
        0.73	   0.0374296	   0.0891233	  0.00116871	  0.00116001
        0.74	   0.0357942	    0.076411	 0.000931901	 0.000927614
        0.75	   0.0341929	   0.0643256	 0.000730549	 0.000728566
        0.76	   0.0326241	   0.0531014	 0.000562055	 0.000561118
        0.77	   0.0310861	   0.0429443	 0.000423696	 0.000423286
        0.78	    0.029576	   0.0339472	 0.000312279	 0.000312118
        0.79	    0.028091	   0.0261747	  0.00022449	 0.000224422
         0.8	   0.0266281	   0.0196647	 0.000157027	 0.000157001
        0.81	   0.0251843	   0.0143491	 0.000106641	 0.000106633
        0.82	   0.0237567	   0.0101329	 7.00927e-05	 7.00898e-05
        0.83	   0.0223425	  0.00691084	 4.43138e-05	 4.43127e-05
        0.84	   0.0209398	  0.00453565	 2.69171e-05	 2.69169e-05
        0.85	   0.0195468	  0.00284952	 1.56858e-05	 1.56858e-05
         0.2	    0.131466	   0.0777685	   0.0632635	   0.0589114
        0.21	    0.129619	   0.0772998	   0.0686126	    0.059235
        0.22	    0.127784	   0.0769798	   0.0750882	   0.0590283
        0.23	    0.125959	   0.0768049	    0.082819	   0.0582787
        0.24	    0.124144	    0.076774	   0.0918656	   0.0570244
        0.25	    0.122338	    0.076886	    0.102271	   0.0553164
        0.26	    0.120539	   0.0771405	    0.114036	   0.0532112
        0.27	    0.118749	   0.0775384	    0.126986	   0.0507881
        0.28	    0.116965	    0.078081	    0.140906	   0.0481321
        0.29	    0.115188	   0.0787702	    0.155534	   0.0453259
         0.3	    0.113417	   0.0796104	    0.170429	    0.042444
        0.31	    0.111651	   0.0806066	    0.185103	    0.039559
        0.32	    0.109891	   0.0817646	     0.19906	   0.0367376
        0.33	    0.108134	   0.0830935	    0.211762	   0.0340242
        0.34	    0.106381	   0.0846029	    0.222661	   0.0314578
        0.35	    0.104632	   0.0863034	     0.23125	   0.0290718
        0.36	    0.102885	   0.0882081	    0.237185	   0.0268781
        0.37	     0.10114	   0.0903308	    0.240164	   0.0248832
        0.38	   0.0993951	   0.0926855	    0.239956	   0.0230904
        0.39	   0.0976507	   0.0952871	    0.236609	   0.0214902
         0.4	   0.0959056	   0.0981503	     0.23024	   0.0200699
        0.41	   0.0941587	    0.101289	    0.221024	   0.0188156
        0.42	   0.0924092	    0.104711	     0.20936	   0.0177094
        0.43	   0.0906558	    0.108425	      0.1957	   0.0167321
        0.44	   0.0888974	    0.112435	    0.180513	   0.0158651
        0.45	   0.0871327	    0.116731	    0.164317	   0.0150908
        0.46	   0.0853606	    0.121302	    0.147642	   0.0143921
        0.47	   0.0835796	    0.126129	    0.130993	   0.0137527
        0.48	   0.0817886	     0.13117	    0.114762	   0.0131596
        0.49	   0.0799864	    0.136378	   0.0993159	    0.012601
         0.5	   0.0781721	    0.141696	   0.0849793	   0.0120655
        0.51	   0.0763448	    0.147039	   0.0719073	   0.0115454
        0.52	   0.0745038	    0.152311	   0.0602131	   0.0110337
        0.53	   0.0726486	    0.157411	   0.0499782	   0.0105242
        0.54	   0.0707794	    0.162208	   0.0411566	   0.0100134
        0.55	   0.0688966	    0.166565	   0.0336703	  0.00949852
        0.56	   0.0670007	    0.170343	   0.0274298	  0.00897739
        0.57	   0.0650933	    0.173392	   0.0222977	  0.00844989
        0.58	   0.0631764	    0.175563	   0.0181247	  0.00791647
        0.59	   0.0612519	    0.176712	   0.0147648	  0.00737796
         0.6	    0.059323	    0.176723	    0.012085	  0.00683675
        0.61	   0.0573932	    0.175488	  0.00995541	  0.00629564
        0.62	   0.0554659	    0.172914	  0.00825474	  0.00575761
        0.63	   0.0535455	    0.168977	  0.00689636	  0.00522655
        0.64	   0.0516362	    0.163671	  0.00580227	  0.00470657
        0.65	   0.0497426	     0.15701	  0.00490174	  0.00420175
        0.66	   0.0478688	      0.1491	  0.00415308	  0.00371617
        0.67	   0.0460193	    0.140068	  0.00352187	  0.00325388
        0.68	   0.0441979	    0.130059	  0.00297755	  0.00281872
        0.69	   0.0424078	     0.11929	  0.00250502	  0.00241356
         0.7	   0.0406518	    0.107997	  0.00209303	  0.00204103
        0.71	   0.0389324	   0.0964185	  0.00173162	  0.00170337
        0.72	   0.0372504	   0.0848093	  0.00141599	  0.00140124
        0.73	   0.0356064	   0.0734267	   0.0011426	   0.0011349
        0.74	   0.0340003	   0.0625145	 0.000908033	 0.000904253
        0.75	   0.0324309	   0.0522613	 0.000709375	  0.00070763
        0.76	   0.0308963	   0.0428418	 0.000543815	 0.000542992
        0.77	   0.0293945	   0.0344065	 0.000408442	 0.000408081
        0.78	   0.0279227	   0.0270091	 0.000299916	 0.000299775
        0.79	   0.0264779	   0.0206794	 0.000214793	 0.000214734
         0.8	    0.025057	   0.0154266	  0.00014966	 0.000149637
        0.81	   0.0236572	   0.0111772	 0.000101239	 0.000101232
        0.82	   0.0222756	  0.00783742	 6.62859e-05	 6.62834e-05
        0.83	   0.0209095	  0.00530675	 4.17363e-05	 4.17354e-05
        0.84	   0.0195572	  0.00345826	 2.52483e-05	 2.52481e-05
        0.85	    0.018217	  0.00215838	 1.46606e-05	 1.46605e-05
         0.2	    0.132445	   0.0831706	   0.0677577	    0.060427
        0.21	    0.130479	   0.0825488	   0.0731743	   0.0605319
        0.22	     0.12853	   0.0820881	    0.079685	   0.0601249
        0.23	    0.126597	   0.0817833	   0.0874027	   0.0591979
        0.24	    0.124679	   0.0816314	   0.0963694	   0.0577913
        0.25	    0.122774	   0.0816301	     0.10661	   0.0559575
        0.26	    0.120882	   0.0817775	    0.118106	   0.0537539
        0.27	    0.119001	    0.082073	    0.130673	   0.0512582
        0.28	    0.117131	   0.0825167	    0.144087	   0.0485531
        0.29	    0.115271	   0.0831089	     0.15808	   0.0457188
         0.3	     0.11342	   0.0838524	     0.17222	   0.0428264
        0.31	    0.111578	   0.0847508	    0.186033	   0.0399448
        0.32	    0.109743	    0.085808	    0.199039	   0.0371371
        0.33	    0.107914	   0.0870309	    0.210731	   0.0344445
        0.34	    0.106092	   0.0884269	    0.220597	   0.0319027
        0.35	    0.104276	   0.0900039	    0.228163	   0.0295421
        0.36	    0.102464	   0.0917719	    0.233124	   0.0273726
        0.37	    0.100655	   0.0937411	    0.235216	   0.0253991
        0.38	   0.0988495	   0.0959218	    0.234241	   0.0236233
        0.39	   0.0970454	   0.0983238	     0.23027	    0.022035
         0.4	   0.0952422	    0.100957	     0.22344	    0.020621
        0.41	   0.0934389	    0.103829	    0.213939	   0.0193673
        0.42	   0.0916342	    0.106943	    0.202164	   0.0182559
        0.43	   0.0898271	      0.1103	     0.18856	   0.0172682
        0.44	   0.0880164	    0.113897	    0.173583	   0.0163858
        0.45	   0.0862007	     0.11772	    0.157729	   0.0155918
        0.46	   0.0843788	    0.121749	    0.141501	   0.0148696
        0.47	   0.0825495	     0.12596	    0.125378	   0.0142036
        0.48	   0.0807117	    0.130309	    0.109724	   0.0135815
        0.49	   0.0788642	    0.134744	   0.0948803	   0.0129918
         0.5	   0.0770061	    0.139208	   0.0811436	   0.0124239
        0.51	   0.0751368	    0.143618	   0.0686515	   0.0118706
        0.52	   0.0732558	    0.147884	   0.0575009	   0.0113253
        0.53	   0.0713626	     0.15191	   0.0477588	   0.0107823
        0.54	   0.0694577	     0.15558	   0.0393741	   0.0102386
        0.55	   0.0675417	    0.158771	   0.0322659	   0.0096917
        0.56	   0.0656153	    0.161363	   0.0263429	  0.00913983
        0.57	   0.0636804	     0.16323	   0.0214715	  0.00858316
        0.58	   0.0617391	    0.164249	   0.0175077	  0.00802244
        0.59	   0.0597935	    0.164302	   0.0143111	  0.00745875
         0.6	   0.0578471	    0.163305	   0.0117552	  0.00689467
        0.61	   0.0559033	    0.161177	  0.00971718	  0.00633314
        0.62	   0.0539658	    0.157857	  0.00808252	  0.00577729
        0.63	   0.0520388	    0.153344	     0.00677	  0.00523101
        0.64	   0.0501269	    0.147654	  0.00570675	  0.00469842
        0.65	   0.0482343	    0.140821	   0.0048267	  0.00418357
        0.66	   0.0463651	    0.132957	  0.00409115	  0.00369038
        0.67	   0.0445237	    0.124192	  0.00346823	  0.00322277
        0.68	   0.0427137	     0.11467	   0.0029296	  0.00278436
        0.69	   0.0409381	    0.104589	  0.00246126	  0.00237777
         0.7	   0.0391994	   0.0941645	  0.00205276	  0.00200536
        0.71	   0.0374998	   0.0836098	  0.00169479	  0.00166907
        0.72	   0.0358399	   0.0731431	  0.00138269	  0.00136929
        0.73	     0.03422	   0.0629829	  0.00111297	  0.00110599
        0.74	   0.0326399	   0.0533342	   0.0008822	 0.000878775
        0.75	    0.031098	   0.0443472	 0.000687357	  0.00068578
        0.76	   0.0295923	   0.0361582	 0.000525494	 0.000524751
        0.77	   0.0281208	   0.0288824	 0.000393571	 0.000393246
        0.78	   0.0266805	   0.0225506	 0.000288175	 0.000288048
        0.79	   0.0252684	   0.0171722	 0.000205793	  0.00020574
         0.8	   0.0238814	   0.0127401	 0.000142963	 0.000142943
        0.81	   0.0225168	  0.00918036	 9.64199e-05	 9.64134e-05
        0.82	   0.0211717	  0.00640231	 6.29461e-05	 6.29439e-05
        0.83	   0.0198436	    0.004311	 3.95109e-05	 3.95101e-05
        0.84	   0.0185309	  0.00279422	 2.38284e-05	 2.38282e-05
        0.85	    0.017232	  0.00173542	 1.37991e-05	  1.3799e-05
         0.2	    0.133174	   0.0872641	   0.0712996	   0.0615881
        0.21	    0.131109	   0.0865103	   0.0767541	   0.0615176
        0.22	    0.129067	   0.0859273	   0.0832747	   0.0609507
        0.23	    0.127045	   0.0855081	    0.090962	   0.0598828
        0.24	    0.125042	   0.0852487	   0.0998439	   0.0583557
        0.25	    0.123057	   0.0851453	     0.10993	   0.0564227
        0.26	    0.121088	   0.0851949	    0.121191	   0.0541419
        0.27	    0.119134	   0.0853956	    0.133433	   0.0515894
        0.28	    0.117194	   0.0857463	    0.146425	   0.0488459
        0.29	    0.115266	   0.0862461	    0.159897	   0.0459899
         0.3	     0.11335	   0.0868966	    0.173424	   0.0430895
        0.31	    0.111445	   0.0876997	    0.186545	   0.0402105
        0.32	     0.10955	   0.0886582	    0.198793	   0.0374133
        0.33	    0.107664	   0.0897771	    0.209687	   0.0347365
        0.34	    0.105786	   0.0910619	    0.218741	   0.0322132
        0.35	    0.103916	   0.0925186	     0.22551	   0.0298717
        0.36	    0.102051	   0.0941545	    0.229718	   0.0277203
        0.37	    0.100192	   0.0959772	    0.231128	   0.0257624
        0.38	   0.0983371	    0.097994	     0.22957	   0.0239987
        0.39	   0.0964854	    0.100211	    0.225131	   0.0224185
         0.4	   0.0946359	    0.102635	    0.217962	   0.0210082
        0.41	   0.0927877	    0.105269	    0.208262	   0.0197537
        0.42	   0.0909393	    0.108112	    0.196423	   0.0186372
        0.43	   0.0890898	     0.11116	    0.182884	   0.0176403
        0.44	   0.0872379	    0.114407	    0.168091	    0.016745
        0.45	   0.0853822	    0.117834	     0.15252	   0.0159348
        0.46	   0.0835217	    0.121417	    0.136657	   0.0151937
        0.47	   0.0816549	     0.12513	    0.120956	   0.0145065
        0.48	   0.0797809	    0.128925	    0.105762	   0.0138613
        0.49	   0.0778987	    0.132752	   0.0913942	   0.0132473
         0.5	   0.0760074	    0.136552	   0.0781297	   0.0126543
        0.51	   0.0741066	    0.140246	   0.0660921	   0.0120754
        0.52	   0.0721957	    0.143748	   0.0553659	   0.0115045
        0.53	   0.0702746	     0.14697	   0.0460077	   0.0109363
        0.54	   0.0683438	    0.149807	   0.0379625	   0.0103679
        0.55	   0.0664041	    0.152148	   0.0311476	   0.0097974
        0.56	   0.0644564	    0.153886	   0.0254706	   0.0092231
        0.57	   0.0625028	    0.154915	   0.0208012	  0.00864545
        0.58	   0.0605453	    0.155129	   0.0169996	  0.00806541
        0.59	   0.0585865	    0.154433	   0.0139298	  0.00748424
         0.6	   0.0566297	     0.15276	   0.0114706	  0.00690465
        0.61	   0.0546785	    0.150052	  0.00950451	  0.00632964
        0.62	   0.0527367	    0.146268	  0.00792233	  0.00576244
        0.63	   0.0508084	    0.141422	  0.00664698	  0.00520691
        0.64	   0.0488981	    0.135543	  0.00560947	  0.00466712
        0.65	   0.0470101	    0.128679	  0.00474734	  0.00414706
        0.66	   0.0451484	    0.120941	  0.00402409	  0.00365053
        0.67	    0.043317	     0.11246	  0.00340976	  0.00318124
        0.68	   0.0415195	    0.103376	   0.0028777	  0.00274265
        0.69	   0.0397587	   0.0938719	  0.00241469	  0.00233716
         0.7	   0.0380368	   0.0841449	  0.00201084	  0.00196687
        0.71	   0.0363558	    0.074389	  0.00165733	  0.00163351
        0.72	   0.0347162	   0.0647954	   0.0013496	   0.0013372
        0.73	   0.0331179	   0.0555541	  0.00108416	  0.00107771
        0.74	   0.0315606	   0.0468419	 0.000857582	 0.000854422
        0.75	   0.0300425	   0.0387822	 0.000666749	 0.000665295
        0.76	   0.0285617	    0.031485	 0.000508623	 0.000507939
        0.77	   0.0271159	   0.0250416	 0.000380081	 0.000379782
        0.78	   0.0257021	   0.0194679	 0.000277666	 0.000277549
        0.79	   0.0243173	   0.0147608	 0.000197836	 0.000197787
         0.8	   0.0229584	   0.0109034	 0.000137111	 0.000137092
        0.81	   0.0216228	  0.00782276	 9.22531e-05	 9.22472e-05
        0.82	   0.0203078	  0.00543213	 6.00865e-05	 6.00845e-05
        0.83	   0.0190108	  0.00364177	 3.76237e-05	  3.7623e-05
        0.84	   0.0177304	  0.00235053	 2.26352e-05	  2.2635e-05
        0.85	    0.016465	  0.00145443	 1.30807e-05	 1.30807e-05
         0.2	    0.133738	    0.090496	   0.0741941	   0.0625138
        0.21	     0.13159	   0.0896268	   0.0796691	   0.0622978
        0.22	    0.129469	   0.0889361	    0.086186	   0.0615988
        0.23	    0.127372	   0.0884157	   0.0938352	   0.0604149
        0.24	    0.125299	   0.0880602	    0.102633	    0.058789
        0.25	    0.123246	   0.0878649	    0.112579	   0.0567751
        0.26	    0.121212	   0.0878256	     0.12363	   0.0544313
        0.27	    0.119196	   0.0879396	     0.13559	   0.0518326
        0.28	    0.117197	   0.0882045	    0.148223	   0.0490582
        0.29	    0.115213	   0.0886184	    0.161254	   0.0461846
         0.3	    0.113243	   0.0891818	    0.174269	   0.0432778
        0.31	    0.111286	   0.0898955	    0.186815	    0.040401
        0.32	    0.109341	    0.090761	    0.198439	   0.0376123
        0.33	    0.107406	   0.0917819	    0.208679	   0.0349481
        0.34	    0.105482	   0.0929621	    0.217071	   0.0324396
        0.35	    0.103566	   0.0943061	    0.223194	   0.0301131
        0.36	    0.101659	   0.0958189	    0.226794	   0.0279758
        0.37	   0.0997576	   0.0975062	    0.227659	   0.0260301
        0.38	   0.0978621	    0.099373	    0.225638	   0.0242755
        0.39	   0.0959711	    0.101423	    0.220832	   0.0227012
         0.4	   0.0940836	    0.103658	    0.213402	   0.0212933
        0.41	   0.0921984	    0.106081	    0.203555	   0.0200375
        0.42	   0.0903144	    0.108687	    0.191679	   0.0189162
        0.43	   0.0884303	    0.111468	    0.178207	   0.0179113
        0.44	   0.0865448	    0.114415	    0.163576	    0.017005
        0.45	   0.0846568	    0.117507	    0.148248	   0.0161813
        0.46	   0.0827649	    0.120717	    0.132689	   0.0154245
        0.47	   0.0808681	    0.124016	    0.117339	   0.0147199
        0.48	   0.0789653	    0.127358	    0.102525	   0.0140561
        0.49	   0.0770555	    0.130691	   0.0885475	   0.0134225
         0.5	    0.075138	    0.133957	   0.0756689	   0.0128093
        0.51	   0.0732125	    0.137081	   0.0640016	     0.01221
        0.52	   0.0712785	    0.139983	   0.0536204	   0.0116189
        0.53	   0.0693359	    0.142578	   0.0445735	   0.0110308
        0.54	   0.0673856	    0.144771	   0.0368032	   0.0104433
        0.55	   0.0654283	    0.146463	   0.0302254	  0.00985456
        0.56	   0.0634651	    0.147556	   0.0247472	  0.00926317
        0.57	   0.0614981	    0.147959	    0.020241	  0.00866976
        0.58	   0.0595296	    0.147582	   0.0165705	   0.0080754
        0.59	   0.0575622	    0.146342	   0.0136034	  0.00748154
         0.6	   0.0555993	     0.14419	   0.0112227	  0.00689091
        0.61	   0.0536444	    0.141084	  0.00931544	   0.0063066
        0.62	   0.0517015	    0.136994	  0.00777654	  0.00573186
        0.63	   0.0497746	    0.131947	  0.00653227	  0.00517052
        0.64	   0.0478682	    0.125981	  0.00551677	  0.00462659
        0.65	   0.0459864	     0.11915	   0.0046704	  0.00410398
        0.66	   0.0441331	    0.111567	  0.00395845	  0.00360634
        0.67	   0.0423122	    0.103358	  0.00335242	  0.00313724
        0.68	   0.0405272	   0.0946598	  0.00282701	  0.00269998
        0.69	   0.0387806	   0.0856438	  0.00236958	  0.00229674
         0.7	   0.0370744	   0.0764907	  0.00197069	  0.00192943
        0.71	   0.0354106	   0.0673791	  0.00162188	  0.00159954
        0.72	   0.0337892	   0.0584792	  0.00131866	  0.00130705
        0.73	   0.0322102	   0.0499592	  0.00105754	  0.00105151
        0.74	   0.0306731	   0.0419744	 0.000835078	 0.000832123
        0.75	    0.029176	   0.0346287	 0.000648101	 0.000646744
        0.76	   0.0277167	   0.0280127	 0.000493501	 0.000492864
        0.77	    0.026293	   0.0222004	 0.000368096	 0.000367817
        0.78	   0.0249019	   0.0171974	 0.000268405	 0.000268296
        0.79	   0.0235404	   0.0129925	 0.000190877	 0.000190832
         0.8	   0.0222055	  0.00956247	  0.00013203	 0.000132012
        0.81	   0.0208945	  0.00683606	 8.86601e-05	 8.86546e-05
        0.82	   0.0196049	  0.00473016	 5.76362e-05	 5.76343e-05
        0.83	   0.0183341	  0.00315977	 3.60168e-05	 3.60161e-05
        0.84	   0.0170807	  0.00203245	 2.16252e-05	 2.16251e-05
        0.85	   0.0158435	   0.0012539	 1.24759e-05	 1.24759e-05
         0.2	     0.13419	   0.0931286	   0.0766251	   0.0632743
        0.21	    0.131969	    0.092157	     0.08211	   0.0629347
        0.22	     0.12978	   0.0913705	   0.0886154	   0.0621238
        0.23	    0.127619	   0.0907595	   0.0962231	   0.0608419
        0.24	    0.125484	   0.0903176	    0.104941	   0.0591327
        0.25	    0.123373	   0.0900393	    0.114757	   0.0570507
        0.26	    0.121284	   0.0899193	    0.125622	   0.0546542
        0.27	    0.119215	   0.0899539	    0.137334	    0.052017
        0.28	    0.117165	   0.0901399	    0.149653	   0.0492169
        0.29	    0.115133	   0.0904746	    0.162305	   0.0463288
         0.3	    0.113116	   0.0909573	    0.174882	   0.0434167
        0.31	    0.111115	   0.0915881	    0.186939	   0.0405418
        0.32	    0.109127	   0.0923671	    0.198034	   0.0377602
        0.33	    0.107152	   0.0932969	    0.207722	   0.0351064
        0.34	    0.105188	   0.0943802	     0.21556	   0.0326101
        0.35	    0.103234	   0.0956198	    0.221144	    0.030296
        0.36	    0.101289	   0.0970194	    0.224239	   0.0281702
        0.37	   0.0993528	   0.0985827	    0.224653	   0.0262342
        0.38	   0.0974229	    0.100313	    0.222254	    0.024487
        0.39	   0.0954988	    0.102211	    0.217149	   0.0229171
         0.4	   0.0935791	    0.104279	    0.209511	   0.0215108
        0.41	   0.0916629	    0.106514	    0.199552	   0.0202535
        0.42	   0.0897489	     0.10891	    0.187655	   0.0191278
        0.43	   0.0878358	    0.111458	    0.174248	   0.0181159
        0.44	   0.0859223	    0.114146	    0.159762	   0.0172001
        0.45	   0.0840074	    0.116949	    0.144645	   0.0163649
        0.46	   0.0820896	    0.119841	    0.129349	   0.0155949
        0.47	   0.0801679	    0.122792	    0.114297	   0.0148758
        0.48	   0.0782414	    0.125754	   0.0998042	   0.0141964
        0.49	   0.0763092	    0.128675	   0.0861561	   0.0135465
         0.5	   0.0743704	    0.131501	   0.0736019	   0.0129167
        0.51	   0.0724249	    0.134159	   0.0622452	   0.0123008
        0.52	   0.0704725	    0.136573	   0.0521527	   0.0116932
        0.53	    0.068513	    0.138664	   0.0433659	   0.0110891
        0.54	   0.0665474	    0.140343	    0.035825	   0.0104862
        0.55	   0.0645765	     0.14152	   0.0294448	  0.00988297
        0.56	   0.0626016	    0.142108	   0.0241323	  0.00927813
        0.57	   0.0606249	    0.142025	    0.019762	  0.00867245
        0.58	   0.0586487	    0.141194	   0.0162008	  0.00806712
        0.59	   0.0566756	    0.139545	   0.0133193	  0.00746369
         0.6	   0.0547091	    0.137039	   0.0110044	  0.00686494
        0.61	   0.0527529	    0.133646	  0.00914658	    0.006274
        0.62	   0.0508108	    0.129348	  0.00764435	  0.00569412
        0.63	   0.0488868	    0.124177	   0.0064267	  0.00512909
        0.64	   0.0469853	     0.11818	  0.00543034	  0.00458284
        0.65	   0.0451103	    0.111414	  0.00459799	  0.00405923
        0.66	   0.0432658	    0.103992	  0.00389635	  0.00356176
        0.67	   0.0414553	   0.0960359	  0.00329816	  0.00309387
        0.68	   0.0396823	   0.0876787	  0.00277917	  0.00265868
        0.69	    0.037949	   0.0790807	  0.00232724	  0.00225822
         0.7	   0.0362574	   0.0704101	  0.00193326	  0.00189419
        0.71	   0.0346092	   0.0618321	  0.00158908	  0.00156795
        0.72	   0.0330044	   0.0535003	  0.00129025	  0.00127928
        0.73	   0.0314427	   0.0455656	  0.00103328	  0.00102758
        0.74	   0.0299235	   0.0381663	 0.000814713	 0.000811926
        0.75	   0.0284449	    0.031391	  0.00063134	 0.000630061
        0.76	   0.0270046	   0.0253159	 0.000479996	 0.000479396
        0.77	   0.0256003	   0.0200016	 0.000357456	 0.000357193
        0.78	   0.0242291	   0.0154467	  0.00026023	 0.000260128
        0.79	   0.0228879	    0.011634	 0.000184767	 0.000184724
         0.8	   0.0215737	  0.00853605	 0.000127591	 0.000127575
        0.81	    0.020284	  0.00608352	 8.55365e-05	 8.55314e-05
        0.82	   0.0190162	  0.00419675	 5.55157e-05	 5.55139e-05
        0.83	   0.0177679	   0.0027949	 3.46325e-05	 3.46319e-05
        0.84	   0.0165378	  0.00179257	  2.0759e-05	 2.07589e-05
        0.85	   0.0153247	  0.00110322	 1.19592e-05	 1.19592e-05
         0.2	    0.134557	   0.0953128	   0.0787028	   0.0639108
        0.21	    0.132273	   0.0942495	   0.0841905	   0.0634643
        0.22	    0.130024	   0.0933769	   0.0906794	   0.0625569
        0.23	    0.127807	   0.0926842	   0.0982444	   0.0611908
        0.24	    0.125618	   0.0921641	    0.106885	   0.0594102
        0.25	    0.123456	   0.0918101	    0.116582	     0.05727
        0.26	    0.121319	   0.0916163	    0.127278	   0.0548285
        0.27	    0.119204	   0.0915781	     0.13877	   0.0521586
        0.28	     0.11711	   0.0916915	    0.150813	   0.0493367
        0.29	    0.115036	    0.091953	    0.163134	   0.0464363
         0.3	    0.112979	    0.092361	    0.175329	   0.0435199
        0.31	    0.110939	   0.0929147	    0.186963	   0.0406467
        0.32	    0.108914	   0.0936136	    0.197602	   0.0378711
        0.33	    0.106903	   0.0944589	    0.206818	   0.0352262
        0.34	    0.104905	   0.0954524	    0.214182	   0.0327402
        0.35	    0.102918	   0.0965958	    0.219307	   0.0304364
        0.36	    0.100942	   0.0978912	    0.221976	   0.0283202
        0.37	   0.0989747	    0.099341	    0.222011	   0.0263923
        0.38	   0.0970154	    0.100947	    0.219294	    0.024651
        0.39	   0.0950627	    0.102708	    0.213944	   0.0230847
         0.4	   0.0931156	    0.104624	    0.206136	   0.0216795
        0.41	   0.0911728	    0.106692	    0.196088	   0.0204206
        0.42	   0.0892332	    0.108903	    0.184182	    0.019291
        0.43	   0.0872954	    0.111245	    0.170839	   0.0182729
        0.44	   0.0853582	    0.113705	    0.156484	    0.017349
        0.45	   0.0834204	    0.116258	    0.141552	   0.0165038
        0.46	   0.0814809	    0.118877	    0.126484	   0.0157226
        0.47	   0.0795383	    0.121528	    0.111691	    0.014991
        0.48	    0.077592	    0.124167	   0.0974751	   0.0142984
        0.49	   0.0756411	    0.126742	   0.0841099	   0.0136349
         0.5	   0.0736848	    0.129199	   0.0718336	   0.0129912
        0.51	   0.0717229	    0.131469	   0.0607422	   0.0123613
        0.52	   0.0697555	    0.133479	   0.0508959	   0.0117401
        0.53	   0.0677824	    0.135156	   0.0423306	   0.0111228
        0.54	   0.0658046	    0.136416	   0.0349848	   0.0105075
        0.55	   0.0638232	    0.137179	   0.0287726	  0.00989246
        0.56	   0.0618394	    0.137361	   0.0236007	  0.00927685
        0.57	   0.0598555	    0.136894	   0.0193459	  0.00866145
        0.58	   0.0578738	    0.135709	   0.0158775	  0.00804757
        0.59	   0.0558972	    0.133744	    0.013069	  0.00743682
         0.6	    0.053929	    0.130971	   0.0108102	  0.00683203
        0.61	   0.0519729	    0.127368	  0.00899476	  0.00623632
        0.62	   0.0500327	    0.122926	  0.00752414	  0.00565296
        0.63	   0.0481125	    0.117683	  0.00632967	  0.00508568
        0.64	   0.0462165	    0.111688	   0.0053502	  0.00453835
        0.65	   0.0443487	    0.105005	  0.00453041	  0.00401474
        0.66	   0.0425129	   0.0977408	  0.00383822	  0.00351824
        0.67	   0.0407125	   0.0900178	  0.00324737	  0.00305214
        0.68	   0.0389509	   0.0819626	  0.00273449	  0.00261944
        0.69	   0.0372301	   0.0737267	  0.00228785	    0.002222
         0.7	   0.0355521	   0.0654675	  0.00189863	  0.00186139
        0.71	   0.0339182	    0.057339	   0.0015589	  0.00153877
        0.72	   0.0323284	   0.0494813	  0.00126426	  0.00125381
        0.73	   0.0307824	   0.0420311	  0.00101121	  0.00100579
        0.74	   0.0292793	   0.0351128	  0.00079629	 0.000793641
        0.75	   0.0278172	   0.0288034	 0.000616255	 0.000615041
        0.76	   0.0263938	   0.0231676	 0.000467902	 0.000467332
        0.77	   0.0250067	   0.0182558	 0.000347972	 0.000347724
        0.78	    0.023653	   0.0140611	 0.000252977	  0.00025288
        0.79	   0.0223296	   0.0105624	 0.000179369	 0.000179328
         0.8	   0.0210337	  0.00772899	 0.000123686	  0.00012367
        0.81	   0.0197626	  0.00549374	 8.27991e-05	 8.27943e-05
        0.82	   0.0185139	  0.00378007	 5.36643e-05	 5.36626e-05
        0.83	   0.0172854	  0.00251085	 3.34284e-05	 3.34279e-05
        0.84	   0.0160756	  0.00160646	 2.00083e-05	 2.00081e-05
        0.85	   0.0148835	 0.000986699	 1.15128e-05	 1.15128e-05
         0.2	     0.13486	   0.0971539	   0.0805051	   0.0644517
        0.21	     0.13252	   0.0960079	   0.0859904	   0.0639115
        0.22	    0.130219	   0.0950571	   0.0924599	   0.0629198
        0.23	    0.127951	   0.0942901	   0.0999818	   0.0614802
        0.24	    0.125715	   0.0936986	    0.108549	   0.0596375
        0.25	    0.123508	   0.0932754	    0.118136	   0.0574468
        0.26	    0.121328	   0.0930138	    0.128679	   0.0549664
        0.27	    0.119173	   0.0929085	    0.139972	   0.0522682
        0.28	     0.11704	   0.0929548	    0.151769	   0.0494276
        0.29	    0.114928	   0.0931485	    0.163796	   0.0465168
         0.3	    0.112836	   0.0934873	    0.175655	   0.0435967
        0.31	    0.110762	   0.0939696	    0.186918	   0.0407251
        0.32	    0.108705	   0.0945941	     0.19716	   0.0379548
        0.33	    0.106663	   0.0953611	    0.205964	   0.0353176
        0.34	    0.104634	   0.0962715	    0.212917	   0.0328404
        0.35	    0.102619	   0.0973259	    0.217647	   0.0305455
        0.36	    0.100615	   0.0985255	    0.219949	   0.0284374
        0.37	   0.0986209	   0.0998712	     0.21966	   0.0265163
        0.38	   0.0966358	    0.101364	    0.216674	     0.02478
        0.39	   0.0946583	    0.103001	    0.211115	   0.0232166
         0.4	   0.0926873	     0.10478	    0.203166	   0.0218121
        0.41	   0.0907215	    0.106697	     0.19305	   0.0205517
        0.42	   0.0887598	    0.108742	    0.181142	   0.0194185
        0.43	   0.0868007	    0.110902	     0.16786	    0.018395
        0.44	   0.0848431	    0.113162	    0.153623	   0.0174639
        0.45	   0.0828858	    0.115495	    0.138857	   0.0166101
        0.46	   0.0809275	    0.117875	     0.12399	   0.0158191
        0.47	   0.0789672	    0.120268	    0.109425	   0.0150769
        0.48	   0.0770041	    0.122628	   0.0954507	    0.014373
        0.49	   0.0750374	    0.124906	   0.0823321	   0.0136978
         0.5	   0.0730664	    0.127049	   0.0702976	   0.0130423
        0.51	    0.071091	    0.128992	   0.0594364	   0.0124007
        0.52	   0.0691111	    0.130663	   0.0498034	    0.011768
        0.53	    0.067127	    0.131994	   0.0414298	   0.0111398
        0.54	   0.0651394	    0.132908	   0.0342525	    0.010514
        0.55	   0.0631497	    0.133329	   0.0281853	  0.00988935
        0.56	    0.061159	    0.133182	   0.0231349	  0.00926497
        0.57	   0.0591697	    0.132405	   0.0189797	  0.00864176
        0.58	   0.0571843	    0.130936	   0.0155915	  0.00802112
        0.59	   0.0552056	    0.128724	   0.0128462	   0.0074047
         0.6	   0.0532369	    0.125746	   0.0106359	  0.00679535
        0.61	   0.0512819	    0.121988	  0.00885739	  0.00619622
        0.62	   0.0493445	    0.117447	  0.00741442	  0.00561055
        0.63	   0.0474286	    0.112164	  0.00624038	  0.00504202
        0.64	   0.0455384	    0.106194	  0.00527597	  0.00449444
        0.65	   0.0436779	   0.0996003	  0.00446755	  0.00397149
        0.66	   0.0418505	   0.0924895	  0.00378404	  0.00347646
        0.67	   0.0400599	   0.0849796	  0.00320004	   0.0030125
        0.68	    0.038309	   0.0771935	  0.00269294	   0.0025825
        0.69	      0.0366	   0.0692743	  0.00225134	  0.00218818
         0.7	   0.0349345	   0.0613704	  0.00186666	  0.00183096
        0.71	   0.0333138	   0.0536262	  0.00153116	  0.00151188
        0.72	   0.0317378	   0.0461704	  0.00124047	  0.00123048
        0.73	   0.0302059	    0.039128	 0.000991103	 0.000985919
        0.74	   0.0287174	   0.0326124	 0.000779582	 0.000777049
        0.75	   0.0272702	   0.0266908	 0.000602632	 0.000601473
        0.76	    0.025862	   0.0214188	 0.000457024	  0.00045648
        0.77	   0.0244903	   0.0168387	 0.000339475	 0.000339238
        0.78	   0.0231522	   0.0129397	 0.000246501	 0.000246409
        0.79	   0.0218448	  0.00969753	 0.000174566	 0.000174528
         0.8	   0.0205651	  0.00707962	 0.000120223	 0.000120208
        0.81	   0.0193105	   0.0050206	 8.03802e-05	 8.03756e-05
        0.82	   0.0180788	  0.00344679	 5.20334e-05	 5.20317e-05
        0.83	   0.0168676	  0.00228434	 3.23711e-05	 3.23706e-05
        0.84	   0.0156758	   0.0014585	 1.93511e-05	 1.93509e-05
        0.85	   0.0145022	 0.000894332	  1.1123e-05	  1.1123e-05
         0.2	    0.135116	   0.0987896	   0.0820938	   0.0649202
        0.21	    0.132726	   0.0975589	   0.0875737	   0.0642967
        0.22	    0.130376	   0.0965286	    0.094022	   0.0632301
        0.23	    0.128064	   0.0956861	    0.101502	   0.0617254
        0.24	    0.125785	   0.0950223	        0.11	   0.0598279
        0.25	    0.123538	   0.0945294	    0.119484	   0.0575926
        0.26	     0.12132	   0.0941997	    0.129887	    0.055078
        0.27	    0.119128	   0.0940275	       0.141	    0.052355
        0.28	    0.116961	   0.0940071	    0.152575	    0.049498
        0.29	    0.114816	   0.0941338	    0.164338	   0.0465781
         0.3	    0.112693	   0.0944045	    0.175897	   0.0436549
        0.31	    0.110588	    0.094817	     0.18683	   0.0407848
        0.32	    0.108502	   0.0953692	     0.19672	   0.0380192
        0.33	    0.106432	   0.0960607	     0.20516	   0.0353888
        0.34	    0.104377	   0.0968913	    0.211752	   0.0329193
        0.35	    0.102336	    0.097861	    0.216134	   0.0306321
        0.36	    0.100307	   0.0989698	    0.218115	   0.0285312
        0.37	   0.0982895	    0.100218	    0.217543	    0.026616
        0.38	   0.0962816	    0.101604	    0.214323	   0.0248839
        0.39	   0.0942823	    0.103125	    0.208585	   0.0233229
         0.4	   0.0922902	    0.104779	    0.200518	   0.0219189
        0.41	   0.0903042	    0.106558	    0.190344	   0.0206572
        0.42	    0.088323	    0.108452	     0.17844	   0.0195207
        0.43	   0.0863453	    0.110446	    0.165217	   0.0184923
        0.44	   0.0843698	    0.112525	    0.151087	   0.0175548
        0.45	   0.0823954	    0.114663	     0.13647	   0.0166935
        0.46	   0.0804209	     0.11683	    0.121785	   0.0158939
        0.47	   0.0784453	    0.118994	    0.107421	   0.0151424
        0.48	   0.0764677	     0.12111	   0.0936623	   0.0144287
        0.49	   0.0744874	    0.123128	   0.0807622	   0.0137433
         0.5	   0.0725038	    0.124999	   0.0689412	   0.0130776
        0.51	   0.0705169	    0.126657	   0.0582832	    0.012426
        0.52	   0.0685266	    0.128038	   0.0488382	   0.0117834
        0.53	   0.0665332	    0.129073	   0.0406332	   0.0111458
        0.54	   0.0645376	    0.129694	   0.0336042	   0.0105112
        0.55	   0.0625411	    0.129827	   0.0276645	  0.00987849
        0.56	    0.060545	    0.129405	   0.0227207	  0.00924681
        0.57	   0.0585517	    0.128371	   0.0186531	  0.00861719
        0.58	   0.0565637	    0.126671	   0.0153354	  0.00799105
        0.59	   0.0545838	     0.12426	   0.0126455	  0.00737014
         0.6	   0.0526154	     0.12112	   0.0104782	  0.00675729
        0.61	   0.0506623	    0.117245	  0.00873226	  0.00615565
        0.62	    0.048728	    0.112636	  0.00731386	  0.00556846
        0.63	   0.0468167	    0.107338	  0.00615809	  0.00499933
        0.64	   0.0449323	    0.101407	  0.00520726	  0.00445202
        0.65	   0.0430789	   0.0949071	  0.00440918	  0.00393012
        0.66	   0.0412598	   0.0879442	  0.00373367	  0.00343682
        0.67	   0.0394783	   0.0806326	  0.00315606	  0.00297517
        0.68	   0.0377376	   0.0730912	  0.00265439	  0.00254794
        0.69	   0.0360395	   0.0654558	  0.00221755	  0.00215671
         0.7	   0.0343856	   0.0578667	  0.00183716	  0.00180279
        0.71	   0.0327771	   0.0504599	  0.00150564	  0.00148709
        0.72	   0.0312137	   0.0433546	  0.00121867	  0.00120906
        0.73	   0.0296949	   0.0366657	 0.000972735	 0.000967754
        0.74	   0.0282197	   0.0304972	 0.000764366	 0.000761934
        0.75	    0.026786	   0.0249082	 0.000590265	 0.000589152
        0.76	   0.0253915	    0.019947	 0.000447179	 0.000446657
        0.77	   0.0240338	   0.0156492	 0.000331808	  0.00033158
        0.78	   0.0227098	   0.0120008	 0.000240674	 0.000240586
        0.79	   0.0214167	  0.00897522	 0.000170256	 0.000170219
         0.8	   0.0201516	  0.00653864	 0.000117124	  0.00011711
        0.81	   0.0189119	  0.00462743	 7.82205e-05	 7.82161e-05
        0.82	   0.0176954	  0.00317055	 5.05807e-05	 5.05792e-05
        0.83	   0.0164998	  0.00209708	 3.14317e-05	 3.14311e-05
        0.84	    0.015324	  0.00133649	 1.87685e-05	 1.87684e-05
        0.85	   0.0141669	 0.000818354	 1.07783e-05	 1.07783e-05
         0.2	    0.134992	    0.100312	   0.0835096	   0.0653305
        0.21	     0.13258	    0.098986	   0.0889817	   0.0646321
        0.22	    0.130206	   0.0978672	    0.095408	   0.0634984
        0.23	    0.127863	   0.0969413	    0.102846	   0.0619355
        0.24	    0.125553	   0.0961983	    0.111279	   0.0599889
        0.25	    0.123277	   0.0956295	    0.120668	   0.0577139
        0.26	    0.121037	   0.0952266	    0.130942	   0.0551688
        0.27	    0.118831	   0.0949828	    0.141889	   0.0524239
        0.28	    0.116655	    0.094892	    0.153263	   0.0495524
        0.29	    0.114506	   0.0949486	    0.164787	   0.0466246
         0.3	    0.112378	   0.0951489	    0.176076	   0.0436987
        0.31	    0.110267	   0.0954899	    0.186712	     0.04083
        0.32	    0.108166	   0.0959689	    0.196285	   0.0380685
        0.33	    0.106078	   0.0965845	    0.204401	   0.0354442
        0.34	    0.104005	    0.097336	     0.21067	   0.0329816
        0.35	    0.101948	   0.0982223	    0.214744	   0.0307013
        0.36	   0.0999065	   0.0992427	     0.21644	   0.0286066
        0.37	   0.0978769	    0.100396	    0.215618	   0.0266966
        0.38	    0.095857	    0.101681	    0.212193	   0.0249682
        0.39	   0.0938455	    0.103093	      0.2063	   0.0234093
         0.4	   0.0918418	    0.104627	    0.198131	   0.0220057
        0.41	   0.0898447	    0.106277	    0.187911	   0.0207426
        0.42	   0.0878531	     0.10803	    0.176013	   0.0196033
        0.43	   0.0858653	    0.109873	    0.162845	   0.0185704
        0.44	   0.0838799	    0.111787	    0.148816	   0.0176273
        0.45	   0.0818958	    0.113746	    0.134335	   0.0167593
        0.46	    0.079912	     0.11572	    0.119812	   0.0159521
        0.47	   0.0779276	    0.117679	    0.105631	   0.0151923
        0.48	   0.0759417	    0.119576	   0.0920647	     0.01447
        0.49	   0.0739538	    0.121364	   0.0793602	   0.0137758
         0.5	   0.0719632	    0.122993	     0.06773	   0.0131012
        0.51	   0.0699699	    0.124402	   0.0572533	   0.0124407
        0.52	    0.067974	    0.125529	   0.0479758	   0.0117897
        0.53	   0.0659757	    0.126309	   0.0399209	    0.011144
        0.54	   0.0639761	    0.126676	   0.0330238	   0.0105019
        0.55	   0.0619765	    0.126564	   0.0271974	  0.00986225
        0.56	   0.0599783	    0.125909	   0.0223485	  0.00922442
        0.57	    0.057984	     0.12466	   0.0183588	  0.00858946
        0.58	    0.055996	     0.12277	   0.0151038	  0.00795883
        0.59	   0.0540171	    0.120197	   0.0124634	  0.00733432
         0.6	    0.052051	    0.116931	   0.0103343	  0.00671877
        0.61	   0.0501012	    0.112969	  0.00861749	  0.00611532
        0.62	   0.0481717	    0.108317	  0.00722116	  0.00552718
        0.63	   0.0462662	    0.103022	  0.00608188	  0.00495794
        0.64	   0.0443887	   0.0971406	   0.0051434	  0.00441126
        0.65	   0.0425429	   0.0907399	  0.00435481	  0.00389069
        0.66	   0.0407324	   0.0839218	  0.00368672	  0.00339929
        0.67	   0.0389604	   0.0767981	  0.00311508	  0.00294003
        0.68	   0.0372299	   0.0694836	  0.00261852	  0.00251557
        0.69	   0.0355427	   0.0621078	  0.00218617	  0.00212737
         0.7	   0.0339001	   0.0548036	  0.00180984	  0.00177663
        0.71	    0.032303	   0.0476995	  0.00148207	  0.00146416
        0.72	   0.0307513	   0.0409063	  0.00119859	  0.00118932
        0.73	   0.0292444	   0.0345305	 0.000955866	 0.000951063
        0.74	   0.0277815	   0.0286677	 0.000750431	 0.000748087
        0.75	   0.0263604	   0.0233704	  0.00057897	 0.000577898
        0.76	   0.0249789	   0.0186805	  0.00043821	 0.000437708
        0.77	   0.0236343	   0.0146281	  0.00032484	 0.000324621
        0.78	   0.0223237	   0.0111968	 0.000235392	 0.000235307
        0.79	   0.0210437	  0.00835831	 0.000166358	 0.000166323
         0.8	   0.0197913	  0.00607775	 0.000114328	 0.000114314
        0.81	   0.0185644	  0.00429329	 7.62762e-05	  7.6272e-05
        0.82	   0.0173611	  0.00293635	 4.92757e-05	 4.92742e-05
        0.83	   0.0161795	  0.00193873	 3.05895e-05	  3.0589e-05
        0.84	   0.0150184	  0.00123357	 1.82474e-05	 1.82473e-05
        0.85	   0.0138765	 0.000754407	 1.04705e-05	 1.04704e-05
         0.2	     0.13423	    0.101645	   0.0847827	   0.0656933
        0.21	    0.131842	    0.100233	   0.0902454	    0.064927
        0.22	    0.129479	   0.0990332	   0.0966493	   0.0637326
        0.23	    0.127129	   0.0980309	    0.104047	   0.0621171
        0.24	    0.124802	   0.0972152	    0.112417	   0.0601263
        0.25	    0.122515	   0.0965768	    0.121717	   0.0578156
        0.26	    0.120279	   0.0961064	    0.131872	   0.0552431
        0.27	    0.118092	   0.0957967	    0.142667	   0.0524784
        0.28	    0.115951	   0.0956409	    0.153856	    0.049594
        0.29	    0.113845	   0.0956327	    0.165163	   0.0466591
         0.3	    0.111761	   0.0957679	    0.176205	    0.043731
        0.31	     0.10968	   0.0960426	    0.186572	   0.0408636
        0.32	     0.10759	   0.0964537	    0.195859	    0.038106
        0.33	    0.105498	   0.0969991	    0.203682	   0.0354871
        0.34	    0.103418	   0.0976773	    0.209661	   0.0330308
        0.35	    0.101362	   0.0984866	    0.213458	   0.0307566
        0.36	   0.0993257	   0.0994252	      0.2149	   0.0286675
        0.37	   0.0973025	    0.100491	    0.213856	   0.0267622
        0.38	   0.0952872	    0.101683	    0.210249	    0.025037
        0.39	   0.0932789	    0.102994	     0.20422	     0.02348
         0.4	    0.091278	    0.104419	    0.195961	   0.0220767
        0.41	   0.0892843	    0.105952	    0.185703	   0.0208123
        0.42	   0.0872961	    0.107578	    0.173814	   0.0196703
        0.43	   0.0853113	    0.109282	    0.160699	   0.0186335
        0.44	   0.0833282	    0.111046	    0.146762	   0.0176854
        0.45	   0.0813456	    0.112845	    0.132405	   0.0168113
        0.46	    0.079363	    0.114647	    0.118031	   0.0159973
        0.47	   0.0773796	    0.116422	    0.104015	   0.0152303
        0.48	   0.0753948	    0.118124	    0.090624	   0.0145003
        0.49	    0.073408	    0.119708	   0.0780961	   0.0137982
         0.5	   0.0714186	    0.121124	   0.0666381	   0.0131157
        0.51	   0.0694266	    0.122315	   0.0563248	   0.0124476
        0.52	   0.0674321	    0.123219	    0.047198	   0.0117891
        0.53	   0.0654353	    0.123777	   0.0392781	   0.0111364
        0.54	   0.0634375	    0.123925	   0.0324995	   0.0104878
        0.55	     0.06144	    0.123601	   0.0267749	  0.00984226
        0.56	   0.0594445	    0.122747	   0.0220112	  0.00919922
        0.57	   0.0574533	    0.121316	   0.0180913	  0.00855977
        0.58	    0.055469	    0.119265	   0.0148927	  0.00792544
        0.59	   0.0534944	    0.116559	   0.0122967	  0.00729803
         0.6	   0.0515332	    0.113192	   0.0102021	   0.0066804
        0.61	   0.0495894	    0.109163	  0.00851162	  0.00607567
        0.62	    0.047667	    0.104483	  0.00713528	  0.00548704
        0.63	   0.0457695	   0.0992003	  0.00601102	  0.00491802
        0.64	   0.0439005	   0.0933734	  0.00508386	  0.00437224
        0.65	   0.0420636	   0.0870688	  0.00430404	  0.00385316
        0.66	   0.0402624	   0.0803867	  0.00364284	  0.00336377
        0.67	   0.0385005	   0.0734356	  0.00307681	  0.00290693
        0.68	   0.0367809	   0.0663272	  0.00258506	   0.0024852
        0.69	   0.0351051	   0.0591848	  0.00215695	  0.00209995
         0.7	   0.0334739	   0.0521349	  0.00178445	  0.00175227
        0.71	   0.0318878	   0.0452995	  0.00146023	  0.00144288
        0.72	    0.030347	   0.0387822	  0.00118002	  0.00117104
        0.73	   0.0288511	   0.0326817	 0.000940304	 0.000935657
        0.74	   0.0273996	   0.0270867	 0.000737607	  0.00073534
        0.75	   0.0259905	   0.0220441	 0.000568598	 0.000567562
        0.76	   0.0246216	   0.0175903	 0.000429993	 0.000429508
        0.77	   0.0232902	    0.013751	 0.000318471	  0.00031826
        0.78	   0.0219925	   0.0105075	 0.000230574	 0.000230491
        0.79	   0.0207246	  0.00783041	  0.00016281	 0.000162776
         0.8	   0.0194829	  0.00568415	 0.000111787	 0.000111774
        0.81	   0.0182663	   0.0040085	 7.45131e-05	  7.4509e-05
        0.82	    0.017074	  0.00273714	 4.80944e-05	  4.8093e-05
        0.83	   0.0159052	   0.0018043	 2.98287e-05	 2.98282e-05
        0.84	   0.0147578	  0.00114638	 1.77774e-05	 1.77773e-05
        0.85	     0.01363	 0.000700336	 1.01933e-05	 1.01933e-05
         0.2	    0.133526	    0.102826	    0.085937	   0.0660172
        0.21	     0.13116	    0.101334	   0.0913893	   0.0651889
        0.22	    0.128808	     0.10006	   0.0977705	    0.063939
        0.23	    0.126451	   0.0989867	     0.10513	   0.0622756
        0.24	     0.12411	   0.0981041	     0.11344	   0.0602446
        0.25	    0.121811	   0.0974012	    0.122657	   0.0579015
        0.26	    0.119579	   0.0968684	      0.1327	   0.0553042
        0.27	    0.117412	   0.0964977	    0.143355	   0.0525218
        0.28	    0.115301	   0.0962816	    0.154373	   0.0496257
        0.29	    0.113236	   0.0962132	    0.165479	   0.0466845
         0.3	    0.111191	   0.0962878	    0.176296	   0.0437544
        0.31	    0.109138	    0.096501	    0.186417	   0.0408882
        0.32	    0.107056	    0.096849	    0.195444	   0.0381342
        0.33	    0.104961	   0.0973291	    0.203001	   0.0355203
        0.34	    0.102876	   0.0979391	    0.208717	   0.0330697
        0.35	     0.10082	   0.0986768	    0.212263	   0.0308011
        0.36	   0.0987883	   0.0995396	    0.213476	   0.0287171
        0.37	    0.096771	    0.100525	    0.212232	   0.0268159
        0.38	     0.09476	     0.10163	    0.208462	   0.0250937
        0.39	   0.0927546	    0.102848	    0.202311	   0.0235383
         0.4	   0.0907563	    0.104174	    0.193974	   0.0221352
        0.41	   0.0887656	    0.105598	    0.183683	   0.0208697
        0.42	   0.0867806	    0.107107	    0.171806	   0.0197253
        0.43	   0.0847987	    0.108685	    0.158741	   0.0186849
        0.44	   0.0828176	    0.110314	     0.14489	   0.0177322
        0.45	   0.0808366	    0.111967	    0.130648	   0.0168527
        0.46	   0.0788552	    0.113614	    0.116411	   0.0160326
        0.47	   0.0768729	    0.115222	    0.102546	    0.015259
        0.48	   0.0748892	     0.11675	    0.089314	   0.0145222
        0.49	   0.0729035	    0.118151	   0.0769471	   0.0138131
         0.5	   0.0709154	    0.119378	   0.0656457	   0.0131237
        0.51	   0.0689247	    0.120375	   0.0554807	   0.0124487
        0.52	   0.0669317	    0.121083	   0.0464907	   0.0117836
        0.53	   0.0649366	    0.121444	   0.0386933	   0.0111248
        0.54	   0.0629407	      0.1214	   0.0320221	   0.0104705
        0.55	   0.0609456	    0.120893	   0.0263897	  0.00981983
        0.56	   0.0589528	    0.119866	   0.0217031	  0.00917231
        0.57	   0.0569648	    0.118279	   0.0178466	  0.00852905
        0.58	   0.0549842	    0.116092	    0.014699	  0.00789164
        0.59	   0.0530138	    0.113275	   0.0121433	  0.00726188
         0.6	   0.0510575	    0.109824	     0.01008	  0.00664265
        0.61	   0.0491195	    0.105744	  0.00841349	  0.00603703
        0.62	   0.0472038	    0.101047	   0.0070554	  0.00544822
        0.63	    0.045314	   0.0957835	  0.00594492	  0.00487968
        0.64	   0.0434531	   0.0900125	  0.00502819	  0.00433497
        0.65	   0.0416247	   0.0838007	   0.0042565	   0.0038175
        0.66	   0.0398323	   0.0772462	  0.00360174	  0.00333017
        0.67	   0.0380798	   0.0704546	  0.00304098	  0.00287573
        0.68	   0.0363705	   0.0635342	  0.00255376	  0.00245668
        0.69	   0.0347054	   0.0566033	  0.00212967	  0.00207428
         0.7	   0.0330847	   0.0497826	  0.00176078	  0.00172953
        0.71	    0.031509	   0.0431879	   0.0014399	  0.00142307
        0.72	   0.0299782	   0.0369166	  0.00116278	  0.00115407
        0.73	   0.0284925	   0.0310609	 0.000925889	 0.000921382
        0.74	   0.0270517	   0.0257032	 0.000725751	 0.000723554
        0.75	   0.0256537	   0.0208855	 0.000559029	 0.000558026
        0.76	   0.0242964	   0.0166397	 0.000422427	 0.000421957
        0.77	    0.022977	   0.0129874	 0.000312617	 0.000312412
        0.78	   0.0216913	  0.00990846	 0.000226153	 0.000226073
        0.79	   0.0204345	  0.00737247	 0.000159559	 0.000159527
         0.8	   0.0192027	  0.00534331	 0.000109464	 0.000109451
        0.81	   0.0179956	  0.00376232	 7.29037e-05	 7.28998e-05
        0.82	   0.0168135	  0.00256525	 4.70179e-05	 4.70165e-05
        0.83	   0.0156562	  0.00168852	 2.91364e-05	 2.91359e-05
        0.84	   0.0145215	  0.00107142	 1.73505e-05	 1.73504e-05
        0.85	   0.0134065	 0.000653929	 9.94186e-06	 9.94183e-06
