1  1  1  0  0  0  0  0  0  0  0  0  0  0  0  0  0  0  0  0  0
1  1  2  0  0  0  0  0  0  0  0  0  0  0  0  0  0  0  0  0  0
1  1  3  0  0  0  0  0  0  0  0  0  0  0  0  0  0  0  0  0  0
1  1  4  0  0  0  0  0  0  0  0  0  0  0  0  0  0  0  0  0  0
1  1  5  0  0  0  0  0  0  0  0  0  0  0  0  0  0  0  0  0  0
1  1  6  0  0  0  0  0  0  0  0  0  0  0  0  0  0  0  0  0  0
1  1  7  0  0  0  0  0  0  0  0  0  0  0  0  0  0  0  0  0  0
1  1  8  0  0  0  0  0  0  0  0  0  0  0  0  0  0  0  0  0  0
1  1  9  0  0  0  0  0  0  0  0  0  0  0  0  0  0  0  0  0  0
1  1  10  0  0  0  0  0  0  0  0  0  0  0  0  0  0  0  0  0  0
1  1  11  0  0  0  0  0  0  0  0  0  0  0  0  0  0  0  0  0  0
1  1  12  0  0  0  0  0  0  0  0  0  0  0  0  0  0  0  0  0  0
1  2  1  0  0  0  0  0  0  0  0  0  0  0  0  0  0  0  0  0  0
1  2  2  0  0  0  0  0  0  0  0  0  0  0  0  0  0  0  0  0  0
1  2  3  0  0  0  0  0  0  0  0  0  0  0  0  0  0  0  0  0  0
1  2  4  0  0  0  0  0  0  0  0  0  0  0  0  0  0  0  0  0  0
1  2  5  0  0  0  0  0  0  0  0  0  0  0  0  0  0  0  0  0  0
1  2  6  0  0  0  0  0  0  0  0  0  0  0  0  0  0  0  0  0  0
1  2  7  0  0  0  0  0  0  0  0  0  0  0  0  0  0  0  0  0  0
1  2  8  0  0  0  0  0  0  0  0  0  0  0  0  0  0  0  0  0  0
1  2  9  0  0  0  0  0  0  0  0  0  0  0  0  0  0  0  0  0  0
1  2  10  0  0  0  0  0  0  0  0  0  0  0  0  0  0  0  0  0  0
1  2  11  0  0  0  0  0  0  0  0  0  0  0  0  0  0  0  0  0  0
1  2  12  0  0  0  0  0  0  0  0  0  0  0  0  0  0  0  0  0  0
1  3  1  0  0  0  0  0  0  0  0  0  0  0  0  0  0  0  0  0  0
1  3  2  0  0  0  0  0  0  0  0  0  0  0  0  0  0  0  0  0  0
1  3  3  0  0  0  0  0  0  0  0  0  0  0  0  0  0  0  0  0  0
1  3  4  0  0  0  0  0  0  0  0  0  0  0  0  0  0  0  0  0  0
1  3  5  0  0  0  0  0  0  0  0  0  0  0  0  0  0  0  0  0  0
1  3  6  0  0  0  0  0  0  0  0  0  0  0  0  0  0  0  0  0  0
1  3  7  0  0  0  0  0  0  0  0  0  0  0  0  0  0  0  0  0  0
1  3  8  0  0  0  0  0  0  0  0  0  0  0  0  0  0  0  0  0  0
1  3  9  0  0  0  0  0  0  0  0  0  0  0  0  0  0  0  0  0  0
1  3  10  0  0  0  0  0  0  0  0  0  0  0  0  0  0  0  0  0  0
1  3  11  0  0  0  0  0  0  0  0  0  0  0  0  0  0  0  0  0  0
1  3  12  0  0  0  0  0  0  0  0  0  0  0  0  0  0  0  0  0  0
1  4  1  0.412647  0.00763874    0.316352  0.00830441  0.731655  0.723399  2956  228189  2273  228189  7825  13989  627589  479807  6442  11648  627589  479807
1  4  2  0.314736  0.00640342    0.238045  0.00698322  0.71325  0.729976  2439  254455  1882  254455  5960  10941  698754  533669  4837  8676  698754  533669
1  4  3  0.252806  0.00584125    0.180104  0.00614581  0.690962  0.705759  1887  254455  1395  254455  4160  7883  698754  533669  3495  6484  698754  533669
1  4  4  0.174585  0.00467713    0.123074  0.00495261  0.693813  0.711453  1401  254455  1015  254455  3031  5720  698754  533669  2462  4531  698754  533669
1  4  5  0.150197  0.00435687    0.0990679  0.00448185  0.669505  0.703687  1194  254455  869  254455  2144  4193  698753  533666  1730  3219  698753  533666
1  4  6  0.126154  0.00399754    0.0896978  0.00460616  0.695099  0.690311  1000  243075  717  243075  1575  2959  664817  509086  1238  2342  664817  509086
1  4  7  0.101816  0.00424984    0.0755966  0.00540924  0.724365  0.652611  576  162920  393  162920  848  1528  442126  338736  585  1170  442126  338736
1  4  8  0.0924225  0.00562288    0.0593106  0.00642549  0.672459  0.646635  271  88240  178  88240  338  658  238383  182096  245  496  238383  182096
1  4  9  0.0685067  0.00685973    0.0404871  0.00741391  0.795176  0.801048  100  37815  56  37815  121  200  102307  77839  103  169  102307  77839
1  4  10  0.065632  0.0159331    0.0548981  0.0194678  0.718961  1.00811  17  9051  19  9051  23  43  24907  18530  24  32  24907  18530
1  4  11  0  0  0  0  0  0  0  0  0  0  0  0  0  0  0  0  0  0
1  4  12  0  0  0  0  0  0  0  0  0  0  0  0  0  0  0  0  0  0
1  5  1  0.395252  0.00539299    0.336388  0.00621431  0.690289  0.684019  5432  481502  4591  481502  15160  28616  1.33122e+06  1.02166e+06  12745  24278  1.33122e+06  1.02166e+06
1  5  2  0.309342  0.00483413    0.245437  0.00539586  0.678924  0.669517  4130  481502  3255  481502  10371  19904  1.33122e+06  1.02166e+06  8786  17099  1.33122e+06  1.02166e+06
1  5  3  0.255147  0.00451436    0.198976  0.00506549  0.653573  0.65433  3216  475697  2540  475697  6884  13715  1.31277e+06  1.00818e+06  5997  11934  1.31277e+06  1.00818e+06
1  5  4  0.204764  0.00485761    0.1678  0.00587961  0.654985  0.65704  1787  313971  1458  313971  3310  6551  865039  667306  2811  5546  865039  667306
1  5  5  0.184426  0.00679717    0.137899  0.00779493  0.646208  0.673035  740  142834  600  142834  1217  2429  394392  305787  1004  1924  394392  305787
1  5  6  0.137049  0.0151644    0.0616775  0.0122222  0.661223  0.762589  82  20768  43  20768  134  254  57013  45488  101  166  57013  45488
1  5  7  0  0  0  0  0  0  0  0  0  0  0  0  0  0  0  0  0  0
1  5  8  0  0  0  0  0  0  0  0  0  0  0  0  0  0  0  0  0  0
1  5  9  0  0  0  0  0  0  0  0  0  0  0  0  0  0  0  0  0  0
1  5  10  0  0  0  0  0  0  0  0  0  0  0  0  0  0  0  0  0  0
1  5  11  0  0  0  0  0  0  0  0  0  0  0  0  0  0  0  0  0  0
1  5  12  0  0  0  0  0  0  0  0  0  0  0  0  0  0  0  0  0  0
2  1  1  0  0  0  0  0  0  0  0  0  0  0  0  0  0  0  0  0  0
2  1  2  0  0  0  0  0  0  0  0  0  0  0  0  0  0  0  0  0  0
2  1  3  0  0  0  0  0  0  0  0  0  0  0  0  0  0  0  0  0  0
2  1  4  0  0  0  0  0  0  0  0  0  0  0  0  0  0  0  0  0  0
2  1  5  0  0  0  0  0  0  0  0  0  0  0  0  0  0  0  0  0  0
2  1  6  0  0  0  0  0  0  0  0  0  0  0  0  0  0  0  0  0  0
2  1  7  0  0  0  0  0  0  0  0  0  0  0  0  0  0  0  0  0  0
2  1  8  0  0  0  0  0  0  0  0  0  0  0  0  0  0  0  0  0  0
2  1  9  0  0  0  0  0  0  0  0  0  0  0  0  0  0  0  0  0  0
2  1  10  0  0  0  0  0  0  0  0  0  0  0  0  0  0  0  0  0  0
2  1  11  0  0  0  0  0  0  0  0  0  0  0  0  0  0  0  0  0  0
2  1  12  0  0  0  0  0  0  0  0  0  0  0  0  0  0  0  0  0  0
2  2  1  0  0  0  0  0  0  0  0  0  0  0  0  0  0  0  0  0  0
2  2  2  0  0  0  0  0  0  0  0  0  0  0  0  0  0  0  0  0  0
2  2  3  0  0  0  0  0  0  0  0  0  0  0  0  0  0  0  0  0  0
2  2  4  0  0  0  0  0  0  0  0  0  0  0  0  0  0  0  0  0  0
2  2  5  0.135005  0.0101459    0.0786956  0.00926252  0.76005  0.791193  178  33589  111  33589  392  726  104443  74197  326  580  104443  74197
2  2  6  0.122782  0.0071656    0.0691172  0.0065269  0.761185  0.817141  295  62172  184  62172  577  1058  192493  137916  459  784  192493  137916
2  2  7  0.0955493  0.00642429    0.0663638  0.00682405  0.740026  0.677509  222  62176  150  62176  465  877  192504  137926  383  789  192504  137926
2  2  8  0.0676018  0.00496421    0.0380273  0.0047267  0.843816  0.777355  186  62176  105  62176  396  655  192504  137926  264  474  192504  137926
2  2  9  0.0704063  0.00577481    0.0291639  0.00420823  0.69679  0.861274  149  62176  80  62176  328  657  192504  137926  195  316  192504  137926
2  2  10  0.0564369  0.00515693    0.0241681  0.00406249  0.793636  0.840786  120  62176  57  62176  261  459  192504  137926  150  249  192504  137926
2  2  11  0.0313409  0.00380272    0.0188927  0.00371172  0.804909  0.751533  68  62176  39  62176  203  352  192504  137926  119  221  192504  137926
2  2  12  0.0274515  0.00242889    0.00931062  0.00172659  0.895697  0.898106  128  62176  43  62176  249  388  192504  137926  148  230  192504  137926
2  3  1  0  0  0  0  0  0  0  0  0  0  0  0  0  0  0  0  0  0
2  3  2  0.256163  0.0200935    0.225491  0.0241986  0.777617  0.73463  164  18075  137  18075  496  867  54868  40366  374  692  54868  40366
2  3  3  0.246551  0.00499041    0.175229  0.0053862  0.748576  0.725821  2461  298100  1723  298100  6060  10500  840606  648097  4352  7777  840606  648097
2  3  4  0.186433  0.00327509    0.123474  0.00340334  0.757686  0.740467  3262  489243  2160  489243  7657  13169  1.39075e+06  1.06725e+06  5351  9417  1.39075e+06  1.06725e+06
2  3  5  0.145956  0.00265967    0.0913173  0.00266655  0.760915  0.757868  3028  553638  1961  553638  6594  11298  1.57697e+06  1.20958e+06  4658  8013  1.57697e+06  1.20958e+06
2  3  6  0.111118  0.00227973    0.0692149  0.00235  0.777716  0.773358  2386  553865  1497  553865  4865  8155  1.57775e+06  1.21025e+06  3309  5578  1.57775e+06  1.21025e+06
2  3  7  0.0934131  0.00215578    0.0503403  0.00194158  0.729975  0.793792  1884  553865  1151  553865  3713  6631  1.57775e+06  1.21025e+06  2614  4293  1.57775e+06  1.21025e+06
2  3  8  0.0718627  0.00180423    0.0390774  0.00169681  0.787376  0.792524  1591  553865  919  553865  2977  4929  1.57775e+06  1.21025e+06  2025  3331  1.57775e+06  1.21025e+06
2  3  9  0.055791  0.0016314    0.0295289  0.00152391  0.787856  0.777019  1172  553865  626  553865  2337  3867  1.57775e+06  1.21025e+06  1502  2520  1.57775e+06  1.21025e+06
2  3  10  0.0486147  0.00163455    0.0270534  0.0016113  0.735082  0.712528  886  553865  462  553865  1810  3210  1.57775e+06  1.21025e+06  1121  2051  1.57775e+06  1.21025e+06
2  3  11  0.0429112  0.0015415    0.0204647  0.00135801  0.769231  0.781473  776  553863  391  553863  1448  2454  1.57775e+06  1.21025e+06  868  1448  1.57775e+06  1.21025e+06
2  3  12  0.0348166  0.00102296    0.0200645  0.00110234  0.734225  0.765446  1161  515984  697  515984  1699  3012  1.46645e+06  1.12662e+06  1005  1709  1.46645e+06  1.12662e+06
2  4  1  0.420385  0.00534049    0.330563  0.00591988  0.73026  0.718235  6281  459402  4911  459402  16819  28821  1.32235e+06  1.05672e+06  13903  24223  1.32235e+06  1.05672e+06
2  4  2  0.320734  0.00330551    0.241147  0.00364492  0.73535  0.725643  9514  903209  7065  903209  23425  40081  2.54777e+06  2.02492e+06  18566  32192  2.54777e+06  2.02492e+06
2  4  3  0.251974  0.00289257    0.175749  0.00303278  0.725362  0.738678  7650  940497  5463  940497  18007  31205  2.64893e+06  2.10733e+06  14073  23948  2.64893e+06  2.10733e+06
2  4  4  0.189266  0.00246409    0.130431  0.00258615  0.728366  0.730435  5937  940497  4213  940497  13187  22758  2.64893e+06  2.10733e+06  10276  17684  2.64893e+06  2.10733e+06
2  4  5  0.140392  0.00207908    0.0976113  0.0022197  0.725595  0.725391  4582  940496  3288  940496  10018  17355  2.64893e+06  2.10733e+06  7472  12948  2.64893e+06  2.10733e+06
2  4  6  0.123926  0.0019947    0.0779809  0.00203592  0.709793  0.725286  3876  927536  2548  927536  7306  12930  2.60783e+06  2.07601e+06  5492  9512  2.60783e+06  2.07601e+06
2  4  7  0.101899  0.00190148    0.0619158  0.00193269  0.717167  0.736173  2882  813442  1870  813442  4881  8557  2.27474e+06  1.80925e+06  3625  6191  2.27474e+06  1.80925e+06
2  4  8  0.0804504  0.00180656    0.0534967  0.00203315  0.719964  0.712376  1989  671602  1339  671602  3032  5305  1.86508e+06  1.48057e+06  2253  3984  1.86508e+06  1.48057e+06
2  4  9  0.0721498  0.0019831    0.0449738  0.00218095  0.714997  0.751074  1327  527853  846  527853  1937  3418  1.45686e+06  1.15471e+06  1368  2298  1.45686e+06  1.15471e+06
2  4  10  0.0604733  0.0021886    0.0391976  0.00255282  0.766661  0.765461  765  382525  497  382525  1051  1731  1.05336e+06  834221  722  1191  1.05336e+06  834221
2  4  11  0.0620945  0.00294302    0.0327402  0.00299651  0.7192  0.778721  446  237142  265  237142  450  789  650484  515849  352  570  650484  515849
2  4  12  0.0501603  0.00659746    0.036521  0.010643  0.807994  0.602452  58  17195  32  17195  57  85  46737  38789  28  56  46737  38789
2  5  1  0.424344  0.00606371    0.333648  0.00654959  0.695687  0.694041  4961  381488  3927  381488  14048  25170  1.19585e+06  959385  12336  22155  1.19585e+06  959385
2  5  2  0.332244  0.00548334    0.249738  0.00584307  0.673448  0.678706  3707  381488  2858  381488  9650  17861  1.19585e+06  959385  8002  14696  1.19585e+06  959385
2  5  3  0.262129  0.00489208    0.194713  0.00532423  0.662222  0.665775  2893  378681  2150  378681  6756  12707  1.18467e+06  951129  5519  10325  1.18467e+06  951129
2  5  4  0.211986  0.00503606    0.1514  0.00543518  0.663079  0.660227  1783  284092  1282  284092  3747  6960  864321  701753  3056  5701  864321  701753
2  5  5  0.170544  0.00604923    0.134479  0.00728819  0.67239  0.656475  799  152033  628  152033  1537  2793  449986  368282  1153  2146  449986  368282
2  5  6  0.150006  0.0132902    0.108745  0.0157722  0.703672  0.679048  128  26983  92  26983  221  377  78481  65380  155  274  78481  65380
2  5  7  0  0  0  0  0  0  0  0  0  0  0  0  0  0  0  0  0  0
2  5  8  0  0  0  0  0  0  0  0  0  0  0  0  0  0  0  0  0  0
2  5  9  0  0  0  0  0  0  0  0  0  0  0  0  0  0  0  0  0  0
2  5  10  0  0  0  0  0  0  0  0  0  0  0  0  0  0  0  0  0  0
2  5  11  0  0  0  0  0  0  0  0  0  0  0  0  0  0  0  0  0  0
2  5  12  0  0  0  0  0  0  0  0  0  0  0  0  0  0  0  0  0  0
3  1  1  0  0  0  0  0  0  0  0  0  0  0  0  0  0  0  0  0  0
3  1  2  0  0  0  0  0  0  0  0  0  0  0  0  0  0  0  0  0  0
3  1  3  0  0  0  0  0  0  0  0  0  0  0  0  0  0  0  0  0  0
3  1  4  0  0  0  0  0  0  0  0  0  0  0  0  0  0  0  0  0  0
3  1  5  0  0  0  0  0  0  0  0  0  0  0  0  0  0  0  0  0  0
3  1  6  0  0  0  0  0  0  0  0  0  0  0  0  0  0  0  0  0  0
3  1  7  0.0789854  0.012512    0.0574872  0.0143741  0.898591  0.812322  40  10699  27  10699  97  161  36744  24636  61  112  36744  24636
3  1  8  0.0687335  0.00448998    0.0331821  0.00383964  0.755437  0.724943  235  83569  109  83569  590  1101  270334  191764  361  702  270334  191764
3  1  9  0.0563334  0.0031626    0.0250002  0.00257267  0.807763  0.78263  318  140122  137  140122  887  1552  452878  320427  474  856  452878  320427
3  1  10  0.0511762  0.00306642    0.022654  0.00243656  0.746124  0.722744  279  165128  123  165128  845  1611  538490  378554  440  866  538490  378554
3  1  11  0.0412667  0.00260667    0.0171216  0.00212832  0.808681  0.708071  251  168144  89  168144  749  1319  549195  385644  356  716  549195  385644
3  1  12  0.0292863  0.00157606    0.0092027  0.00104331  0.774536  0.772666  346  168144  104  168144  1035  1903  549195  385644  478  881  549195  385644
3  2  1  0  0  0  0  0  0  0  0  0  0  0  0  0  0  0  0  0  0
3  2  2  0  0  0  0  0  0  0  0  0  0  0  0  0  0  0  0  0  0
3  2  3  0  0  0  0  0  0  0  0  0  0  0  0  0  0  0  0  0  0
3  2  4  0  0  0  0  0  0  0  0  0  0  0  0  0  0  0  0  0  0
3  2  5  0.142032  0.00696636    0.0936781  0.0075825  0.794719  0.690274  418  74921  247  74921  1050  1738  221811  168620  615  1172  221811  168620
3  2  6  0.11391  0.00348175    0.0724275  0.00362539  0.760366  0.702609  1075  247838  671  247838  2554  4401  729853  557035  1524  2842  729853  557035
3  2  7  0.0928863  0.00254762    0.0510148  0.00231119  0.745858  0.782179  1334  379802  799  379802  3156  5579  1.12895e+06  856250  2001  3373  1.12895e+06  856250
3  2  8  0.0741981  0.00214869    0.0374679  0.00188626  0.774811  0.765255  1196  401402  627  401402  2788  4737  1.19284e+06  906098  1691  2909  1.19284e+06  906098
3  2  9  0.0622521  0.00202424    0.0289446  0.00166627  0.788824  0.790228  948  401409  480  401409  2274  3795  1.19288e+06  906137  1305  2174  1.19288e+06  906137
3  2  10  0.0495676  0.00183625    0.0202434  0.00138899  0.802311  0.849813  730  401409  319  401409  1921  3152  1.19288e+06  906137  1049  1625  1.19288e+06  906137
3  2  11  0.0428048  0.00179732    0.0148487  0.00121429  0.741816  0.825012  568  401409  217  401409  1442  2559  1.19288e+06  906137  784  1251  1.19288e+06  906137
3  2  12  0.031083  0.00104955    0.00981728  0.00072733  0.791188  0.788635  879  401409  270  401409  2032  3381  1.19288e+06  906137  898  1499  1.19288e+06  906137
3  3  1  0  0  0  0  0  0  0  0  0  0  0  0  0  0  0  0  0  0
3  3  2  0.315755  0.0316124    0.209265  0.0328076  0.848303  0.787561  101  8170  63  8170  269  431  25770  18960  186  321  25770  18960
3  3  3  0.247069  0.00641112    0.18155  0.00710601  0.746716  0.720686  1498  172951  1045  172951  3705  6342  504342  394577  2769  4911  504342  394577
3  3  4  0.206094  0.00407295    0.12  0.00383271  0.74035  0.745158  2579  355756  1563  355756  5768  9901  1.02539e+06  806859  4227  7209  1.02539e+06  806859
3  3  5  0.157276  0.00302286    0.090586  0.00293441  0.764625  0.750881  2723  461036  1569  461036  5769  9569  1.32153e+06  1.04199e+06  3901  6589  1.32153e+06  1.04199e+06
3  3  6  0.124225  0.00268658    0.0691891  0.00255274  0.776429  0.778615  2148  461821  1224  461821  4640  7577  1.32392e+06  1.04419e+06  2987  4864  1.32392e+06  1.04419e+06
3  3  7  0.0961011  0.00234126    0.0531999  0.00223405  0.771269  0.746028  1691  461821  940  461821  3426  5632  1.32392e+06  1.04419e+06  2283  3880  1.32392e+06  1.04419e+06
3  3  8  0.0719801  0.00198552    0.042379  0.00200673  0.783357  0.75561  1318  461821  786  461821  2860  4629  1.32392e+06  1.04419e+06  1652  2772  1.32392e+06  1.04419e+06
3  3  9  0.0595789  0.00181004    0.0296141  0.00165749  0.809346  0.788163  1086  461821  540  461821  2171  3401  1.32392e+06  1.04419e+06  1270  2043  1.32392e+06  1.04419e+06
3  3  10  0.0457491  0.00166634    0.0229465  0.00147825  0.779439  0.796598  755  461821  380  461821  1650  2684  1.32392e+06  1.04419e+06  1075  1711  1.32392e+06  1.04419e+06
3  3  11  0.0414219  0.00164233    0.0157891  0.00120741  0.763943  0.837327  637  461821  278  461821  1190  1975  1.32392e+06  1.04419e+06  739  1119  1.32392e+06  1.04419e+06
3  3  12  0.0316253  0.000994775    0.0163457  0.00101365  0.794758  0.756313  1013  444114  492  444114  1599  2547  1.26974e+06  1.003e+06  883  1478  1.26974e+06  1.003e+06
3  4  1  0.443689  0.00904715    0.32197  0.00943989  0.72138  0.725939  2441  163533  1789  163533  6365  10972  528472  424982  5456  9346  528472  424982
3  4  2  0.338743  0.00552935    0.248778  0.00594036  0.733884  0.73738  3796  332272  2797  332272  9558  16282  1.0395e+06  831486  7663  12992  1.0395e+06  831486
3  4  3  0.265723  0.00478978    0.181533  0.00492402  0.731428  0.727379  3105  350132  2147  350132  7485  12780  1.09134e+06  873874  5970  10250  1.09134e+06  873874
3  4  4  0.201167  0.00412462    0.126096  0.00399353  0.72415  0.748508  2395  350132  1560  350132  5359  9242  1.09134e+06  873874  4479  7473  1.09134e+06  873874
3  4  5  0.158162  0.0035423    0.0998364  0.00362786  0.758958  0.71414  2005  350132  1214  350132  4358  7171  1.09134e+06  873874  3196  5589  1.09134e+06  873874
3  4  6  0.136771  0.00341025    0.0754931  0.00315716  0.719719  0.752911  1616  345607  928  345607  3274  5677  1.07501e+06  861408  2406  3988  1.07501e+06  861408
3  4  7  0.107534  0.00314445    0.0627546  0.0030966  0.742897  0.753055  1174  305693  695  305693  2224  3736  941651  754552  1619  2683  941651  754552
3  4  8  0.0965541  0.00328661    0.0524089  0.00303014  0.710238  0.775388  866  254932  526  254932  1355  2386  777877  621979  1129  1821  777877  621979
3  4  9  0.0782788  0.00323832    0.042768  0.00321044  0.761433  0.729492  586  203389  314  203389  931  1532  614772  490652  648  1113  614772  490652
3  4  10  0.0673368  0.00358815    0.0354242  0.00366273  0.746007  0.747907  353  151517  182  151517  490  823  453065  361588  308  516  453065  361588
3  4  11  0.0608456  0.00443011    0.035767  0.0049964  0.729874  0.720794  189  98476  114  98476  244  418  291282  232959  147  255  291282  232959
3  4  12  0.0561082  0.0110203    0.00816385  0.00405348  0.636351  2.52009  26  8634  16  8634  22  41  24691  20820  17  8  24691  20820
3  5  1  0.424882  0.0104207    0.338018  0.011115  0.700294  0.706486  1685  124120  1352  124120  5472  10446  479535  358704  4650  8799  479535  358704
3  5  2  0.346054  0.00954676    0.246886  0.00972571  0.682218  0.676528  1328  124120  951  124120  3735  7319  479535  358704  3090  6106  479535  358704
3  5  3  0.277217  0.00864055    0.196364  0.00882524  0.675861  0.690365  1038  123296  756  123296  2646  5224  475082  356039  2218  4287  475082  356039
3  5  4  0.208386  0.00827772    0.152253  0.00884319  0.70939  0.71355  638  95068  475  95068  1601  2907  348180  270312  1242  2242  348180  270312
3  5  5  0.186901  0.0104964    0.116302  0.0105253  0.706367  0.703252  319  52172  202  52172  662  1172  181253  144939  487  866  181253  144939
3  5  6  0.184144  0.0261117    0.0874365  0.0214863  0.647351  0.784006  50  9314  29  9314  79  148  31670  26114  64  99  31670  26114
3  5  7  0  0  0  0  0  0  0  0  0  0  0  0  0  0  0  0  0  0
3  5  8  0  0  0  0  0  0  0  0  0  0  0  0  0  0  0  0  0  0
3  5  9  0  0  0  0  0  0  0  0  0  0  0  0  0  0  0  0  0  0
3  5  10  0  0  0  0  0  0  0  0  0  0  0  0  0  0  0  0  0  0
3  5  11  0  0  0  0  0  0  0  0  0  0  0  0  0  0  0  0  0  0
3  5  12  0  0  0  0  0  0  0  0  0  0  0  0  0  0  0  0  0  0
4  1  1  0  0  0  0  0  0  0  0  0  0  0  0  0  0  0  0  0  0
4  1  2  0  0  0  0  0  0  0  0  0  0  0  0  0  0  0  0  0  0
4  1  3  0  0  0  0  0  0  0  0  0  0  0  0  0  0  0  0  0  0
4  1  4  0  0  0  0  0  0  0  0  0  0  0  0  0  0  0  0  0  0
4  1  5  0  0  0  0  0  0  0  0  0  0  0  0  0  0  0  0  0  0
4  1  6  0  0  0  0  0  0  0  0  0  0  0  0  0  0  0  0  0  0
4  1  7  0.0705937  0.0138658    0.0384375  0.0131144  0.804056  0.871378  26  8454  15  8454  65  111  26370  19205  33  52  26370  19205
4  1  8  0.0656998  0.004386    0.0304573  0.00361993  0.789713  0.787907  225  81868  105  81868  639  1065  247841  188302  349  583  247841  188302
4  1  9  0.056548  0.00299178    0.0270554  0.00251688  0.724486  0.72707  358  171400  174  171400  1077  1956  519600  394899  536  970  519600  394899
4  1  10  0.0538569  0.00248386    0.0204603  0.00178897  0.728676  0.778204  471  258090  185  258090  1351  2465  789555  593863  710  1213  789555  593863
4  1  11  0.043006  0.00192857    0.0137716  0.00123667  0.758118  0.805788  498  337565  167  337565  1612  2863  1.04821e+06  778494  772  1290  1.04821e+06  778494
4  1  12  0.0291466  0.00103413    0.00883228  0.000654574  0.791291  0.792251  796  389787  240  389787  2733  4683  1.21877e+06  898877  1199  2052  1.21877e+06  898877
4  2  1  0  0  0  0  0  0  0  0  0  0  0  0  0  0  0  0  0  0
4  2  2  0  0  0  0  0  0  0  0  0  0  0  0  0  0  0  0  0  0
4  2  3  0  0  0  0  0  0  0  0  0  0  0  0  0  0  0  0  0  0
4  2  4  0  0  0  0  0  0  0  0  0  0  0  0  0  0  0  0  0  0
4  2  5  0.151573  0.00981292    0.0835866  0.00915138  0.78235  0.754423  240  40524  130  40524  505  844  120859  92433  371  643  120859  92433
4  2  6  0.135442  0.00529287    0.0648616  0.0045694  0.726931  0.749261  658  135667  331  135667  1353  2406  399097  308736  819  1413  399097  308736
4  2  7  0.0955062  0.00333733    0.0454101  0.00288194  0.753994  0.725782  822  221795  381  221795  1898  3240  650475  505375  1121  1988  650475  505375
4  2  8  0.0804323  0.00293571    0.0386597  0.0025218  0.784289  0.783049  753  240235  384  240235  1672  2734  703824  548815  980  1605  703824  548815
4  2  9  0.0688897  0.00273957    0.0268066  0.00202813  0.796604  0.840341  634  240244  273  240244  1402  2257  703872  548868  806  1230  703872  548868
4  2  10  0.0455372  0.00224538    0.0201046  0.00181496  0.826039  0.81082  412  240244  180  240244  1191  1849  703872  548868  631  998  703872  548868
4  2  11  0.0410809  0.00219434    0.0179935  0.00187932  0.791789  0.699952  351  240244  139  240244  978  1584  703872  548868  417  764  703872  548868
4  2  12  0.0298115  0.00127843    0.00801329  0.000772337  0.837777  0.876383  545  240244  153  240244  1253  1918  703872  548868  613  897  703872  548868
4  3  1  0  0  0  0  0  0  0  0  0  0  0  0  0  0  0  0  0  0
4  3  2  0.326892  0.0484712    0.274915  0.0632957  0.734731  0.593758  46  4041  31  4041  123  224  13814  10324  71  160  13814  10324
4  3  3  0.246633  0.0088588    0.169706  0.0093719  0.769186  0.741331  782  87723  511  87723  2138  3549  273721  214377  1473  2537  273721  214377
4  3  4  0.193588  0.00536973    0.112406  0.00502587  0.763447  0.759355  1309  183356  772  183356  3301  5527  559964  438064  2296  3865  559964  438064
4  3  5  0.168119  0.00446998    0.0899733  0.00400776  0.744039  0.762216  1423  238359  803  238359  3197  5481  720627  564934  2184  3655  720627  564934
4  3  6  0.131118  0.00388417    0.0667341  0.00336477  0.769562  0.834514  1145  238767  638  238767  2528  4189  721957  566154  1710  2613  721957  566154
4  3  7  0.0980042  0.00321306    0.049539  0.00293599  0.794752  0.75323  934  238767  442  238767  1947  3124  721957  566154  1280  2167  721957  566154
4  3  8  0.0704844  0.00271678    0.0340004  0.00231693  0.79399  0.808765  675  238767  344  238767  1518  2438  721957  566154  945  1490  721957  566154
4  3  9  0.0671969  0.00274447    0.0302709  0.00233997  0.767455  0.75678  601  238767  269  238767  1182  1964  721957  566154  708  1193  721957  566154
4  3  10  0.0505809  0.00234039    0.0228504  0.0021013  0.817243  0.772344  468  238767  188  238767  994  1551  721957  566154  513  847  721957  566154
4  3  11  0.0434221  0.00227145    0.0184403  0.00191038  0.791609  0.754789  366  238767  153  238767  753  1213  721957  566154  380  642  721957  566154
4  3  12  0.0352652  0.00145494    0.0115438  0.00107206  0.803676  0.821499  589  229930  199  229930  857  1358  692670  543909  458  710  692670  543909
4  4  1  0.451347  0.0126208    0.332776  0.0134544  0.737738  0.712496  1299  82795  932  82795  3614  6106  285973  229432  2901  5075  285973  229432
4  4  2  0.339924  0.00766871    0.248363  0.0081913  0.735562  0.746172  1988  168395  1449  168395  5193  8745  562305  453953  4133  6861  562305  453953
4  4  3  0.276491  0.0067577    0.180211  0.00681575  0.751738  0.740822  1690  177258  1092  177258  4081  6719  590098  476782  3164  5286  590098  476782
4  4  4  0.209906  0.00573885    0.133319  0.00576891  0.753848  0.745807  1348  177258  842  177258  3177  5216  590098  476782  2373  3938  590098  476782
4  4  5  0.170723  0.00525445    0.0960036  0.00491871  0.73758  0.718132  1062  177258  582  177258  2351  3945  590097  476782  1761  3035  590097  476782
4  4  6  0.138675  0.00477083    0.0736115  0.00423183  0.755087  0.793876  849  175045  484  175045  1823  2984  581370  470374  1336  2080  581370  470374
4  4  7  0.121233  0.00470075    0.0612192  0.00415902  0.761693  0.767439  668  155033  348  155033  1251  2021  509843  414331  938  1504  509843  414331
4  4  8  0.0826073  0.00411122    0.0421446  0.00373654  0.782263  0.765182  405  129174  201  129174  854  1341  421361  343029  565  907  421361  343029
4  4  9  0.0750265  0.00428142    0.0370547  0.00392601  0.799885  0.758047  308  103057  148  103057  623  958  332881  270635  363  589  332881  270635
4  4  10  0.0640992  0.00478331    0.0327667  0.00454772  0.84009  0.795318  180  76275  93  76275  347  508  244848  199084  194  300  244848  199084
4  4  11  0.0562837  0.00537239    0.0343465  0.00661811  0.817982  0.683603  110  49577  51  49577  207  311  158291  128802  89  160  158291  128802
4  4  12  0.0199366  0.00705536    0.00955204  0.00729801  1.03055  1.1891  8  4193  4  4193  13  15  13331  11211  6  6  13331  11211
4  5  1  0.491334  0.0165219    0.34501  0.0163498  0.688188  0.691064  898  58259  643  58259  2757  5663  259845  183822  2242  4586  259845  183822
4  5  2  0.365954  0.0142931    0.25585  0.0139252  0.682918  0.705949  663  58259  488  58259  2003  4146  259845  183822  1691  3386  259845  183822
4  5  3  0.292865  0.0124246    0.177447  0.0120188  0.720751  0.670235  561  57859  316  57859  1377  2698  257431  182292  1056  2225  257431  182292
4  5  4  0.24673  0.0133356    0.148641  0.0125813  0.694794  0.703628  345  43922  209  43922  774  1524  187745  137236  646  1256  187745  137236
4  5  5  0.201117  0.0161544    0.12363  0.0160721  0.714577  0.704611  156  24077  94  24077  325  597  97180  74035  248  462  97180  74035
4  5  6  0.176321  0.0360905    0.103385  0.0364658  0.666204  0.648579  24  4351  13  4351  48  92  17035  13341  32  63  17035  13341
4  5  7  0  0  0  0  0  0  0  0  0  0  0  0  0  0  0  0  0  0
4  5  8  0  0  0  0  0  0  0  0  0  0  0  0  0  0  0  0  0  0
4  5  9  0  0  0  0  0  0  0  0  0  0  0  0  0  0  0  0  0  0
4  5  10  0  0  0  0  0  0  0  0  0  0  0  0  0  0  0  0  0  0
4  5  11  0  0  0  0  0  0  0  0  0  0  0  0  0  0  0  0  0  0
4  5  12  0  0  0  0  0  0  0  0  0  0  0  0  0  0  0  0  0  0
5  1  1  0  0  0  0  0  0  0  0  0  0  0  0  0  0  0  0  0  0
5  1  2  0  0  0  0  0  0  0  0  0  0  0  0  0  0  0  0  0  0
5  1  3  0  0  0  0  0  0  0  0  0  0  0  0  0  0  0  0  0  0
5  1  4  0  0  0  0  0  0  0  0  0  0  0  0  0  0  0  0  0  0
5  1  5  0  0  0  0  0  0  0  0  0  0  0  0  0  0  0  0  0  0
5  1  6  0  0  0  0  0  0  0  0  0  0  0  0  0  0  0  0  0  0
5  1  7  0.0780433  0.0153279    0.022162  0.00931466  0.748552  0.65948  26  8893  7  8893  76  140  28287  20514  44  92  28287  20514
5  1  8  0.0819274  0.00507877    0.0356372  0.0042378  0.723226  0.626415  261  87150  105  87150  666  1213  264814  201039  321  675  264814  201039
5  1  9  0.0564723  0.00280922    0.0250413  0.00235348  0.769529  0.684567  405  184224  164  184224  1169  1996  558587  425128  558  1071  558587  425128
5  1  10  0.0490097  0.002302    0.0182325  0.0016178  0.713913  0.745389  454  280085  178  280085  1483  2728  848825  646353  697  1228  848825  646353
5  1  11  0.0398266  0.00178586    0.0118303  0.00110863  0.737462  0.729971  498  374965  148  374965  1805  3216  1.13783e+06  865961  770  1386  1.13783e+06  865961
5  1  12  0.0294597  0.000971185    0.0072795  0.0005539  0.749436  0.726155  922  456015  220  456015  3284  5754  1.38242e+06  1.05278e+06  1252  2264  1.38242e+06  1.05278e+06
5  2  1  0  0  0  0  0  0  0  0  0  0  0  0  0  0  0  0  0  0
5  2  2  0  0  0  0  0  0  0  0  0  0  0  0  0  0  0  0  0  0
5  2  3  0  0  0  0  0  0  0  0  0  0  0  0  0  0  0  0  0  0
5  2  4  0  0  0  0  0  0  0  0  0  0  0  0  0  0  0  0  0  0
5  2  5  0.186607  0.0118852    0.0856326  0.00956916  0.673944  0.703432  248  41110  123  41110  568  1088  130369  100988  358  657  130369  100988
5  2  6  0.117968  0.00474825    0.0612168  0.00426873  0.770324  0.747716  620  139401  318  139401  1560  2607  431164  334929  927  1596  431164  334929
5  2  7  0.103698  0.00354272    0.0448809  0.002797  0.729501  0.746937  860  229011  396  229011  2026  3581  703157  545333  1169  2018  703157  545333
5  2  8  0.0736937  0.00272595    0.0353481  0.00234122  0.793202  0.75991  733  248477  349  248477  1847  2998  761251  591261  1050  1779  761251  591261
5  2  9  0.0567203  0.00242564    0.0301469  0.00221531  0.772575  0.779778  548  248491  293  248491  1478  2463  761299  591323  811  1339  761299  591323
5  2  10  0.0545275  0.00250956    0.0200585  0.00181697  0.756582  0.819287  473  248491  187  248491  1200  2042  761299  591323  574  902  761299  591323
5  2  11  0.0384709  0.00203756    0.0149899  0.00159201  0.819501  0.792417  357  248491  132  248491  1042  1637  761299  591323  437  710  761299  591323
5  2  12  0.0290276  0.00124591    0.00774629  0.000762211  0.813345  0.875766  544  248491  147  248491  1369  2167  761299  591323  585  860  761299  591323
5  3  1  0  0  0  0  0  0  0  0  0  0  0  0  0  0  0  0  0  0
5  3  2  0.240359  0.0426567    0.226359  0.0476692  0.692101  0.750578  32  4064  33  4064  129  240  14885  11560  116  199  14885  11560
5  3  3  0.278279  0.00946498    0.155629  0.00870272  0.756792  0.736625  873  87895  483  87895  2297  3752  294656  238362  1538  2581  294656  238362
5  3  4  0.221014  0.00578959    0.120629  0.00528861  0.764398  0.751007  1469  182690  814  182690  3673  5979  602081  483869  2343  3882  602081  483869
5  3  5  0.167885  0.00441619    0.0839165  0.00383442  0.745217  0.732436  1454  238689  716  238689  3495  5843  776134  622967  2321  3948  776134  622967
5  3  6  0.12319  0.00367658    0.0691513  0.00350077  0.801168  0.762282  1128  239113  610  239113  2730  4244  777555  624302  1759  2874  777555  624302
5  3  7  0.100121  0.0032565    0.0445071  0.00267576  0.805067  0.797866  949  239113  419  239113  2221  3436  777555  624302  1344  2098  777555  624302
5  3  8  0.0824628  0.00296695    0.0364763  0.00244803  0.802316  0.777573  775  239113  343  239113  1805  2802  777555  624302  1027  1645  777555  624302
5  3  9  0.0710839  0.0028027    0.0275155  0.00214704  0.805092  0.787217  645  239113  254  239113  1351  2090  777555  624302  761  1204  777555  624302
5  3  10  0.0526119  0.00240131    0.018911  0.00174049  0.8341  0.847923  481  239113  180  239113  1103  1647  777555  624302  578  849  777555  624302
5  3  11  0.0450142  0.00225823    0.0133409  0.00144687  0.819369  0.857253  398  239113  127  239113  823  1251  777555  624301  435  632  777555  624301
5  3  12  0.0303643  0.00133434    0.0117217  0.00106777  0.820803  0.845221  519  230304  203  230304  1014  1538  746206  599379  499  735  746206  599379
5  4  1  0.480942  0.0134194    0.331726  0.0135016  0.734641  0.727776  1306  77853  889  77853  3786  6663  307256  237649  3056  5429  307256  237649
5  4  2  0.372611  0.0081617    0.234841  0.00783102  0.741425  0.738922  2111  164484  1339  164484  5723  9725  605451  480558  4465  7613  605451  480558
5  4  3  0.293118  0.00693694    0.169776  0.00648852  0.752515  0.75145  1804  173702  1039  173702  4390  7330  635906  506102  3269  5466  635906  506102
5  4  4  0.222989  0.00596041    0.121372  0.00539606  0.762472  0.769471  1411  173702  764  173702  3357  5532  635906  506102  2449  3999  635906  506102
5  4  5  0.177301  0.00535306    0.0933967  0.00474656  0.770088  0.768031  1104  173702  588  173702  2500  4079  635905  506102  1846  3020  635905  506102
5  4  6  0.145684  0.00489599    0.0725622  0.00421421  0.765459  0.784023  890  171692  458  171692  2023  3315  626473  499451  1377  2203  626473  499451
5  4  7  0.115171  0.00448927    0.0581931  0.00404649  0.779828  0.763687  661  153433  329  153433  1395  2226  549096  441264  904  1473  549096  441264
5  4  8  0.0898821  0.00428738    0.0495884  0.00416595  0.808466  0.768438  441  129443  243  129443  931  1420  453994  368171  554  889  453994  368171
5  4  9  0.0788596  0.00452949    0.0431716  0.00435587  0.809414  0.832141  304  104345  173  104345  646  978  359038  292997  383  564  359038  292997
5  4  10  0.0666981  0.00488332    0.0362292  0.00474565  0.797473  0.798841  187  77649  104  77649  368  563  264588  216867  220  336  264588  216867
5  4  11  0.0485789  0.00488715    0.0240993  0.00480922  0.808538  0.812717  99  50443  45  50443  203  305  171023  140783  95  142  171023  140783
5  4  12  0.0594864  0.0140497    0.0378267  0.0232124  0.713277  0.470763  18  4410  7  4410  20  33  14596  12402  6  15  14596  12402
5  5  1  0.446844  0.0153877    0.347262  0.0161208  0.734973  0.720552  856  56689  662  56689  3102  6046  275575  192372  2432  4835  275575  192372
5  5  2  0.367441  0.0138279    0.243064  0.01346  0.744025  0.726278  715  56689  464  56689  2130  4101  275575  192372  1703  3359  275575  192372
5  5  3  0.317557  0.0132763    0.196337  0.0127303  0.717644  0.69232  578  56256  357  56256  1525  3042  272937  190662  1078  2229  272937  190662
5  5  4  0.263761  0.0137915    0.148855  0.0130079  0.73111  0.682952  369  41679  197  41679  793  1546  198955  139584  586  1223  198955  139584
5  5  5  0.22298  0.0183896    0.123239  0.0160861  0.634083  0.779296  148  22287  97  22287  299  658  103348  74063  234  419  103348  74063
5  5  6  0.17799  0.0399004    0.117411  0.040408  0.604082  0.664392  20  3955  14  3955  47  105  18119  13426  32  65  18119  13426
5  5  7  0  0  0  0  0  0  0  0  0  0  0  0  0  0  0  0  0  0
5  5  8  0  0  0  0  0  0  0  0  0  0  0  0  0  0  0  0  0  0
5  5  9  0  0  0  0  0  0  0  0  0  0  0  0  0  0  0  0  0  0
5  5  10  0  0  0  0  0  0  0  0  0  0  0  0  0  0  0  0  0  0
5  5  11  0  0  0  0  0  0  0  0  0  0  0  0  0  0  0  0  0  0
5  5  12  0  0  0  0  0  0  0  0  0  0  0  0  0  0  0  0  0  0
6  1  1  0  0  0  0  0  0  0  0  0  0  0  0  0  0  0  0  0  0
6  1  2  0  0  0  0  0  0  0  0  0  0  0  0  0  0  0  0  0  0
6  1  3  0  0  0  0  0  0  0  0  0  0  0  0  0  0  0  0  0  0
6  1  4  0  0  0  0  0  0  0  0  0  0  0  0  0  0  0  0  0  0
6  1  5  0  0  0  0  0  0  0  0  0  0  0  0  0  0  0  0  0  0
6  1  6  0  0  0  0  0  0  0  0  0  0  0  0  0  0  0  0  0  0
6  1  7  0.10521  0.0202855    0.0316782  0.0133614  0.690086  0.696086  27  7221  8  7221  69  132  23524  17819  29  55  23524  17819
6  1  8  0.0678018  0.00504604    0.0284945  0.00413108  0.754986  0.614438  181  71553  66  71553  600  1021  223739  174152  253  529  223739  174152
6  1  9  0.0579455  0.00345993    0.0202932  0.00237472  0.644015  0.642123  281  152276  99  152276  969  1930  469794  366250  419  837  469794  366250
6  1  10  0.0482921  0.00251598    0.0140028  0.00157099  0.687918  0.677073  369  232776  106  232776  1308  2450  714178  554257  485  923  714178  554257
6  1  11  0.038253  0.00194823    0.010832  0.00123073  0.684067  0.624966  386  313083  101  313083  1483  2803  957111  740256  494  1022  957111  740256
6  1  12  0.0291222  0.00107889    0.00708248  0.000636627  0.708074  0.631259  730  382600  157  382600  2755  5039  1.16402e+06  898791  872  1789  1.16402e+06  898791
6  2  1  0  0  0  0  0  0  0  0  0  0  0  0  0  0  0  0  0  0
6  2  2  0  0  0  0  0  0  0  0  0  0  0  0  0  0  0  0  0  0
6  2  3  0  0  0  0  0  0  0  0  0  0  0  0  0  0  0  0  0  0
6  2  4  0  0  0  0  0  0  0  0  0  0  0  0  0  0  0  0  0  0
6  2  5  0.149193  0.0119359    0.0819048  0.0108367  0.681386  0.639689  157  32122  84  32122  478  881  109099  86872  272  534  109099  86872
6  2  6  0.138716  0.00629981    0.0566598  0.00484492  0.673662  0.660145  487  109363  201  109363  1192  2205  362163  290623  659  1244  362163  290623
6  2  7  0.0965834  0.00379221    0.0386443  0.00298798  0.749203  0.704553  651  180799  247  180799  1794  2985  589493  472887  815  1442  589493  472887
6  2  8  0.0658892  0.0029563    0.0300967  0.00246201  0.764662  0.714305  498  196403  214  196403  1634  2659  637940  512677  783  1364  637940  512677
6  2  9  0.0558765  0.00273592    0.0208794  0.00202637  0.780204  0.739201  418  196411  150  196411  1318  2102  637984  512725  581  978  637984  512725
6  2  10  0.0504985  0.00259302    0.0177458  0.00201381  0.811284  0.696257  380  196411  111  196411  1141  1750  637984  512725  404  722  637984  512725
6  2  11  0.0425718  0.00237438    0.0113283  0.00148723  0.804023  0.77318  322  196411  80  196411  935  1447  637984  512725  343  552  637984  512725
6  2  12  0.0273636  0.00135116    0.00621302  0.00077041  0.789342  0.765723  411  196411  86  196411  1270  2002  637984  512725  432  702  637984  512725
6  3  1  0  0  0  0  0  0  0  0  0  0  0  0  0  0  0  0  0  0
6  3  2  0.500922  0.0687274    0.24801  0.0652028  0.674963  0.558257  54  3270  22  3270  123  233  12176  9523  62  142  12176  9523
6  3  3  0.276418  0.0105904    0.164719  0.0101116  0.750629  0.741918  688  69480  407  69480  1861  3081  248099  199643  1240  2077  248099  199643
6  3  4  0.219224  0.00646778    0.105496  0.00544994  0.75861  0.737937  1158  145552  553  145552  3047  4962  507592  410877  1881  3149  507592  410877
6  3  5  0.181961  0.00523266    0.0801826  0.00411895  0.749348  0.765978  1217  189572  564  189572  2998  4923  654197  531651  1893  3041  654197  531651
6  3  6  0.145337  0.0045921    0.0499891  0.00314772  0.774584  0.770298  1007  189898  359  189898  2449  3889  655356  532794  1389  2218  655356  532794
6  3  7  0.109844  0.00393608    0.0377768  0.0027223  0.774724  0.77995  782  189898  277  189898  1904  3023  655356  532794  1038  1637  655356  532794
6  3  8  0.0827935  0.00337975    0.0290287  0.00233193  0.793589  0.808751  602  189898  224  189898  1511  2342  655356  532794  837  1273  655356  532794
6  3  9  0.0605738  0.00287162    0.0216442  0.00201667  0.834207  0.83381  446  189898  167  189898  1294  1908  655356  532794  625  922  655356  532794
6  3  10  0.0539232  0.00279478    0.0147135  0.00164397  0.827152  0.876111  373  189898  115  189898  967  1438  655356  532794  453  636  655356  532794
6  3  11  0.0464465  0.00252117    0.0128787  0.00156677  0.835682  0.893421  340  189898  101  189898  765  1126  655356  532794  353  486  655356  532794
6  3  12  0.0359915  0.00165703    0.00935764  0.00105035  0.819824  0.784827  473  182918  122  182918  868  1301  629329  512153  373  584  629329  512153
6  4  1  0.503926  0.0161338    0.340175  0.0156654  0.741334  0.756793  993  55592  683  55592  3050  5560  260226  192558  2478  4425  260226  192558
6  4  2  0.375836  0.00943822    0.225944  0.0087568  0.757662  0.751936  1607  119563  962  119563  4594  7982  512162  389055  3494  6117  512162  389055
6  4  3  0.30025  0.00809458    0.164908  0.00724104  0.783332  0.764473  1391  126498  763  126498  3750  6281  537836  409927  2615  4488  537836  409927
6  4  4  0.215792  0.0066495    0.110268  0.00583391  0.818389  0.771037  1062  126498  514  126498  2951  4731  537836  409927  1887  3211  537836  409927
6  4  5  0.174964  0.00608207    0.0877117  0.00529695  0.78253  0.757047  833  126498  404  126498  2137  3583  537836  409927  1360  2357  537836  409927
6  4  6  0.147766  0.00551516    0.0726437  0.00499603  0.826853  0.716567  722  124923  305  124923  1696  2688  529944  404388  1075  1966  529944  404388
6  4  7  0.126353  0.00551701    0.0518683  0.00433003  0.793811  0.787348  527  111662  220  111662  1174  1925  464089  356551  666  1101  464089  356551
6  4  8  0.0913662  0.00483799    0.0342003  0.00346954  0.861973  0.921897  358  94481  144  94481  842  1259  383324  297412  515  720  383324  297412
6  4  9  0.0722387  0.0050521    0.0477979  0.00590849  0.757582  0.624689  205  76808  111  76808  540  913  303397  236867  238  488  303397  236867
6  4  10  0.0592997  0.00510966    0.0161045  0.00296706  0.823751  0.986931  135  57833  42  57833  299  460  223675  176496  176  226  223675  176496
6  4  11  0.0583906  0.00649468    0.0226302  0.00510726  0.788468  0.704983  81  38399  29  38399  180  288  144629  114644  95  170  144629  114644
6  4  12  0.0583373  0.0176187    0.0126754  0.0071539  0.662016  1.35412  11  3291  5  3291  22  40  12281  10203  18  16  12281  10203
6  5  1  0.483698  0.017807    0.343429  0.0175817  0.749119  0.72501  750  45525  531  45525  2699  4941  230943  168400  2167  4099  230943  168400
6  5  2  0.38376  0.0160087    0.230778  0.0142517  0.712614  0.735525  582  45525  367  45525  1893  3643  230943  168400  1454  2711  230943  168400
6  5  3  0.342045  0.0150714    0.21162  0.014569  0.735254  0.73295  521  45210  320  45210  1348  2513  228826  166942  970  1814  228826  166942
6  5  4  0.28902  0.0157995    0.177057  0.0157022  0.762202  0.73643  338  33575  204  33575  858  1540  167346  122324  527  979  167346  122324
6  5  5  0.232898  0.0190963    0.095305  0.0144372  0.772298  0.799356  150  17730  65  17730  331  585  87240  63915  212  362  87240  63915
6  5  6  0.180767  0.0427267    0.0617373  0.0278518  0.685017  0.765149  18  3204  7  3204  42  83  15446  11410  26  46  15446  11410
6  5  7  0  0  0  0  0  0  0  0  0  0  0  0  0  0  0  0  0  0
6  5  8  0  0  0  0  0  0  0  0  0  0  0  0  0  0  0  0  0  0
6  5  9  0  0  0  0  0  0  0  0  0  0  0  0  0  0  0  0  0  0
6  5  10  0  0  0  0  0  0  0  0  0  0  0  0  0  0  0  0  0  0
6  5  11  0  0  0  0  0  0  0  0  0  0  0  0  0  0  0  0  0  0
6  5  12  0  0  0  0  0  0  0  0  0  0  0  0  0  0  0  0  0  0
7  1  1  0  0  0  0  0  0  0  0  0  0  0  0  0  0  0  0  0  0
7  1  2  0  0  0  0  0  0  0  0  0  0  0  0  0  0  0  0  0  0
7  1  3  0  0  0  0  0  0  0  0  0  0  0  0  0  0  0  0  0  0
7  1  4  0  0  0  0  0  0  0  0  0  0  0  0  0  0  0  0  0  0
7  1  5  0  0  0  0  0  0  0  0  0  0  0  0  0  0  0  0  0  0
7  1  6  0  0  0  0  0  0  0  0  0  0  0  0  0  0  0  0  0  0
7  1  7  0.140175  0.0423436    0.0503196  0.0315871  0.54601  0.566097  11  2936  4  2936  26  62  10230  7857  10  23  10230  7857
7  1  8  0.0679658  0.0093443    0.0214379  0.00541015  0.532081  0.683373  53  29129  22  29129  210  495  96367  76836  85  156  96367  76836
7  1  9  0.0524834  0.00544635    0.0171716  0.00400898  0.567772  0.448807  93  62141  24  62141  381  841  203352  162257  106  296  203352  162257
7  1  10  0.0447529  0.00407103    0.013921  0.00281598  0.593289  0.480937  121  95336  31  95336  484  1025  309335  246198  160  418  309335  246198
7  1  11  0.0348001  0.00317828    0.00812406  0.00179517  0.578353  0.516975  120  129052  25  129052  576  1255  413823  328398  160  390  413823  328398
7  1  12  0.0236433  0.0016605    0.0050425  0.000872275  0.566822  0.518512  203  158711  40  158711  1021  2278  503742  398321  287  700  503742  398321
7  2  1  0  0  0  0  0  0  0  0  0  0  0  0  0  0  0  0  0  0
7  2  2  0  0  0  0  0  0  0  0  0  0  0  0  0  0  0  0  0  0
7  2  3  0  0  0  0  0  0  0  0  0  0  0  0  0  0  0  0  0  0
7  2  4  0  0  0  0  0  0  0  0  0  0  0  0  0  0  0  0  0  0
7  2  5  0.134579  0.0168613    0.0978909  0.0203016  0.727198  0.547111  64  13823  36  13823  223  385  48091  38305  95  218  48091  38305
7  2  6  0.131302  0.00912442    0.0483657  0.00710361  0.678454  0.57927  208  46616  66  46616  564  1028  157034  126987  230  491  157034  126987
7  2  7  0.0960402  0.00627455    0.0314247  0.0041441  0.64563  0.650523  235  76804  78  76804  722  1377  255928  207844  336  636  255928  207844
7  2  8  0.0677068  0.00494358    0.0208595  0.00313345  0.693814  0.64744  188  83472  58  83472  667  1180  277013  225684  288  546  277013  225684
7  2  9  0.0583951  0.00460662    0.0142789  0.00254897  0.656248  0.703757  161  83478  41  83478  563  1053  277028  225702  211  368  277028  225702
7  2  10  0.0468133  0.0040778    0.0145804  0.0027509  0.692305  0.661476  132  83478  37  83478  458  812  277028  225702  180  334  277028  225702
7  2  11  0.0365936  0.00349136    0.00660999  0.00163437  0.762506  0.750945  110  83478  20  83478  433  697  277028  225702  145  237  277028  225702
7  2  12  0.0299274  0.0022777    0.00489023  0.00102174  0.79178  0.738131  173  83478  29  83478  538  834  277028  225702  175  291  277028  225702
7  3  1  0  0  0  0  0  0  0  0  0  0  0  0  0  0  0  0  0  0
7  3  2  0.225226  0.0653484    0.102034  0.0511981  0.925049  0.842506  12  1174  5  1174  50  74  5312  3880  32  52  5312  3880
7  3  3  0.295511  0.017881    0.141162  0.0154712  0.732983  0.656244  276  26220  118  26220  758  1351  106419  81459  432  860  106419  81459
7  3  4  0.233159  0.010915    0.101745  0.0089548  0.724387  0.627942  460  56835  178  56835  1171  2076  218132  169855  709  1450  218132  169855
7  3  5  0.166145  0.00779557    0.0583656  0.00542403  0.765865  0.737733  457  75040  157  75040  1323  2194  281150  221365  704  1212  281150  221365
7  3  6  0.132823  0.0069882    0.049493  0.00523065  0.776899  0.70064  363  75179  127  75179  1083  1770  281682  221845  474  859  281682  221845
7  3  7  0.110268  0.00635794    0.0317768  0.00400844  0.754872  0.743839  302  75179  86  75179  824  1386  281682  221845  372  635  281682  221845
7  3  8  0.0773069  0.004947    0.0277133  0.00375037  0.849777  0.738627  245  75179  74  75179  688  1028  281682  221845  331  569  281682  221845
7  3  9  0.065475  0.0048068    0.0208717  0.00315507  0.840612  0.832491  186  75179  63  75179  525  793  281682  221845  238  363  281682  221845
7  3  10  0.0537883  0.00438162    0.0117057  0.00232669  0.823397  0.892239  151  75179  35  75179  428  660  281682  221845  156  222  281682  221845
7  3  11  0.0484029  0.00400974    0.00929774  0.00212584  0.757047  0.796958  146  75179  26  75179  316  530  281682  221844  118  188  281682  221844
7  3  12  0.0325899  0.0024056    0.00961571  0.00171609  0.844252  0.760989  184  72644  51  72644  460  690  270230  213388  131  218  270230  213388
7  4  1  0.462271  0.023345    0.294062  0.0224599  0.801369  0.72969  399  22698  234  22698  1373  2290  111700  83571  1034  1894  111700  83571
7  4  2  0.395854  0.0153798    0.241388  0.0147365  0.758232  0.719232  672  46740  387  46740  2007  3534  219732  164578  1385  2571  219732  164578
7  4  3  0.297859  0.0126693    0.126682  0.00964352  0.807874  0.793762  559  49290  237  49290  1633  2699  230873  172907  1032  1736  230873  172907
7  4  4  0.232712  0.0111561    0.106412  0.00897171  0.8084  0.789535  439  49290  202  49290  1315  2172  230873  172907  748  1265  230873  172907
7  4  5  0.190286  0.0100379    0.0747581  0.0077705  0.79251  0.736492  362  49290  128  49290  936  1577  230873  172907  524  950  230873  172907
7  4  6  0.175799  0.00969562    0.0622676  0.00704186  0.794679  0.785761  331  48654  116  48654  738  1239  227543  170552  384  652  227543  170552
7  4  7  0.125512  0.00844544    0.045632  0.00616506  0.846574  0.867413  222  43150  79  43150  499  785  199560  149844  297  456  199560  149844
7  4  8  0.0938664  0.00803475    0.0390869  0.00671651  0.88363  0.700362  137  36082  49  36082  412  622  164908  123617  168  320  164908  123617
7  4  9  0.0803511  0.00774622    0.0298616  0.00628142  0.987954  0.93179  108  28899  38  28899  257  347  130261  97652  95  136  130261  97652
7  4  10  0.07433  0.00945343    0.0209866  0.00602823  0.770569  0.889953  62  21629  18  21629  142  246  96434  72239  62  93  96434  72239
7  4  11  0.045988  0.00854843    0.0236928  0.00899133  0.892631  0.716176  29  14274  11  14274  83  124  62379  46776  29  54  62379  46776
7  4  12  0.0347611  0.0174095    0.006716  0.0079501  0.924485  1.34471  4  1201  1  1201  11  16  5321  3957  5  5  5321  3957
7  5  1  0.549436  0.0290727    0.32314  0.0256573  0.753722  0.761689  364  19008  221  19008  1238  2153  99931  76237  928  1597  99931  76237
7  5  2  0.397737  0.0239437    0.281967  0.0257417  0.787152  0.706918  280  19008  177  19008  932  1552  99931  76237  590  1094  99931  76237
7  5  3  0.33882  0.0223334    0.175072  0.0192922  0.790431  0.769909  233  18878  118  18878  703  1165  99029  75601  442  752  99029  75601
7  5  4  0.321497  0.025964    0.162344  0.0225414  0.771943  0.729902  155  14176  81  14176  339  575  72277  55201  228  409  72277  55201
7  5  5  0.213697  0.0262247    0.124464  0.0261489  0.946559  0.862342  67  7428  37  7428  148  205  37663  28726  98  149  37663  28726
7  5  6  0.12624  0.044764    0.170026  0.0930493  1.12225  0.73481  8  1356  7  1356  28  33  6690  5058  10  18  6690  5058
7  5  7  0  0  0  0  0  0  0  0  0  0  0  0  0  0  0  0  0  0
7  5  8  0  0  0  0  0  0  0  0  0  0  0  0  0  0  0  0  0  0
7  5  9  0  0  0  0  0  0  0  0  0  0  0  0  0  0  0  0  0  0
7  5  10  0  0  0  0  0  0  0  0  0  0  0  0  0  0  0  0  0  0
7  5  11  0  0  0  0  0  0  0  0  0  0  0  0  0  0  0  0  0  0
7  5  12  0  0  0  0  0  0  0  0  0  0  0  0  0  0  0  0  0  0
8  1  1  0  0  0  0  0  0  0  0  0  0  0  0  0  0  0  0  0  0
8  1  2  0  0  0  0  0  0  0  0  0  0  0  0  0  0  0  0  0  0
8  1  3  0  0  0  0  0  0  0  0  0  0  0  0  0  0  0  0  0  0
8  1  4  0  0  0  0  0  0  0  0  0  0  0  0  0  0  0  0  0  0
8  1  5  0  0  0  0  0  0  0  0  0  0  0  0  0  0  0  0  0  0
8  1  6  0  0  0  0  0  0  0  0  0  0  0  0  0  0  0  0  0  0
8  1  7  0.131334  0.0657524    0.0483762  0.0415909  0.416184  0.556078  4  1536  2  1536  17  53  5639  4346  6  14  5639  4346
8  1  8  0.0410011  0.0105914    0.0306656  0.0120914  0.489126  0.410339  15  15821  10  15821  87  222  52784  42291  24  73  52784  42291
8  1  9  0.0574976  0.00848337    0.00459479  0.00238418  0.461319  0.527836  46  33535  4  33535  183  498  111366  88710  74  176  111366  88710
8  1  10  0.0381216  0.00610667    0.00959377  0.00346944  0.404749  0.371645  39  51155  9  51155  205  636  168255  133992  66  223  168255  133992
8  1  11  0.0326299  0.00516074    0.00928179  0.00301742  0.382216  0.399566  40  68803  12  68803  230  758  224748  178421  59  186  224748  178421
8  1  12  0.0233061  0.00264012    0.00416316  0.00141411  0.391284  0.307826  78  84183  10  84183  432  1393  272823  216233  81  332  272823  216233
8  2  1  0  0  0  0  0  0  0  0  0  0  0  0  0  0  0  0  0  0
8  2  2  0  0  0  0  0  0  0  0  0  0  0  0  0  0  0  0  0  0
8  2  3  0  0  0  0  0  0  0  0  0  0  0  0  0  0  0  0  0  0
8  2  4  0  0  0  0  0  0  0  0  0  0  0  0  0  0  0  0  0  0
8  2  5  0.148321  0.0303296    0.0484673  0.0190516  0.496996  0.494657  24  6762  8  6762  85  225  26055  19805  47  125  26055  19805
8  2  6  0.118478  0.0123098    0.0489443  0.0105912  0.671005  0.499365  93  23654  29  23654  247  475  85157  65993  113  292  85157  65993
8  2  7  0.083476  0.00866624    0.0256461  0.00552913  0.588581  0.583615  93  39482  29  39482  352  761  138151  108569  122  266  138151  108569
8  2  8  0.0645961  0.00709719    0.0120152  0.00338045  0.629553  0.564413  83  42979  15  42979  349  704  149632  117827  116  261  149632  117827
8  2  9  0.0591423  0.00683512    0.0139696  0.00387993  0.589568  0.528645  75  42981  16  42981  260  560  149639  117841  97  233  149639  117841
8  2  10  0.0453665  0.00586088    0.0120215  0.00385499  0.677614  0.484723  60  42981  12  42981  246  461  149639  117841  71  186  149639  117841
8  2  11  0.040884  0.00561931    0.00436711  0.00206976  0.668846  0.571912  53  42981  5  42981  207  393  149639  117841  59  131  149639  117841
8  2  12  0.0184962  0.00256652    0.00332322  0.0012852  0.670053  0.567579  52  42981  8  42981  267  506  149639  117841  59  132  149639  117841
8  3  1  0  0  0  0  0  0  0  0  0  0  0  0  0  0  0  0  0  0
8  3  2  0.416995  0.158576    0.170188  0.112589  0.584829  0.620273  7  569  3  569  22  55  2949  2017  14  33  2949  2017
8  3  3  0.299689  0.0263175    0.15441  0.0230541  0.731448  0.692427  131  12807  65  12807  406  748  57615  42754  223  434  57615  42754
8  3  4  0.201346  0.0145066    0.0956155  0.012713  0.70969  0.619055  194  27543  77  27543  602  1130  117856  88471  316  680  117856  88471
8  3  5  0.178135  0.0118858    0.0453552  0.00690304  0.698275  0.663622  226  36637  54  36637  646  1226  152509  115083  326  651  152509  115083
8  3  6  0.136002  0.0102471    0.0326978  0.00555365  0.742755  0.752679  177  36718  44  36718  512  913  152787  115356  258  454  152787  115356
8  3  7  0.111306  0.00935863    0.0217986  0.00455257  0.705709  0.710595  142  36718  29  36718  414  777  152787  115356  169  315  152787  115356
8  3  8  0.0748794  0.0072494    0.0183416  0.00420615  0.829648  0.707394  107  36718  24  36718  337  538  152787  115356  141  264  152787  115356
8  3  9  0.0681355  0.00692724    0.0115079  0.00316075  0.801267  0.79341  97  36718  16  36718  268  443  152787  115356  124  207  152787  115356
8  3  10  0.0620678  0.00753379    0.0148091  0.00367462  0.689162  0.858844  68  36718  24  36718  192  369  152787  115356  83  128  152787  115356
8  3  11  0.052994  0.00643241    0.00812341  0.00288171  0.748616  0.691539  68  36718  10  36718  169  299  152786  115356  59  113  152786  115356
8  3  12  0.0370661  0.00371184    0.00578796  0.00180381  0.889793  0.746788  100  35454  14  35454  249  370  146675  110934  61  108  146675  110934
8  4  1  0.487994  0.032409    0.239535  0.0262032  0.799396  0.767751  231  12246  111  12246  809  1326  59584  45475  559  954  59584  45475
8  4  2  0.367729  0.0199925    0.204694  0.0180224  0.768602  0.730458  343  24769  178  24769  1106  1892  117874  89650  750  1350  117874  89650
8  4  3  0.324921  0.0184752    0.120895  0.0130784  0.768322  0.758796  313  26158  114  26158  859  1468  123827  94306  549  950  123827  94306
8  4  4  0.213814  0.0143155    0.0833536  0.0105114  0.827424  0.798357  225  26158  85  26158  702  1114  123827  94306  394  648  123827  94306
8  4  5  0.214698  0.0146017    0.0515864  0.00762661  0.77013  0.923227  218  26158  61  26158  505  861  123827  94306  315  448  123827  94306
8  4  6  0.168832  0.0131459    0.0594022  0.00946464  0.778353  0.781032  166  25851  57  25851  408  687  121926  93030  205  344  121926  93030
8  4  7  0.152133  0.0128969    0.0396175  0.00780474  0.885514  0.832033  140  22866  36  22866  332  492  106875  81443  149  235  106875  81443
8  4  8  0.0967818  0.0109113    0.0339094  0.00756263  0.819477  0.938959  79  19078  29  19078  191  306  88303  67259  113  158  88303  67259
8  4  9  0.0851799  0.0119475    0.0299579  0.00892747  0.830392  0.806467  51  15223  17  15223  127  201  70032  53287  54  88  70032  53287
8  4  10  0.0885965  0.0140331    0.0130449  0.00541088  0.961748  1.09298  40  11307  8  11307  92  126  51823  39344  39  47  51823  39344
8  4  11  0.0600054  0.0137839    0.00530797  0.00407537  1.00873  1.14743  19  7367  2  7367  50  65  33324  25412  21  24  33324  25412
8  4  12  0  0  0  0  0  0  0  0  0  0  0  0  0  0  0  0  0  0
8  5  1  0.524475  0.0393519    0.346804  0.0368143  0.777099  0.770768  181  9543  125  9543  649  1088  53754  41262  510  862  53754  41262
8  5  2  0.389809  0.0337858    0.214965  0.0293651  0.79175  0.742401  135  9543  74  9543  533  877  53754  41262  314  551  53754  41262
8  5  3  0.386865  0.0348295    0.169295  0.0259808  0.752904  0.781568  125  9488  59  9488  376  650  53217  40887  248  413  53217  40887
8  5  4  0.350651  0.0367883    0.115356  0.0246749  0.767637  0.752723  92  7274  29  7274  225  378  38529  29876  143  245  38529  29876
8  5  5  0.266618  0.0429026    0.127586  0.0408415  0.812051  0.626486  39  3964  15  3964  69  109  20217  15760  42  86  20217  15760
8  5  6  0.231456  0.0822713    0.0552162  0.0502126  0.9  0.8125  8  743  2  743  9  13  3653  2810  5  8  3653  2810
8  5  7  0  0  0  0  0  0  0  0  0  0  0  0  0  0  0  0  0  0
8  5  8  0  0  0  0  0  0  0  0  0  0  0  0  0  0  0  0  0  0
8  5  9  0  0  0  0  0  0  0  0  0  0  0  0  0  0  0  0  0  0
8  5  10  0  0  0  0  0  0  0  0  0  0  0  0  0  0  0  0  0  0
8  5  11  0  0  0  0  0  0  0  0  0  0  0  0  0  0  0  0  0  0
8  5  12  0  0  0  0  0  0  0  0  0  0  0  0  0  0  0  0  0  0
9  1  1  0  0  0  0  0  0  0  0  0  0  0  0  0  0  0  0  0  0
9  1  2  0  0  0  0  0  0  0  0  0  0  0  0  0  0  0  0  0  0
9  1  3  0  0  0  0  0  0  0  0  0  0  0  0  0  0  0  0  0  0
9  1  4  0  0  0  0  0  0  0  0  0  0  0  0  0  0  0  0  0  0
9  1  5  0  0  0  0  0  0  0  0  0  0  0  0  0  0  0  0  0  0
9  1  6  0  0  0  0  0  0  0  0  0  0  0  0  0  0  0  0  0  0
9  1  7  0  0  0  0  0  0  0  0  0  0  0  0  0  0  0  0  0  0
9  1  8  0.0483254  0.0117251    0.0330545  0.0127284  0.332266  0.27401  17  22356  10  22356  82  330  58798  43972  25  122  58798  43972
9  1  9  0.0435305  0.00808585    0.0142738  0.00623773  0.285351  0.204214  29  47850  7  47850  112  521  121986  91899  24  156  121986  91899
9  1  10  0.0412328  0.00729063    0.00645331  0.00396476  0.218769  0.135206  32  71623  3  71623  125  754  179540  136055  25  244  179540  136055
9  1  11  0.0214522  0.00437949    0.00426332  0.00206766  0.248258  0.260524  24  91226  5  91226  159  849  232111  175098  34  173  232111  175098
9  1  12  0.021891  0.00300775    0.00748832  0.00310719  0.246805  0.112036  53  101482  8  101482  266  1428  263354  198765  23  272  263354  198765
9  2  1  0  0  0  0  0  0  0  0  0  0  0  0  0  0  0  0  0  0
9  2  2  0  0  0  0  0  0  0  0  0  0  0  0  0  0  0  0  0  0
9  2  3  0  0  0  0  0  0  0  0  0  0  0  0  0  0  0  0  0  0
9  2  4  0  0  0  0  0  0  0  0  0  0  0  0  0  0  0  0  0  0
9  2  5  0.139414  0.0268693    0.0692862  0.0238946  0.435026  0.36568  27  9267  12  9267  85  260  28632  21517  36  131  28632  21517
9  2  6  0.114877  0.0135537    0.0165377  0.00538174  0.40276  0.416901  72  31888  11  31888  201  662  94719  71405  88  280  94719  71405
9  2  7  0.0993163  0.0105362    0.0327936  0.00716819  0.353423  0.326705  89  53683  29  53683  233  873  154162  116419  94  381  154162  116419
9  2  8  0.0564817  0.0067549    0.0127583  0.00384371  0.434022  0.357389  70  58404  13  58404  255  776  166789  126280  92  340  166789  126280
9  2  9  0.0538511  0.00648674    0.00467572  0.00188829  0.452658  0.52075  69  58407  7  58407  231  674  166798  126291  69  175  166798  126291
9  2  10  0.0435474  0.00604162    0.00785887  0.00326084  0.444858  0.303121  52  58407  7  58407  193  573  166798  126291  42  183  166798  126291
9  2  11  0.0289386  0.00469599    0.0075939  0.00310908  0.482263  0.366873  38  58407  8  58407  176  482  166798  126291  30  108  166798  126291
9  2  12  0.025997  0.00325141    0.00316083  0.00117685  0.448554  0.530377  64  58407  9  58407  216  636  166798  126291  51  127  166798  126291
9  3  1  0  0  0  0  0  0  0  0  0  0  0  0  0  0  0  0  0  0
9  3  2  0.360976  0.136972    0.236434  0.131252  0.430449  0.493751  7  890  5  890  17  51  3209  2485  13  34  3209  2485
9  3  3  0.213128  0.0182731    0.103901  0.0158735  0.69359  0.638175  137  19348  65  19348  396  748  64928  49559  189  388  64928  49559
9  3  4  0.192088  0.0125402    0.103714  0.0118085  0.611426  0.5626  236  40566  119  40566  619  1332  132153  100443  316  739  132153  100443
9  3  5  0.166381  0.0104037    0.0405624  0.00573535  0.592433  0.618729  257  52968  66  52968  558  1236  170384  129839  306  649  170384  129839
9  3  6  0.117434  0.00857992    0.0223662  0.0041047  0.613206  0.625065  188  53073  37  53073  553  1183  170683  130114  223  468  170683  130114
9  3  7  0.0993978  0.00789456    0.0220445  0.00414594  0.622988  0.639813  159  53073  37  53073  407  857  170683  130114  179  367  170683  130114
9  3  8  0.0678664  0.0061264    0.0131376  0.00304649  0.684796  0.667246  123  53073  23  53073  391  749  170683  130114  147  289  170683  130114
9  3  9  0.0639098  0.00607239    0.0103741  0.00258872  0.712441  0.758842  111  53073  20  53073  315  580  170683  130114  129  223  170683  130114
9  3  10  0.0564247  0.00559224    0.00658429  0.00193804  0.747846  0.838307  102  53073  14  53073  244  428  170683  130114  108  169  170683  130114
9  3  11  0.057782  0.00602941    0.00964353  0.00261977  0.619014  0.879499  92  53073  22  53073  193  409  170683  130114  59  88  170683  130114
9  3  12  0.027021  0.00266514    0.00438801  0.00125401  0.815246  0.895272  103  51125  19  51125  256  412  163691  124761  58  85  163691  124761
9  4  1  0.45546  0.0259674    0.274827  0.0255809  0.798754  0.698205  313  17967  171  17967  849  1346  67016  52921  569  1032  67016  52921
9  4  2  0.343517  0.0158619    0.171513  0.0136844  0.769456  0.741352  475  37217  234  37217  1220  2022  132754  104098  772  1328  132754  104098
9  4  3  0.287855  0.0140384    0.111556  0.010671  0.767271  0.770856  425  39255  162  39255  1025  1700  139438  109574  547  903  139438  109574
9  4  4  0.247425  0.0131363    0.076115  0.00832293  0.767828  0.831838  358  39255  121  39255  750  1243  139438  109574  453  693  139438  109574
9  4  5  0.194035  0.0111174    0.0707443  0.00863915  0.871956  0.751319  307  39255  101  39255  616  899  139438  109574  320  542  139438  109574
9  4  6  0.180719  0.0110568    0.0404469  0.00580791  0.803961  0.895343  269  38781  69  38781  494  782  137392  107956  280  398  137392  107956
9  4  7  0.145408  0.010578    0.0375255  0.0065766  0.774988  0.825814  190  34483  51  34483  321  528  120767  94738  149  230  120767  94738
9  4  8  0.117574  0.00999651    0.0268848  0.00620665  0.873713  0.759681  139  28860  28  28860  223  326  99826  78156  91  153  99826  78156
9  4  9  0.0874422  0.00944669    0.026595  0.00687185  0.964552  0.799277  86  23078  23  23078  178  236  79108  61859  70  112  79108  61859
9  4  10  0.0919403  0.0125312    0.0200108  0.00745353  0.758515  0.772441  54  17143  13  17143  95  160  58268  45611  26  43  58268  45611
9  4  11  0.0385836  0.00772527    0.0103313  0.00552375  1.10854  0.913631  25  11276  5  11276  52  60  37724  29493  20  28  37724  29493
9  4  12  0.0194974  0.0112733    0.0228875  0.0298562  1.56648  0.469945  3  1024  1  1024  8  6  3178  2705  2  5  3178  2705
9  5  1  0.575825  0.0352705    0.350221  0.0339293  0.752537  0.698226  272  13271  157  13271  701  1228  60434  45843  527  995  60434  45843
9  5  2  0.503937  0.0327548    0.191813  0.0232163  0.794272  0.79958  241  13271  96  13271  529  878  60434  45843  390  643  60434  45843
9  5  3  0.353577  0.0272925    0.154568  0.0207433  0.805045  0.863542  170  13175  85  13175  413  676  59933  45483  270  412  59933  45483
9  5  4  0.338806  0.02991    0.126682  0.0242372  0.860512  0.701811  130  9883  42  9883  242  364  43532  33633  122  225  43532  33633
9  5  5  0.285275  0.0370354    0.0569715  0.0190359  0.783824  0.905293  60  5335  12  5335  113  184  22541  17661  61  86  22541  17661
9  5  6  0.205804  0.0730585    0.0764967  0.075642  0.778886  0.542438  8  982  2  982  8  13  3973  3139  3  7  3973  3139
9  5  7  0  0  0  0  0  0  0  0  0  0  0  0  0  0  0  0  0  0
9  5  8  0  0  0  0  0  0  0  0  0  0  0  0  0  0  0  0  0  0
9  5  9  0  0  0  0  0  0  0  0  0  0  0  0  0  0  0  0  0  0
9  5  10  0  0  0  0  0  0  0  0  0  0  0  0  0  0  0  0  0  0
9  5  11  0  0  0  0  0  0  0  0  0  0  0  0  0  0  0  0  0  0
9  5  12  0  0  0  0  0  0  0  0  0  0  0  0  0  0  0  0  0  0
