1  1  1  0  0  0  0  0  0  0  0  0  0  0  0  0  0  0  0  0  0
1  1  2  0  0  0  0  0  0  0  0  0  0  0  0  0  0  0  0  0  0
1  1  3  0  0  0  0  0  0  0  0  0  0  0  0  0  0  0  0  0  0
1  1  4  0  0  0  0  0  0  0  0  0  0  0  0  0  0  0  0  0  0
1  1  5  0  0  0  0  0  0  0  0  0  0  0  0  0  0  0  0  0  0
1  1  6  0  0  0  0  0  0  0  0  0  0  0  0  0  0  0  0  0  0
1  1  7  0  0  0  0  0  0  0  0  0  0  0  0  0  0  0  0  0  0
1  1  8  0  0  0  0  0  0  0  0  0  0  0  0  0  0  0  0  0  0
1  1  9  0  0  0  0  0  0  0  0  0  0  0  0  0  0  0  0  0  0
1  1  10  0  0  0  0  0  0  0  0  0  0  0  0  0  0  0  0  0  0
1  1  11  0  0  0  0  0  0  0  0  0  0  0  0  0  0  0  0  0  0
1  1  12  0  0  0  0  0  0  0  0  0  0  0  0  0  0  0  0  0  0
1  2  1  0  0  0  0  0  0  0  0  0  0  0  0  0  0  0  0  0  0
1  2  2  0  0  0  0  0  0  0  0  0  0  0  0  0  0  0  0  0  0
1  2  3  0  0  0  0  0  0  0  0  0  0  0  0  0  0  0  0  0  0
1  2  4  0  0  0  0  0  0  0  0  0  0  0  0  0  0  0  0  0  0
1  2  5  0  0  0  0  0  0  0  0  0  0  0  0  0  0  0  0  0  0
1  2  6  0  0  0  0  0  0  0  0  0  0  0  0  0  0  0  0  0  0
1  2  7  0  0  0  0  0  0  0  0  0  0  0  0  0  0  0  0  0  0
1  2  8  0  0  0  0  0  0  0  0  0  0  0  0  0  0  0  0  0  0
1  2  9  0  0  0  0  0  0  0  0  0  0  0  0  0  0  0  0  0  0
1  2  10  0  0  0  0  0  0  0  0  0  0  0  0  0  0  0  0  0  0
1  2  11  0  0  0  0  0  0  0  0  0  0  0  0  0  0  0  0  0  0
1  2  12  0  0  0  0  0  0  0  0  0  0  0  0  0  0  0  0  0  0
1  3  1  0  0  0  0  0  0  0  0  0  0  0  0  0  0  0  0  0  0
1  3  2  0  0  0  0  0  0  0  0  0  0  0  0  0  0  0  0  0  0
1  3  3  0  0  0  0  0  0  0  0  0  0  0  0  0  0  0  0  0  0
1  3  4  0  0  0  0  0  0  0  0  0  0  0  0  0  0  0  0  0  0
1  3  5  0  0  0  0  0  0  0  0  0  0  0  0  0  0  0  0  0  0
1  3  6  0  0  0  0  0  0  0  0  0  0  0  0  0  0  0  0  0  0
1  3  7  0  0  0  0  0  0  0  0  0  0  0  0  0  0  0  0  0  0
1  3  8  0  0  0  0  0  0  0  0  0  0  0  0  0  0  0  0  0  0
1  3  9  0  0  0  0  0  0  0  0  0  0  0  0  0  0  0  0  0  0
1  3  10  0  0  0  0  0  0  0  0  0  0  0  0  0  0  0  0  0  0
1  3  11  0  0  0  0  0  0  0  0  0  0  0  0  0  0  0  0  0  0
1  3  12  0  0  0  0  0  0  0  0  0  0  0  0  0  0  0  0  0  0
1  4  1  0.357172  0.00710064    0.27696  0.00759327  0.731655  0.723399  2558.61  228189  1989.97  228189  7825  13989  627589  479807  6442  11648  627589  479807
1  4  2  0.296438  0.00621278    0.20482  0.00630226  0.71325  0.729976  2297.2  254455  1619.32  254455  5960  10941  698754  533669  4837  8676  698754  533669
1  4  3  0.243151  0.00572782    0.167863  0.00585528  0.690962  0.705759  1814.94  254455  1300.19  254455  4160  7883  698754  533669  3495  6484  698754  533669
1  4  4  0.171693  0.00463803    0.120798  0.00488881  0.693813  0.711453  1377.8  254455  996.23  254455  3031  5720  698754  533669  2462  4531  698754  533669
1  4  5  0.150129  0.00435588    0.0978252  0.0044414  0.669505  0.703687  1193.46  254455  858.1  254455  2144  4193  698753  533666  1730  3219  698753  533666
1  4  6  0.127261  0.00401511    0.0885851  0.0045641  0.695099  0.690311  1008.77  243075  708.106  243075  1575  2959  664817  509086  1238  2342  664817  509086
1  4  7  0.103073  0.00427608    0.0745972  0.00535547  0.724365  0.652611  583.109  162920  387.804  162920  848  1528  442126  338736  585  1170  442126  338736
1  4  8  0.0937514  0.00566329    0.0593335  0.00642738  0.672459  0.646635  274.897  88240  178.069  88240  338  658  238383  182096  245  496  238383  182096
1  4  9  0.0700015  0.00693436    0.0397522  0.00731508  0.795176  0.801048  102.182  37815  54.9835  37815  121  200  102307  77839  103  169  102307  77839
1  4  10  0.0671664  0.0161186    0.0565048  0.0199179  0.718961  1.00811  17.3974  9051  19.5561  9051  23  43  24907  18530  24  32  24907  18530
1  4  11  0  0  0  0  0  0  0  0  0  0  0  0  0  0  0  0  0  0
1  4  12  0  0  0  0  0  0  0  0  0  0  0  0  0  0  0  0  0  0
1  5  1  0.372544  0.00523411    0.297962  0.0057265  0.690289  0.684019  5119.92  481502  4066.57  481502  15160  28616  1.33122e+06  1.02166e+06  12745  24278  1.33122e+06  1.02166e+06
1  5  2  0.302601  0.00478073    0.23887  0.00529717  0.678924  0.669517  4040.01  481502  3167.9  481502  10371  19904  1.33122e+06  1.02166e+06  8786  17099  1.33122e+06  1.02166e+06
1  5  3  0.253245  0.00449738    0.194673  0.00498911  0.653573  0.65433  3192.02  475697  2485.07  475697  6884  13715  1.31277e+06  1.00818e+06  5997  11934  1.31277e+06  1.00818e+06
1  5  4  0.204448  0.00485384    0.165467  0.00582066  0.654985  0.65704  1784.24  313971  1437.73  313971  3310  6551  865039  667306  2811  5546  865039  667306
1  5  5  0.186074  0.00682764    0.137775  0.00778975  0.646208  0.673035  746.615  142834  599.46  142834  1217  2429  394392  305787  1004  1924  394392  305787
1  5  6  0.138504  0.015245    0.0592797  0.0118869  0.661223  0.762589  82.8706  20768  41.3283  20768  134  254  57013  45488  101  166  57013  45488
1  5  7  0  0  0  0  0  0  0  0  0  0  0  0  0  0  0  0  0  0
1  5  8  0  0  0  0  0  0  0  0  0  0  0  0  0  0  0  0  0  0
1  5  9  0  0  0  0  0  0  0  0  0  0  0  0  0  0  0  0  0  0
1  5  10  0  0  0  0  0  0  0  0  0  0  0  0  0  0  0  0  0  0
1  5  11  0  0  0  0  0  0  0  0  0  0  0  0  0  0  0  0  0  0
1  5  12  0  0  0  0  0  0  0  0  0  0  0  0  0  0  0  0  0  0
2  1  1  0  0  0  0  0  0  0  0  0  0  0  0  0  0  0  0  0  0
2  1  2  0  0  0  0  0  0  0  0  0  0  0  0  0  0  0  0  0  0
2  1  3  0  0  0  0  0  0  0  0  0  0  0  0  0  0  0  0  0  0
2  1  4  0  0  0  0  0  0  0  0  0  0  0  0  0  0  0  0  0  0
2  1  5  0  0  0  0  0  0  0  0  0  0  0  0  0  0  0  0  0  0
2  1  6  0  0  0  0  0  0  0  0  0  0  0  0  0  0  0  0  0  0
2  1  7  0  0  0  0  0  0  0  0  0  0  0  0  0  0  0  0  0  0
2  1  8  0  0  0  0  0  0  0  0  0  0  0  0  0  0  0  0  0  0
2  1  9  0  0  0  0  0  0  0  0  0  0  0  0  0  0  0  0  0  0
2  1  10  0  0  0  0  0  0  0  0  0  0  0  0  0  0  0  0  0  0
2  1  11  0  0  0  0  0  0  0  0  0  0  0  0  0  0  0  0  0  0
2  1  12  0  0  0  0  0  0  0  0  0  0  0  0  0  0  0  0  0  0
2  2  1  0  0  0  0  0  0  0  0  0  0  0  0  0  0  0  0  0  0
2  2  2  0  0  0  0  0  0  0  0  0  0  0  0  0  0  0  0  0  0
2  2  3  0  0  0  0  0  0  0  0  0  0  0  0  0  0  0  0  0  0
2  2  4  0  0  0  0  0  0  0  0  0  0  0  0  0  0  0  0  0  0
2  2  5  0.111718  0.00922522    0.071953  0.00872315  0.76005  0.791193  147.296  33589  101.49  33589  392  726  104443  74197  326  580  104443  74197
2  2  6  0.103355  0.00657185    0.0632939  0.00614228  0.761185  0.817141  248.323  62172  168.498  62172  577  1058  192493  137916  459  784  192493  137916
2  2  7  0.0903054  0.0062449    0.0641555  0.00666818  0.740026  0.677509  209.816  62176  145.009  62176  465  877  192504  137926  383  789  192504  137926
2  2  8  0.0678414  0.00497303    0.0339276  0.00437136  0.843816  0.777355  186.659  62176  93.68  62176  396  655  192504  137926  264  474  192504  137926
2  2  9  0.0685794  0.00569922    0.0238934  0.00366891  0.69679  0.861274  145.134  62176  65.5424  62176  328  657  192504  137926  195  316  192504  137926
2  2  10  0.0539313  0.00504094    0.0207679  0.00366407  0.793636  0.840786  114.673  62176  48.9805  62176  261  459  192504  137926  150  249  192504  137926
2  2  11  0.0291624  0.00366803    0.017008  0.00346226  0.804909  0.751533  63.2733  62176  35.1095  62176  203  352  192504  137926  119  221  192504  137926
2  2  12  0.0271275  0.00241448    0.00900085  0.00168845  0.895697  0.898106  126.489  62176  41.5693  62176  249  388  192504  137926  148  230  192504  137926
2  3  1  0  0  0  0  0  0  0  0  0  0  0  0  0  0  0  0  0  0
2  3  2  0.169944  0.0163415    0.19935  0.0222645  0.777617  0.73463  108.801  18075  121.117  18075  496  867  54868  40366  374  692  54868  40366
2  3  3  0.194598  0.00442973    0.154524  0.00494138  0.748576  0.725821  1942.42  298100  1519.41  298100  6060  10500  840606  648097  4352  7777  840606  648097
2  3  4  0.166812  0.00309688    0.111508  0.00317242  0.757686  0.740467  2918.7  489243  1950.67  489243  7657  13169  1.39075e+06  1.06725e+06  5351  9417  1.39075e+06  1.06725e+06
2  3  5  0.136263  0.00256938    0.0819522  0.0024735  0.760915  0.757868  2826.92  553638  1759.89  553638  6594  11298  1.57697e+06  1.20958e+06  4658  8013  1.57697e+06  1.20958e+06
2  3  6  0.107528  0.00224244    0.0626361  0.00219039  0.777716  0.773358  2308.91  553865  1354.71  553865  4865  8155  1.57775e+06  1.21025e+06  3309  5578  1.57775e+06  1.21025e+06
2  3  7  0.0909759  0.00212738    0.0466732  0.00184098  0.729975  0.793792  1834.85  553865  1067.15  553865  3713  6631  1.57775e+06  1.21025e+06  2614  4293  1.57775e+06  1.21025e+06
2  3  8  0.0706828  0.00178931    0.0376328  0.00165208  0.787376  0.792524  1564.88  553865  885.026  553865  2977  4929  1.57775e+06  1.21025e+06  2025  3331  1.57775e+06  1.21025e+06
2  3  9  0.0548261  0.0016172    0.0288565  0.00149958  0.787856  0.777019  1151.73  553865  611.745  553865  2337  3867  1.57775e+06  1.21025e+06  1502  2520  1.57775e+06  1.21025e+06
2  3  10  0.0482825  0.00162895    0.0263271  0.00158118  0.735082  0.712528  879.947  553865  449.597  553865  1810  3210  1.57775e+06  1.21025e+06  1121  2051  1.57775e+06  1.21025e+06
2  3  11  0.0429775  0.00154269    0.0196531  0.00131971  0.769231  0.781473  777.2  553863  375.494  553863  1448  2454  1.57775e+06  1.21025e+06  868  1448  1.57775e+06  1.21025e+06
2  3  12  0.0350299  0.00102609    0.0195126  0.0010792  0.734225  0.765446  1168.11  515984  677.827  515984  1699  3012  1.46645e+06  1.12662e+06  1005  1709  1.46645e+06  1.12662e+06
2  4  1  0.354759  0.0049008    0.292225  0.00544691  0.73026  0.718235  5300.48  459402  4341.44  459402  16819  28821  1.32235e+06  1.05672e+06  13903  24223  1.32235e+06  1.05672e+06
2  4  2  0.284415  0.0031109    0.211775  0.00333567  0.73535  0.725643  8436.68  903209  6204.5  903209  23425  40081  2.54777e+06  2.02492e+06  18566  32192  2.54777e+06  2.02492e+06
2  4  3  0.242828  0.00283917    0.159244  0.00283415  0.725362  0.738678  7372.3  940497  4949.95  940497  18007  31205  2.64893e+06  2.10733e+06  14073  23948  2.64893e+06  2.10733e+06
2  4  4  0.183674  0.00242718    0.122013  0.00246911  0.728366  0.730435  5761.56  940497  3941.07  940497  13187  22758  2.64893e+06  2.10733e+06  10276  17684  2.64893e+06  2.10733e+06
2  4  5  0.138068  0.00206172    0.0952336  0.00218147  0.725595  0.725391  4506.16  940496  3207.91  940496  10018  17355  2.64893e+06  2.10733e+06  7472  12948  2.64893e+06  2.10733e+06
2  4  6  0.124048  0.00199568    0.0774325  0.00202572  0.709793  0.725286  3879.79  927536  2530.08  927536  7306  12930  2.60783e+06  2.07601e+06  5492  9512  2.60783e+06  2.07601e+06
2  4  7  0.102683  0.0019088    0.0614455  0.00192204  0.717167  0.736173  2904.17  813442  1855.79  813442  4881  8557  2.27474e+06  1.80925e+06  3625  6191  2.27474e+06  1.80925e+06
2  4  8  0.081485  0.00181818    0.0531306  0.00202282  0.719964  0.712376  2014.58  671602  1329.84  671602  3032  5305  1.86508e+06  1.48057e+06  2253  3984  1.86508e+06  1.48057e+06
2  4  9  0.0736096  0.00200311    0.0443612  0.00215869  0.714997  0.751074  1353.85  527853  834.475  527853  1937  3418  1.45686e+06  1.15471e+06  1368  2298  1.45686e+06  1.15471e+06
2  4  10  0.0615434  0.00220792    0.0388634  0.00253621  0.766661  0.765461  778.537  382525  492.761  382525  1051  1731  1.05336e+06  834221  722  1191  1.05336e+06  834221
2  4  11  0.0633764  0.0029733    0.0326542  0.0029904  0.7192  0.778721  455.207  237142  264.303  237142  450  789  650484  515849  352  570  650484  515849
2  4  12  0.0510346  0.00665491    0.0360195  0.0105237  0.807994  0.602452  59.011  17195  31.5606  17195  57  85  46737  38789  28  56  46737  38789
2  5  1  0.40193  0.0058994    0.293533  0.0060167  0.695687  0.694041  4698.96  381488  3454.86  381488  14048  25170  1.19585e+06  959385  12336  22155  1.19585e+06  959385
2  5  2  0.325452  0.00542648    0.243356  0.00574128  0.673448  0.678706  3631.23  381488  2784.97  381488  9650  17861  1.19585e+06  959385  8002  14696  1.19585e+06  959385
2  5  3  0.260919  0.00488069    0.190964  0.00525351  0.662222  0.665775  2879.64  378681  2108.61  378681  6756  12707  1.18467e+06  951129  5519  10325  1.18467e+06  951129
2  5  4  0.212356  0.00504047    0.147633  0.0053407  0.663079  0.660227  1786.11  284092  1250.1  284092  3747  6960  864321  701753  3056  5701  864321  701753
2  5  5  0.171684  0.00606954    0.133607  0.00725372  0.67239  0.656475  804.344  152033  623.927  152033  1537  2793  449986  368282  1153  2146  449986  368282
2  5  6  0.152689  0.0134091    0.110341  0.0159437  0.703672  0.679048  130.29  26983  93.3498  26983  221  377  78481  65380  155  274  78481  65380
2  5  7  0  0  0  0  0  0  0  0  0  0  0  0  0  0  0  0  0  0
2  5  8  0  0  0  0  0  0  0  0  0  0  0  0  0  0  0  0  0  0
2  5  9  0  0  0  0  0  0  0  0  0  0  0  0  0  0  0  0  0  0
2  5  10  0  0  0  0  0  0  0  0  0  0  0  0  0  0  0  0  0  0
2  5  11  0  0  0  0  0  0  0  0  0  0  0  0  0  0  0  0  0  0
2  5  12  0  0  0  0  0  0  0  0  0  0  0  0  0  0  0  0  0  0
3  1  1  0  0  0  0  0  0  0  0  0  0  0  0  0  0  0  0  0  0
3  1  2  0  0  0  0  0  0  0  0  0  0  0  0  0  0  0  0  0  0
3  1  3  0  0  0  0  0  0  0  0  0  0  0  0  0  0  0  0  0  0
3  1  4  0  0  0  0  0  0  0  0  0  0  0  0  0  0  0  0  0  0
3  1  5  0  0  0  0  0  0  0  0  0  0  0  0  0  0  0  0  0  0
3  1  6  0  0  0  0  0  0  0  0  0  0  0  0  0  0  0  0  0  0
3  1  7  0.0851991  0.0129968    0.0691857  0.01641  0.898591  0.812322  43.1468  10699  32.4944  10699  97  161  36744  24636  61  112  36744  24636
3  1  8  0.0576942  0.00411271    0.0276396  0.00341094  0.755437  0.724943  197.257  83569  90.7936  83569  590  1101  270334  191764  361  702  270334  191764
3  1  9  0.0457587  0.00284975    0.0201866  0.00224155  0.807763  0.78263  258.306  140122  110.622  140122  887  1552  452878  320427  474  856  452878  320427
3  1  10  0.042735  0.00280175    0.0184  0.00213375  0.746124  0.722744  232.981  165128  99.9027  165128  845  1611  538490  378554  440  866  538490  378554
3  1  11  0.0377814  0.00249401    0.0139944  0.0018756  0.808681  0.708071  229.801  168144  72.7444  168144  749  1319  549195  385644  356  716  549195  385644
3  1  12  0.0281599  0.00154539    0.00552118  0.000766319  0.774536  0.772666  332.692  168144  62.3951  168144  1035  1903  549195  385644  478  881  549195  385644
3  2  1  0  0  0  0  0  0  0  0  0  0  0  0  0  0  0  0  0  0
3  2  2  0  0  0  0  0  0  0  0  0  0  0  0  0  0  0  0  0  0
3  2  3  0  0  0  0  0  0  0  0  0  0  0  0  0  0  0  0  0  0
3  2  4  0  0  0  0  0  0  0  0  0  0  0  0  0  0  0  0  0  0
3  2  5  0.121525  0.00644127    0.0888319  0.00731044  0.794719  0.690274  357.648  74921  234.222  74921  1050  1738  221811  168620  615  1172  221811  168620
3  2  6  0.0926159  0.00313823    0.0672304  0.00344174  0.760366  0.702609  874.041  247838  622.852  247838  2554  4401  729853  557035  1524  2842  729853  557035
3  2  7  0.0801737  0.00236631    0.0471002  0.00218724  0.745858  0.782179  1151.43  379802  737.689  379802  3156  5579  1.12895e+06  856250  2001  3373  1.12895e+06  856250
3  2  8  0.0692644  0.00207582    0.0333887  0.00174432  0.774811  0.765255  1116.47  401402  558.738  401402  2788  4737  1.19284e+06  906098  1691  2909  1.19284e+06  906098
3  2  9  0.0609256  0.00200251    0.0255881  0.00153258  0.788824  0.790228  927.8  401409  424.338  401409  2274  3795  1.19288e+06  906137  1305  2174  1.19288e+06  906137
3  2  10  0.0484995  0.00181632    0.0168078  0.00122923  0.802311  0.849813  714.27  401409  264.861  401409  1921  3152  1.19288e+06  906137  1049  1625  1.19288e+06  906137
3  2  11  0.041216  0.0017636    0.011765  0.00104539  0.741816  0.825012  546.918  401409  171.934  401409  1442  2559  1.19288e+06  906137  784  1251  1.19288e+06  906137
3  2  12  0.0301963  0.00103444    0.00828164  0.000650812  0.791188  0.788635  853.925  401409  227.766  401409  2032  3381  1.19288e+06  906137  898  1499  1.19288e+06  906137
3  3  1  0  0  0  0  0  0  0  0  0  0  0  0  0  0  0  0  0  0
3  3  2  0.263594  0.0288543    0.202157  0.032051  0.848303  0.787561  84.3153  8170  60.8601  8170  269  431  25770  18960  186  321  25770  18960
3  3  3  0.199148  0.0057511    0.164941  0.00665585  0.746716  0.720686  1207.45  172951  949.399  172951  3705  6342  504342  394577  2769  4911  504342  394577
3  3  4  0.181766  0.00382338    0.109168  0.00359358  0.74035  0.745158  2274.57  355756  1421.9  355756  5768  9901  1.02539e+06  806859  4227  7209  1.02539e+06  806859
3  3  5  0.144772  0.00289953    0.0805776  0.00270687  0.764625  0.750881  2506.51  461036  1395.65  461036  5769  9569  1.32153e+06  1.04199e+06  3901  6589  1.32153e+06  1.04199e+06
3  3  6  0.12127  0.00265429    0.0628895  0.00238905  0.776429  0.778615  2096.9  461821  1112.56  461821  4640  7577  1.32392e+06  1.04419e+06  2987  4864  1.32392e+06  1.04419e+06
3  3  7  0.0944306  0.00232075    0.0485217  0.00209602  0.771269  0.746028  1661.61  461821  857.34  461821  3426  5632  1.32392e+06  1.04419e+06  2283  3880  1.32392e+06  1.04419e+06
3  3  8  0.070536  0.00196544    0.0402155  0.00193314  0.783357  0.75561  1291.56  461821  745.875  461821  2860  4629  1.32392e+06  1.04419e+06  1652  2772  1.32392e+06  1.04419e+06
3  3  9  0.0588387  0.00179873    0.0289464  0.00163113  0.809346  0.788163  1072.51  461821  527.824  461821  2171  3401  1.32392e+06  1.04419e+06  1270  2043  1.32392e+06  1.04419e+06
3  3  10  0.0454149  0.00166023    0.0224843  0.00145788  0.779439  0.796598  749.485  461821  372.346  461821  1650  2684  1.32392e+06  1.04419e+06  1075  1711  1.32392e+06  1.04419e+06
3  3  11  0.0415323  0.00164452    0.015409  0.00118725  0.763943  0.837327  638.697  461821  271.307  461821  1190  1975  1.32392e+06  1.04419e+06  739  1119  1.32392e+06  1.04419e+06
3  3  12  0.0319441  0.000999788    0.0158901  0.000992838  0.794758  0.756313  1023.21  444114  478.287  444114  1599  2547  1.26974e+06  1.003e+06  883  1478  1.26974e+06  1.003e+06
3  4  1  0.377131  0.00833181    0.282745  0.00865568  0.72138  0.725939  2074.83  163533  1571.05  163533  6365  10972  528472  424982  5456  9346  528472  424982
3  4  2  0.302747  0.00522418    0.222136  0.00550004  0.733884  0.73738  3392.62  332272  2497.46  332272  9558  16282  1.0395e+06  831486  7663  12992  1.0395e+06  831486
3  4  3  0.256971  0.00470955    0.165857  0.00463145  0.731428  0.727379  3002.73  350132  1961.6  350132  7485  12780  1.09134e+06  873874  5970  10250  1.09134e+06  873874
3  4  4  0.19589  0.00406981    0.117947  0.00381701  0.72415  0.748508  2332.18  350132  1459.18  350132  5359  9242  1.09134e+06  873874  4479  7473  1.09134e+06  873874
3  4  5  0.156455  0.00352302    0.0971106  0.00355957  0.758958  0.71414  1983.36  350132  1180.85  350132  4358  7171  1.09134e+06  873874  3196  5589  1.09134e+06  873874
3  4  6  0.137498  0.00341934    0.0748044  0.00313721  0.719719  0.752911  1624.59  345607  919.534  345607  3274  5677  1.07501e+06  861408  2406  3988  1.07501e+06  861408
3  4  7  0.10872  0.00316181    0.0626127  0.00309167  0.742897  0.753055  1186.94  305693  693.429  305693  2224  3736  941651  754552  1619  2683  941651  754552
3  4  8  0.0983097  0.00331646    0.0524468  0.00303171  0.710238  0.775388  881.746  254932  526.381  254932  1355  2386  777877  621979  1129  1821  777877  621979
3  4  9  0.0806022  0.00328617    0.0420567  0.0031721  0.761433  0.729492  603.393  203389  308.778  203389  931  1532  614772  490652  648  1113  614772  490652
3  4  10  0.0693427  0.00364133    0.0345315  0.00359407  0.746007  0.747907  363.515  151517  177.414  151517  490  823  453065  361588  308  516  453065  361588
3  4  11  0.0627059  0.00449746    0.0359169  0.00501263  0.729874  0.720794  194.779  98476  114.478  98476  244  418  291282  232959  147  255  291282  232959
3  4  12  0.0578023  0.0111859    0.00813632  0.00404154  0.636351  2.52009  26.785  8634  15.946  8634  22  41  24691  20820  17  8  24691  20820
3  5  1  0.402389  0.0101375    0.299124  0.0102641  0.700294  0.706486  1595.79  124120  1196.43  124120  5472  10446  479535  358704  4650  8799  479535  358704
3  5  2  0.339475  0.00945461    0.240656  0.00956308  0.682218  0.676528  1302.75  124120  927.003  124120  3735  7319  479535  358704  3090  6106  479535  358704
3  5  3  0.276105  0.00862305    0.193961  0.00875254  0.675861  0.690365  1033.83  123296  746.748  123296  2646  5224  475082  356039  2218  4287  475082  356039
3  5  4  0.209573  0.00830142    0.148866  0.00870764  0.70939  0.71355  641.634  95068  464.434  95068  1601  2907  348180  270312  1242  2242  348180  270312
3  5  5  0.189701  0.0105752    0.115113  0.0104502  0.706367  0.703252  323.779  52172  199.935  52172  662  1172  181253  144939  487  866  181253  144939
3  5  6  0.188228  0.0264012    0.0872902  0.0214606  0.647351  0.784006  51.1087  9314  28.9515  9314  79  148  31670  26114  64  99  31670  26114
3  5  7  0  0  0  0  0  0  0  0  0  0  0  0  0  0  0  0  0  0
3  5  8  0  0  0  0  0  0  0  0  0  0  0  0  0  0  0  0  0  0
3  5  9  0  0  0  0  0  0  0  0  0  0  0  0  0  0  0  0  0  0
3  5  10  0  0  0  0  0  0  0  0  0  0  0  0  0  0  0  0  0  0
3  5  11  0  0  0  0  0  0  0  0  0  0  0  0  0  0  0  0  0  0
3  5  12  0  0  0  0  0  0  0  0  0  0  0  0  0  0  0  0  0  0
4  1  1  0  0  0  0  0  0  0  0  0  0  0  0  0  0  0  0  0  0
4  1  2  0  0  0  0  0  0  0  0  0  0  0  0  0  0  0  0  0  0
4  1  3  0  0  0  0  0  0  0  0  0  0  0  0  0  0  0  0  0  0
4  1  4  0  0  0  0  0  0  0  0  0  0  0  0  0  0  0  0  0  0
4  1  5  0  0  0  0  0  0  0  0  0  0  0  0  0  0  0  0  0  0
4  1  6  0  0  0  0  0  0  0  0  0  0  0  0  0  0  0  0  0  0
4  1  7  0.0643541  0.0132371    0.0365485  0.0126531  0.804056  0.871378  23.7019  8454  14.2628  8454  65  111  26370  19205  33  52  26370  19205
4  1  8  0.057779  0.00411244    0.0284158  0.00345812  0.789713  0.787907  197.874  81868  97.9621  81868  639  1065  247841  188302  349  583  247841  188302
4  1  9  0.0450674  0.0026703    0.0217244  0.00217941  0.724486  0.72707  285.317  171400  139.715  171400  1077  1956  519600  394899  536  970  519600  394899
4  1  10  0.0466165  0.00231059    0.0170863  0.00159485  0.728676  0.778204  407.68  258090  154.492  258090  1351  2465  789555  593863  710  1213  789555  593863
4  1  11  0.0370496  0.00178985    0.010559  0.00104984  0.758118  0.805788  429.027  337565  128.043  337565  1612  2863  1.04821e+06  778494  772  1290  1.04821e+06  778494
4  1  12  0.0251783  0.000961023    0.00546973  0.000490876  0.791291  0.792251  687.626  389787  148.629  389787  2733  4683  1.21877e+06  898877  1199  2052  1.21877e+06  898877
4  2  1  0  0  0  0  0  0  0  0  0  0  0  0  0  0  0  0  0  0
4  2  2  0  0  0  0  0  0  0  0  0  0  0  0  0  0  0  0  0  0
4  2  3  0  0  0  0  0  0  0  0  0  0  0  0  0  0  0  0  0  0
4  2  4  0  0  0  0  0  0  0  0  0  0  0  0  0  0  0  0  0  0
4  2  5  0.135453  0.00927353    0.0775307  0.0086985  0.78235  0.754423  214.475  40524  120.581  40524  505  844  120859  92433  371  643  120859  92433
4  2  6  0.115317  0.00488209    0.0572124  0.00419133  0.726931  0.749261  560.23  135667  291.965  135667  1353  2406  399097  308736  819  1413  399097  308736
4  2  7  0.0869617  0.00318402    0.0412442  0.00270232  0.753994  0.725782  748.46  221795  346.047  221795  1898  3240  650475  505375  1121  1988  650475  505375
4  2  8  0.0747378  0.00282956    0.0352047  0.00236439  0.784289  0.783049  699.688  240235  349.682  240235  1672  2734  703824  548815  980  1605  703824  548815
4  2  9  0.0681567  0.00272491    0.0240505  0.00188515  0.796604  0.840341  627.254  240244  244.932  240244  1402  2257  703872  548868  806  1230  703872  548868
4  2  10  0.0445364  0.00222053    0.017049  0.00163043  0.826039  0.81082  402.946  240244  152.643  240244  1191  1849  703872  548868  631  998  703872  548868
4  2  11  0.0401535  0.00216939    0.0147725  0.00165012  0.791789  0.699952  343.076  240244  114.118  240244  978  1584  703872  548868  417  764  703872  548868
4  2  12  0.0290205  0.00126132    0.0068989  0.000701699  0.837777  0.876383  530.539  240244  131.723  240244  1253  1918  703872  548868  613  897  703872  548868
4  3  1  0  0  0  0  0  0  0  0  0  0  0  0  0  0  0  0  0  0
4  3  2  0.269718  0.0439854    0.239552  0.0575778  0.734731  0.593758  37.9546  4041  27.0124  4041  123  224  13814  10324  71  160  13814  10324
4  3  3  0.188384  0.00773425    0.152032  0.00870338  0.769186  0.741331  597.31  87723  457.782  87723  2138  3549  273721  214377  1473  2537  273721  214377
4  3  4  0.170298  0.00503423    0.100077  0.00464977  0.763447  0.759355  1151.52  183356  687.322  183356  3301  5527  559964  438064  2296  3865  559964  438064
4  3  5  0.154454  0.00428344    0.0806232  0.00371968  0.744039  0.762216  1307.34  238359  719.552  238359  3197  5481  720627  564934  2184  3655  720627  564934
4  3  6  0.128189  0.00384034    0.0613985  0.0031776  0.769562  0.834514  1119.42  238767  586.99  238767  2528  4189  721957  566154  1710  2613  721957  566154
4  3  7  0.0967301  0.00319203    0.0450302  0.00275349  0.794752  0.75323  921.858  238767  401.771  238767  1947  3124  721957  566154  1280  2167  721957  566154
4  3  8  0.0692437  0.00269269    0.0321619  0.00223052  0.79399  0.808765  663.118  238767  325.399  238767  1518  2438  721957  566154  945  1490  721957  566154
4  3  9  0.0663251  0.00272656    0.0296916  0.00230908  0.767455  0.75678  593.203  238767  263.853  238767  1182  1964  721957  566154  708  1193  721957  566154
4  3  10  0.0507073  0.00234332    0.0227839  0.0020971  0.817243  0.772344  469.17  238767  187.453  238767  994  1551  721957  566154  513  847  721957  566154
4  3  11  0.0439205  0.00228447    0.018172  0.00189103  0.791609  0.754789  370.201  238767  150.774  238767  753  1213  721957  566154  380  642  721957  566154
4  3  12  0.0359107  0.00146823    0.0110617  0.00104025  0.803676  0.821499  599.781  229930  190.689  229930  857  1358  692670  543909  458  710  692670  543909
4  4  1  0.388963  0.0117037    0.295973  0.0124452  0.737738  0.712496  1119.46  82795  828.926  82795  3614  6106  285973  229432  2901  5075  285973  229432
4  4  2  0.30425  0.00725071    0.223856  0.00763514  0.735562  0.746172  1779.36  168395  1306.02  168395  5193  8745  562305  453953  4133  6861  562305  453953
4  4  3  0.268301  0.00665592    0.165321  0.00643034  0.751738  0.740822  1639.94  177258  1001.77  177258  4081  6719  590098  476782  3164  5286  590098  476782
4  4  4  0.205742  0.00568121    0.126181  0.00555713  0.753848  0.745807  1321.26  177258  796.919  177258  3177  5216  590098  476782  2373  3938  590098  476782
4  4  5  0.169094  0.00522917    0.0936611  0.00483782  0.73758  0.718132  1051.87  177258  567.799  177258  2351  3945  590097  476782  1761  3035  590097  476782
4  4  6  0.139499  0.00478506    0.0730711  0.00421046  0.755087  0.793876  854.049  175045  480.446  175045  1823  2984  581370  470374  1336  2080  581370  470374
4  4  7  0.123218  0.00473923    0.0615018  0.00417224  0.761693  0.767439  678.934  155033  349.607  155033  1251  2021  509843  414331  938  1504  509843  414331
4  4  8  0.0840258  0.00414648    0.0415302  0.00369927  0.782263  0.765182  411.954  129174  198.07  129174  854  1341  421361  343029  565  907  421361  343029
4  4  9  0.0775138  0.00435202    0.0363676  0.00387505  0.799885  0.758047  318.211  103057  145.256  103057  623  958  332881  270635  363  589  332881  270635
4  4  10  0.0662418  0.00486278    0.0327304  0.00454408  0.84009  0.795318  186.017  76275  92.8968  76275  347  508  244848  199084  194  300  244848  199084
4  4  11  0.0582545  0.00546585    0.0343488  0.00661843  0.817982  0.683603  113.852  49577  51.0034  49577  207  311  158291  128802  89  160  158291  128802
4  4  12  0.0203161  0.00712234    0.00905133  0.00699689  1.03055  1.1891  8.15232  4193  3.79032  4193  13  15  13331  11211  6  6  13331  11211
4  5  1  0.468671  0.0161307    0.304907  0.015093  0.688188  0.691064  856.578  58259  568.259  58259  2757  5663  259845  183822  2242  4586  259845  183822
4  5  2  0.358381  0.0141428    0.251051  0.0137541  0.682918  0.705949  649.28  58259  478.848  58259  2003  4146  259845  183822  1691  3386  259845  183822
4  5  3  0.293093  0.0124295    0.173669  0.0118509  0.720751  0.670235  561.437  57859  309.272  57859  1377  2698  257431  182292  1056  2225  257431  182292
4  5  4  0.248945  0.0133958    0.145602  0.0124096  0.694794  0.703628  348.098  43922  204.727  43922  774  1524  187745  137236  646  1256  187745  137236
4  5  5  0.206047  0.0163524    0.121196  0.0158549  0.714577  0.704611  159.823  24077  92.1493  24077  325  597  97180  74035  248  462  97180  74035
4  5  6  0.180918  0.0365605    0.0997826  0.0355857  0.666204  0.648579  24.6257  4351  12.547  4351  48  92  17035  13341  32  63  17035  13341
4  5  7  0  0  0  0  0  0  0  0  0  0  0  0  0  0  0  0  0  0
4  5  8  0  0  0  0  0  0  0  0  0  0  0  0  0  0  0  0  0  0
4  5  9  0  0  0  0  0  0  0  0  0  0  0  0  0  0  0  0  0  0
4  5  10  0  0  0  0  0  0  0  0  0  0  0  0  0  0  0  0  0  0
4  5  11  0  0  0  0  0  0  0  0  0  0  0  0  0  0  0  0  0  0
4  5  12  0  0  0  0  0  0  0  0  0  0  0  0  0  0  0  0  0  0
5  1  1  0  0  0  0  0  0  0  0  0  0  0  0  0  0  0  0  0  0
5  1  2  0  0  0  0  0  0  0  0  0  0  0  0  0  0  0  0  0  0
5  1  3  0  0  0  0  0  0  0  0  0  0  0  0  0  0  0  0  0  0
5  1  4  0  0  0  0  0  0  0  0  0  0  0  0  0  0  0  0  0  0
5  1  5  0  0  0  0  0  0  0  0  0  0  0  0  0  0  0  0  0  0
5  1  6  0  0  0  0  0  0  0  0  0  0  0  0  0  0  0  0  0  0
5  1  7  0.0895685  0.0164243    0.0129565  0.00683323  0.748552  0.65948  29.8396  8893  4.09237  8893  76  140  28287  20514  44  92  28287  20514
5  1  8  0.075845  0.00488606    0.0330979  0.00403624  0.723226  0.626415  241.623  87150  97.5183  87150  666  1213  264814  201039  321  675  264814  201039
5  1  9  0.0488003  0.00261104    0.0212484  0.00211647  0.769529  0.684567  349.979  184224  139.159  184224  1169  1996  558587  425128  558  1071  558587  425128
5  1  10  0.0416929  0.00212297    0.014356  0.00139115  0.713913  0.745389  386.221  280085  140.154  280085  1483  2728  848825  646353  697  1228  848825  646353
5  1  11  0.0351332  0.0016772    0.00869061  0.00092066  0.737462  0.729971  439.313  374965  108.721  374965  1805  3216  1.13783e+06  865961  770  1386  1.13783e+06  865961
5  1  12  0.0258032  0.000908803    0.00402004  0.000391314  0.749436  0.726155  807.562  456015  121.493  456015  3284  5754  1.38242e+06  1.05278e+06  1252  2264  1.38242e+06  1.05278e+06
5  2  1  0  0  0  0  0  0  0  0  0  0  0  0  0  0  0  0  0  0
5  2  2  0  0  0  0  0  0  0  0  0  0  0  0  0  0  0  0  0  0
5  2  3  0  0  0  0  0  0  0  0  0  0  0  0  0  0  0  0  0  0
5  2  4  0  0  0  0  0  0  0  0  0  0  0  0  0  0  0  0  0  0
5  2  5  0.168872  0.0113031    0.0794512  0.0091005  0.673944  0.703432  224.431  41110  114.121  41110  568  1088  130369  100988  358  657  130369  100988
5  2  6  0.096615  0.00429535    0.0555484  0.00399923  0.770324  0.747716  507.775  139401  288.555  139401  1560  2607  431164  334929  927  1596  431164  334929
5  2  7  0.0918582  0.00333363    0.0404498  0.00260908  0.729501  0.746937  761.806  229011  356.903  229011  2026  3581  703157  545333  1169  2018  703157  545333
5  2  8  0.0677509  0.00261342    0.0322851  0.00220361  0.793202  0.75991  673.89  248477  318.759  248477  1847  2998  761251  591261  1050  1779  761251  591261
5  2  9  0.0555  0.00239935    0.0275011  0.00208142  0.772575  0.779778  536.21  248491  267.285  248491  1478  2463  761299  591323  811  1339  761299  591323
5  2  10  0.0541128  0.00249999    0.0175719  0.00166351  0.756582  0.819287  469.403  248491  163.818  248491  1200  2042  761299  591323  574  902  761299  591323
5  2  11  0.0375474  0.00201292    0.0126585  0.00142513  0.819501  0.792417  348.431  248491  111.47  248491  1042  1637  761299  591323  437  710  761299  591323
5  2  12  0.0284342  0.00123308    0.00685392  0.000704576  0.813345  0.875766  532.879  248491  130.066  248491  1369  2167  761299  591323  585  860  761299  591323
5  3  1  0  0  0  0  0  0  0  0  0  0  0  0  0  0  0  0  0  0
5  3  2  0.137181  0.0321719    0.196039  0.0434108  0.692101  0.750578  18.2636  4064  28.5798  4064  129  240  14885  11560  116  199  14885  11560
5  3  3  0.230982  0.00861599    0.138075  0.00803948  0.756792  0.736625  724.623  87895  428.519  87895  2297  3752  294656  238362  1538  2581  294656  238362
5  3  4  0.199124  0.00549323    0.109973  0.00496847  0.764398  0.751007  1323.5  182690  742.091  182690  3673  5979  602081  483869  2343  3882  602081  483869
5  3  5  0.154974  0.004242    0.0736632  0.00351912  0.745217  0.732436  1342.18  238689  628.516  238689  3495  5843  776134  622967  2321  3948  776134  622967
5  3  6  0.120412  0.0036347    0.0637668  0.00331422  0.801168  0.762282  1102.56  239113  562.502  239113  2730  4244  777555  624302  1759  2874  777555  624302
5  3  7  0.0989137  0.00323673    0.0410411  0.00253525  0.805067  0.797866  937.559  239113  386.371  239113  2221  3436  777555  624302  1344  2098  777555  624302
5  3  8  0.0815547  0.00295051    0.0347243  0.0023682  0.802316  0.777573  766.465  239113  326.526  239113  1805  2802  777555  624302  1027  1645  777555  624302
5  3  9  0.0707068  0.00279523    0.0273173  0.00213657  0.805092  0.787217  641.579  239113  252.17  239113  1351  2090  777555  624302  761  1204  777555  624302
5  3  10  0.0526879  0.00240304    0.0187173  0.0017285  0.8341  0.847923  481.695  239113  178.156  239113  1103  1647  777555  624302  578  849  777555  624302
5  3  11  0.0455785  0.00227237    0.0130588  0.00142648  0.819369  0.857253  402.99  239113  124.315  239113  823  1251  777555  624301  435  632  777555  624301
5  3  12  0.0309276  0.00134669    0.0113503  0.00104393  0.820803  0.845221  528.628  230304  196.569  230304  1014  1538  746206  599379  499  735  746206  599379
5  4  1  0.41625  0.0124704    0.295612  0.0125208  0.734641  0.727776  1130.33  77853  792.217  77853  3786  6663  307256  237649  3056  5429  307256  237649
5  4  2  0.337376  0.00776158    0.206408  0.00719425  0.741425  0.738922  1911.38  164484  1176.88  164484  5723  9725  605451  480558  4465  7613  605451  480558
5  4  3  0.286816  0.0068612    0.154189  0.00608592  0.752515  0.75145  1765.21  173702  943.611  173702  4390  7330  635906  506102  3269  5466  635906  506102
5  4  4  0.218461  0.00589911    0.113908  0.00517294  0.762472  0.769471  1382.35  173702  717.02  173702  3357  5532  635906  506102  2449  3999  635906  506102
5  4  5  0.17561  0.0053273    0.0916784  0.00468789  0.770088  0.768031  1093.47  173702  577.182  173702  2500  4079  635905  506102  1846  3020  635905  506102
5  4  6  0.146828  0.00491527    0.0720685  0.00419481  0.765459  0.784023  896.986  171692  454.884  171692  2023  3315  626473  499451  1377  2203  626473  499451
5  4  7  0.117279  0.00453035    0.057909  0.00403294  0.779828  0.763687  673.098  153433  327.394  153433  1395  2226  549096  441264  904  1473  549096  441264
5  4  8  0.0920905  0.00433992    0.0492866  0.00414798  0.808466  0.768438  451.835  129443  241.521  129443  931  1420  453994  368171  554  889  453994  368171
5  4  9  0.081163  0.00459536    0.0431507  0.00435436  0.809414  0.832141  312.879  104345  172.916  104345  646  978  359038  292997  383  564  359038  292997
5  4  10  0.0691886  0.00497388    0.0358372  0.00470867  0.797473  0.798841  193.982  77649  102.875  77649  368  563  264588  216867  220  336  264588  216867
5  4  11  0.0502356  0.00496995    0.0243005  0.00483815  0.808538  0.812717  102.376  50443  45.3756  50443  203  305  171023  140783  95  142  171023  140783
5  4  12  0.0612978  0.0142628    0.0371747  0.022888  0.713277  0.470763  18.5481  4410  6.87934  4410  20  33  14596  12402  6  15  14596  12402
5  5  1  0.426685  0.0150315    0.311679  0.0150367  0.734973  0.720552  817.382  56689  594.167  56689  3102  6046  275575  192372  2432  4835  275575  192372
5  5  2  0.362887  0.0137409    0.238018  0.0132784  0.744025  0.726278  706.139  56689  454.368  56689  2130  4101  275575  192372  1703  3359  275575  192372
5  5  3  0.31853  0.0132968    0.193087  0.0125896  0.717644  0.69232  579.771  56256  351.091  56256  1525  3042  272937  190662  1078  2229  272937  190662
5  5  4  0.267922  0.0139008    0.143741  0.0127087  0.73111  0.682952  374.82  41679  190.233  41679  793  1546  198955  139584  586  1223  198955  139584
5  5  5  0.227675  0.0185835    0.123073  0.016071  0.634083  0.779296  151.116  22287  96.8695  22287  299  658  103348  74063  234  419  103348  74063
5  5  6  0.180568  0.0401896    0.11659  0.0402107  0.604082  0.664392  20.2896  3955  13.9021  3955  47  105  18119  13426  32  65  18119  13426
5  5  7  0  0  0  0  0  0  0  0  0  0  0  0  0  0  0  0  0  0
5  5  8  0  0  0  0  0  0  0  0  0  0  0  0  0  0  0  0  0  0
5  5  9  0  0  0  0  0  0  0  0  0  0  0  0  0  0  0  0  0  0
5  5  10  0  0  0  0  0  0  0  0  0  0  0  0  0  0  0  0  0  0
5  5  11  0  0  0  0  0  0  0  0  0  0  0  0  0  0  0  0  0  0
5  5  12  0  0  0  0  0  0  0  0  0  0  0  0  0  0  0  0  0  0
6  1  1  0  0  0  0  0  0  0  0  0  0  0  0  0  0  0  0  0  0
6  1  2  0  0  0  0  0  0  0  0  0  0  0  0  0  0  0  0  0  0
6  1  3  0  0  0  0  0  0  0  0  0  0  0  0  0  0  0  0  0  0
6  1  4  0  0  0  0  0  0  0  0  0  0  0  0  0  0  0  0  0  0
6  1  5  0  0  0  0  0  0  0  0  0  0  0  0  0  0  0  0  0  0
6  1  6  0  0  0  0  0  0  0  0  0  0  0  0  0  0  0  0  0  0
6  1  7  0.11888  0.0215684    0.031117  0.0132075  0.690086  0.696086  30.5081  7221  7.85827  7221  69  132  23524  17819  29  55  23524  17819
6  1  8  0.0610507  0.00478763    0.0240248  0.00370929  0.754986  0.614438  162.978  71553  55.6472  71553  600  1021  223739  174152  253  529  223739  174152
6  1  9  0.0485576  0.0031668    0.0167748  0.00210939  0.644015  0.642123  235.474  152276  81.8354  152276  969  1930  469794  366250  419  837  469794  366250
6  1  10  0.0427255  0.00236632    0.0107997  0.00133955  0.687918  0.677073  326.466  232776  81.7527  232776  1308  2450  714178  554257  485  923  714178  554257
6  1  11  0.0348918  0.00186056    0.00832676  0.00104958  0.684067  0.624966  352.083  313083  77.6404  313083  1483  2803  957111  740256  494  1022  957111  740256
6  1  12  0.0267953  0.00103481    0.00464338  0.000496332  0.708074  0.631259  671.673  382600  102.932  382600  2755  5039  1.16402e+06  898791  872  1789  1.16402e+06  898791
6  2  1  0  0  0  0  0  0  0  0  0  0  0  0  0  0  0  0  0  0
6  2  2  0  0  0  0  0  0  0  0  0  0  0  0  0  0  0  0  0  0
6  2  3  0  0  0  0  0  0  0  0  0  0  0  0  0  0  0  0  0  0
6  2  4  0  0  0  0  0  0  0  0  0  0  0  0  0  0  0  0  0  0
6  2  5  0.12834  0.0110666    0.0685763  0.0096543  0.681386  0.639689  135.056  32122  70.3306  32122  478  881  109099  86872  272  534  109099  86872
6  2  6  0.121752  0.00590044    0.0482358  0.00436278  0.673662  0.660145  427.442  109363  171.116  109363  1192  2205  362163  290623  659  1244  362163  290623
6  2  7  0.0869903  0.00359832    0.0348195  0.00279059  0.749203  0.704553  586.339  180799  222.554  180799  1794  2985  589493  472887  815  1442  589493  472887
6  2  8  0.0603203  0.00282831    0.0264469  0.00226529  0.764662  0.714305  455.91  196403  188.049  196403  1634  2659  637940  512677  783  1364  637940  512677
6  2  9  0.0552129  0.00271959    0.0181809  0.00185485  0.780204  0.739201  413.035  196411  130.613  196411  1318  2102  637984  512725  581  978  637984  512725
6  2  10  0.0505466  0.00259426    0.015198  0.00182301  0.811284  0.696257  380.362  196411  95.0639  196411  1141  1750  637984  512725  404  722  637984  512725
6  2  11  0.0425082  0.0023726    0.00930657  0.00131454  0.804023  0.77318  321.519  196411  65.7228  196411  935  1447  637984  512725  343  552  637984  512725
6  2  12  0.0270074  0.00134232    0.00563042  0.00072497  0.789342  0.765723  405.651  196411  77.9357  196411  1270  2002  637984  512725  432  702  637984  512725
6  3  1  0  0  0  0  0  0  0  0  0  0  0  0  0  0  0  0  0  0
6  3  2  0.436912  0.0641195    0.233763  0.0626767  0.674963  0.558257  47.0996  3270  20.7362  3270  123  233  12176  9523  62  142  12176  9523
6  3  3  0.224913  0.00954417    0.148678  0.00944243  0.750629  0.741918  559.805  69480  367.365  69480  1861  3081  248099  199643  1240  2077  248099  199643
6  3  4  0.197602  0.00613814    0.0935879  0.00503888  0.75861  0.737937  1043.78  145552  490.581  145552  3047  4962  507592  410877  1881  3149  507592  410877
6  3  5  0.16908  0.00504292    0.0724035  0.00385125  0.749348  0.765978  1130.85  189572  509.282  189572  2998  4923  654197  531651  1893  3041  654197  531651
6  3  6  0.142572  0.00454797    0.0445541  0.00292323  0.774584  0.770298  987.838  189898  319.968  189898  2449  3889  655356  532794  1389  2218  655356  532794
6  3  7  0.109168  0.0039239    0.0341762  0.00255143  0.774724  0.77995  777.19  189898  250.598  189898  1904  3023  655356  532794  1038  1637  655356  532794
6  3  8  0.0819041  0.00336149    0.0277016  0.0022619  0.793589  0.808751  595.533  189898  213.76  189898  1511  2342  655356  532794  837  1273  655356  532794
6  3  9  0.0599204  0.00285605    0.0215739  0.00201237  0.834207  0.83381  441.19  189898  166.458  189898  1294  1908  655356  532794  625  922  655356  532794
6  3  10  0.0538839  0.00279376    0.0146438  0.00163889  0.827152  0.876111  372.728  189898  114.455  189898  967  1438  655356  532794  453  636  655356  532794
6  3  11  0.0474776  0.00254905    0.0129913  0.00157588  0.835682  0.893421  347.548  189898  101.883  189898  765  1126  655356  532794  353  486  655356  532794
6  3  12  0.037032  0.00168087    0.0091856  0.0010373  0.819824  0.784827  486.675  182918  119.757  182918  868  1301  629329  512153  373  584  629329  512153
6  4  1  0.437643  0.015018    0.307992  0.014686  0.741334  0.756793  862.389  55592  618.384  55592  3050  5560  260226  192558  2478  4425  260226  192558
6  4  2  0.342225  0.00900096    0.199473  0.00807808  0.757662  0.751936  1463.29  119563  849.295  119563  4594  7982  512162  389055  3494  6117  512162  389055
6  4  3  0.293693  0.00800476    0.151969  0.00686327  0.783332  0.764473  1360.62  126498  703.132  126498  3750  6281  537836  409927  2615  4488  537836  409927
6  4  4  0.21209  0.00659174    0.102846  0.00557601  0.818389  0.771037  1043.78  126498  479.4  126498  2951  4731  537836  409927  1887  3211  537836  409927
6  4  5  0.172842  0.00604484    0.0858595  0.00522292  0.78253  0.757047  822.899  126498  395.469  126498  2137  3583  537836  409927  1360  2357  537836  409927
6  4  6  0.149242  0.0055428    0.0722745  0.00497944  0.826853  0.716567  729.213  124923  303.45  124923  1696  2688  529944  404388  1075  1966  529944  404388
6  4  7  0.128415  0.00556206    0.0511997  0.00429238  0.793811  0.787348  535.6  111662  217.164  111662  1174  1925  464089  356551  666  1101  464089  356551
6  4  8  0.0931565  0.00488534    0.0337734  0.00344081  0.861973  0.921897  365.015  94481  142.203  94481  842  1259  383324  297412  515  720  383324  297412
6  4  9  0.0744783  0.00513003    0.0469866  0.00583769  0.757582  0.624689  211.356  76808  109.116  76808  540  913  303397  236867  238  488  303397  236867
6  4  10  0.0613943  0.00519933    0.015185  0.00285644  0.823751  0.986931  139.768  57833  39.6018  57833  299  460  223675  176496  176  226  223675  176496
6  4  11  0.0599649  0.00658184    0.0225058  0.00508869  0.788468  0.704983  83.1839  38399  28.8406  38399  180  288  144629  114644  95  170  144629  114644
6  4  12  0.0593512  0.0177717    0.012834  0.00721526  0.662016  1.35412  11.1912  3291  5.06256  3291  22  40  12281  10203  18  16  12281  10203
6  5  1  0.462361  0.0174036    0.308603  0.0164269  0.749119  0.72501  716.917  45525  477.153  45525  2699  4941  230943  168400  2167  4099  230943  168400
6  5  2  0.378352  0.0158941    0.226763  0.014092  0.712614  0.735525  573.798  45525  360.615  45525  1893  3643  230943  168400  1454  2711  230943  168400
6  5  3  0.343964  0.0151141    0.209587  0.0144751  0.735254  0.73295  523.923  45210  316.926  45210  1348  2513  228826  166942  970  1814  228826  166942
6  5  4  0.295097  0.0159665    0.175079  0.0155813  0.762202  0.73643  345.107  33575  201.721  33575  858  1540  167346  122324  527  979  167346  122324
6  5  5  0.238736  0.0193362    0.0942867  0.0143346  0.772298  0.799356  153.76  17730  64.3055  17730  331  585  87240  63915  212  362  87240  63915
6  5  6  0.183273  0.0430235    0.0604837  0.0274841  0.685017  0.765149  18.2495  3204  6.85786  3204  42  83  15446  11410  26  46  15446  11410
6  5  7  0  0  0  0  0  0  0  0  0  0  0  0  0  0  0  0  0  0
6  5  8  0  0  0  0  0  0  0  0  0  0  0  0  0  0  0  0  0  0
6  5  9  0  0  0  0  0  0  0  0  0  0  0  0  0  0  0  0  0  0
6  5  10  0  0  0  0  0  0  0  0  0  0  0  0  0  0  0  0  0  0
6  5  11  0  0  0  0  0  0  0  0  0  0  0  0  0  0  0  0  0  0
6  5  12  0  0  0  0  0  0  0  0  0  0  0  0  0  0  0  0  0  0
7  1  1  0  0  0  0  0  0  0  0  0  0  0  0  0  0  0  0  0  0
7  1  2  0  0  0  0  0  0  0  0  0  0  0  0  0  0  0  0  0  0
7  1  3  0  0  0  0  0  0  0  0  0  0  0  0  0  0  0  0  0  0
7  1  4  0  0  0  0  0  0  0  0  0  0  0  0  0  0  0  0  0  0
7  1  5  0  0  0  0  0  0  0  0  0  0  0  0  0  0  0  0  0  0
7  1  6  0  0  0  0  0  0  0  0  0  0  0  0  0  0  0  0  0  0
7  1  7  0.127987  0.0404542    0.0579273  0.0348148  0.54601  0.566097  10.0435  2936  4.60475  2936  26  62  10230  7857  10  23  10230  7857
7  1  8  0.0551743  0.00841775    0.0211632  0.0053655  0.532081  0.683373  43.0252  29129  21.7181  29129  210  495  96367  76836  85  156  96367  76836
7  1  9  0.0440281  0.00498778    0.0134818  0.00346117  0.567772  0.448807  78.0173  62141  18.8429  62141  381  841  203352  162257  106  296  203352  162257
7  1  10  0.0399532  0.00384627    0.0112346  0.00247752  0.593289  0.480937  108.023  95336  25.0177  95336  484  1025  309335  246198  160  418  309335  246198
7  1  11  0.0312536  0.00301183    0.006813  0.00161979  0.578353  0.516975  107.771  129052  20.9655  129052  576  1255  413823  328398  160  390  413823  328398
7  1  12  0.0217741  0.00159343    0.00302971  0.00065355  0.566822  0.518512  186.951  158711  24.0334  158711  1021  2278  503742  398321  287  700  503742  398321
7  2  1  0  0  0  0  0  0  0  0  0  0  0  0  0  0  0  0  0  0
7  2  2  0  0  0  0  0  0  0  0  0  0  0  0  0  0  0  0  0  0
7  2  3  0  0  0  0  0  0  0  0  0  0  0  0  0  0  0  0  0  0
7  2  4  0  0  0  0  0  0  0  0  0  0  0  0  0  0  0  0  0  0
7  2  5  0.10624  0.0149739    0.0942133  0.0197836  0.727198  0.547111  50.5233  13823  34.6476  13823  223  385  48091  38305  95  218  48091  38305
7  2  6  0.122661  0.00881779    0.0408869  0.00637929  0.678454  0.57927  194.312  46616  55.7944  46616  564  1028  157034  126987  230  491  157034  126987
7  2  7  0.0853709  0.00591477    0.0269026  0.00376115  0.64563  0.650523  208.893  76804  66.7757  76804  722  1377  255928  207844  336  636  255928  207844
7  2  8  0.0626285  0.00475418    0.0175996  0.00282465  0.693814  0.64744  173.899  83472  48.9359  83472  667  1180  277013  225684  288  546  277013  225684
7  2  9  0.0580937  0.00459469    0.011926  0.00228403  0.656248  0.703757  160.169  83478  34.244  83478  563  1053  277028  225702  211  368  277028  225702
7  2  10  0.0467641  0.00407565    0.0127687  0.00253553  0.692305  0.661476  131.861  83478  32.4026  83478  458  812  277028  225702  180  334  277028  225702
7  2  11  0.0364757  0.00348573    0.00540562  0.00145326  0.762506  0.750945  109.646  83478  16.3559  83478  433  697  277028  225702  145  237  277028  225702
7  2  12  0.0298814  0.00227594    0.0045659  0.000980372  0.79178  0.738131  172.734  83478  27.0766  83478  538  834  277028  225702  175  291  277028  225702
7  3  1  0  0  0  0  0  0  0  0  0  0  0  0  0  0  0  0  0  0
7  3  2  0.129283  0.0494037    0.0512502  0.034378  0.925049  0.842506  6.88821  1174  2.51143  1174  50  74  5312  3880  32  52  5312  3880
7  3  3  0.246504  0.0163171    0.122246  0.0141105  0.732983  0.656244  230.229  26220  102.188  26220  758  1351  106419  81459  432  860  106419  81459
7  3  4  0.209813  0.01035    0.0882093  0.0081841  0.724387  0.627942  413.941  56835  154.32  56835  1171  2076  218132  169855  709  1450  218132  169855
7  3  5  0.154045  0.00750469    0.0500525  0.00492814  0.765865  0.737733  423.719  75040  134.638  75040  1323  2194  281150  221365  704  1212  281150  221365
7  3  6  0.130378  0.00692328    0.0443477  0.00487477  0.776899  0.70064  356.318  75179  113.797  75179  1083  1770  281682  221845  474  859  281682  221845
7  3  7  0.109561  0.00633745    0.0283483  0.00373063  0.754872  0.743839  300.064  75179  76.7212  75179  824  1386  281682  221845  372  635  281682  221845
7  3  8  0.0765705  0.0049233    0.0264612  0.00364291  0.849777  0.738627  242.666  75179  70.6566  75179  688  1028  281682  221845  331  569  281682  221845
7  3  9  0.0652465  0.00479838    0.0210386  0.00317153  0.840612  0.832491  185.351  75179  63.5038  75179  525  793  281682  221845  238  363  281682  221845
7  3  10  0.0545371  0.00441208    0.0117252  0.00232916  0.823397  0.892239  153.102  75179  35.0582  75179  428  660  281682  221845  156  222  281682  221845
7  3  11  0.0497547  0.00406546    0.00891932  0.0020709  0.757047  0.796958  150.078  75179  24.9418  75179  316  530  281682  221844  118  188  281682  221844
7  3  12  0.0336355  0.00244399    0.00955916  0.00170911  0.844252  0.760989  189.903  72644  50.7001  72644  460  690  270230  213388  131  218  270230  213388
7  4  1  0.401049  0.0217194    0.250161  0.0202978  0.801369  0.72969  346.157  22698  199.066  22698  1373  2290  111700  83571  1034  1894  111700  83571
7  4  2  0.36735  0.0148082    0.215373  0.0136878  0.758232  0.719232  623.612  46740  345.291  46740  2007  3534  219732  164578  1385  2571  219732  164578
7  4  3  0.29367  0.012579    0.114941  0.00906932  0.807874  0.793762  551.139  49290  215.035  49290  1633  2699  230873  172907  1032  1736  230873  172907
7  4  4  0.228637  0.0110571    0.101867  0.0087209  0.8084  0.789535  431.312  49290  193.371  49290  1315  2172  230873  172907  748  1265  230873  172907
7  4  5  0.189344  0.0100128    0.0733196  0.00767485  0.79251  0.736492  360.207  49290  125.537  49290  936  1577  230873  172907  524  950  230873  172907
7  4  6  0.179667  0.00980241    0.0620561  0.00702599  0.794679  0.785761  338.281  48654  115.606  48654  738  1239  227543  170552  384  652  227543  170552
7  4  7  0.128464  0.0085447    0.0451873  0.00612578  0.846574  0.867413  227.222  43150  78.2302  43150  499  785  199560  149844  297  456  199560  149844
7  4  8  0.0955002  0.00810465    0.0382047  0.0066171  0.88363  0.700362  139.385  36082  47.8941  36082  412  622  164908  123617  168  320  164908  123617
7  4  9  0.0840632  0.00792382    0.0289621  0.00614822  0.987954  0.93179  112.989  28899  36.8553  28899  257  347  130261  97652  95  136  130261  97652
7  4  10  0.0769523  0.00961923    0.0190466  0.00565548  0.770569  0.889953  64.1873  21629  16.3361  21629  142  246  96434  72239  62  93  96434  72239
7  4  11  0.0470814  0.00864966    0.0232687  0.00888105  0.892631  0.716176  29.6895  14274  10.8031  14274  83  124  62379  46776  29  54  62379  46776
7  4  12  0.035448  0.0175812    0.00628625  0.00762073  0.924485  1.34471  4.07904  1201  0.93601  1201  11  16  5321  3957  5  5  5321  3957
7  5  1  0.527815  0.0284844    0.287607  0.023827  0.753722  0.761689  349.676  19008  196.699  19008  1238  2153  99931  76237  928  1597  99931  76237
7  5  2  0.392236  0.0237752    0.279839  0.0256131  0.787152  0.706918  276.127  19008  175.664  19008  932  1552  99931  76237  590  1094  99931  76237
7  5  3  0.340558  0.0223913    0.17202  0.0190729  0.790431  0.769909  234.195  18878  115.943  18878  703  1165  99029  75601  442  752  99029  75601
7  5  4  0.329068  0.0262713    0.156747  0.0220116  0.771943  0.729902  158.651  14176  78.2074  14176  339  575  72277  55201  228  409  72277  55201
7  5  5  0.219983  0.0266111    0.121661  0.0257397  0.946559  0.862342  68.9708  7428  36.1667  7428  148  205  37663  28726  98  149  37663  28726
7  5  6  0.127576  0.0450018    0.172494  0.0940772  1.12225  0.73481  8.0847  1356  7.1016  1356  28  33  6690  5058  10  18  6690  5058
7  5  7  0  0  0  0  0  0  0  0  0  0  0  0  0  0  0  0  0  0
7  5  8  0  0  0  0  0  0  0  0  0  0  0  0  0  0  0  0  0  0
7  5  9  0  0  0  0  0  0  0  0  0  0  0  0  0  0  0  0  0  0
7  5  10  0  0  0  0  0  0  0  0  0  0  0  0  0  0  0  0  0  0
7  5  11  0  0  0  0  0  0  0  0  0  0  0  0  0  0  0  0  0  0
7  5  12  0  0  0  0  0  0  0  0  0  0  0  0  0  0  0  0  0  0
8  1  1  0  0  0  0  0  0  0  0  0  0  0  0  0  0  0  0  0  0
8  1  2  0  0  0  0  0  0  0  0  0  0  0  0  0  0  0  0  0  0
8  1  3  0  0  0  0  0  0  0  0  0  0  0  0  0  0  0  0  0  0
8  1  4  0  0  0  0  0  0  0  0  0  0  0  0  0  0  0  0  0  0
8  1  5  0  0  0  0  0  0  0  0  0  0  0  0  0  0  0  0  0  0
8  1  6  0  0  0  0  0  0  0  0  0  0  0  0  0  0  0  0  0  0
8  1  7  0.174356  0.0757926    0.0494115  0.042179  0.416184  0.556078  5.31032  1536  2.0428  1536  17  53  5639  4346  6  14  5639  4346
8  1  8  0.0231918  0.00796409    0.0269616  0.0110907  0.489126  0.410339  8.48459  15821  8.79213  15821  87  222  52784  42291  24  73  52784  42291
8  1  9  0  0  0  0  0  0  0  0  0  0  0  0  0  0  0  0  0  0
8  1  10  0.0321735  0.00560973    0.00722774  0.00295501  0.404749  0.371645  32.9148  51155  6.7804  51155  205  636  168255  133992  66  223  168255  133992
8  1  11  0.0291628  0.00487871    0.00746179  0.00264877  0.382216  0.399566  35.7498  68803  9.647  68803  230  758  224748  178421  59  186  224748  178421
8  1  12  0.0220211  0.00256624    0.00248756  0.00106338  0.391284  0.307826  73.6995  84183  5.97518  84183  432  1393  272823  216233  81  332  272823  216233
8  2  1  0  0  0  0  0  0  0  0  0  0  0  0  0  0  0  0  0  0
8  2  2  0  0  0  0  0  0  0  0  0  0  0  0  0  0  0  0  0  0
8  2  3  0  0  0  0  0  0  0  0  0  0  0  0  0  0  0  0  0  0
8  2  4  0  0  0  0  0  0  0  0  0  0  0  0  0  0  0  0  0  0
8  2  5  0.0996985  0.0248518    0.0384366  0.0166273  0.496996  0.494657  16.1323  6762  6.34433  6762  85  225  26055  19805  47  125  26055  19805
8  2  6  0.109205  0.0118164    0.0411141  0.00950024  0.671005  0.499365  85.7212  23654  24.3606  23654  247  475  85157  65993  113  292  85157  65993
8  2  7  0.0756683  0.00825011    0.0224895  0.00509478  0.588581  0.583615  84.3016  39482  25.4306  39482  352  761  138151  108569  122  266  138151  108569
8  2  8  0.0596412  0.00681906    0.00875243  0.0028227  0.629553  0.564413  76.6334  42979  10.9267  42979  349  704  149632  117827  116  261  149632  117827
8  2  9  0.0601087  0.00689084    0.0113882  0.00344117  0.589568  0.528645  76.2256  42981  13.0434  42981  260  560  149639  117841  97  233  149639  117841
8  2  10  0.044873  0.00582887    0.0105052  0.00356033  0.677614  0.484723  59.3472  42981  10.4864  42981  246  461  149639  117841  71  186  149639  117841
8  2  11  0.0407765  0.00561191    0.0034904  0.0018299  0.668846  0.571912  52.8607  42981  3.99624  42981  207  393  149639  117841  59  131  149639  117841
8  2  12  0.0180704  0.00253676    0.00295437  0.00120069  0.670053  0.567579  50.8028  42981  7.11208  42981  267  506  149639  117841  59  132  149639  117841
8  3  1  0  0  0  0  0  0  0  0  0  0  0  0  0  0  0  0  0  0
8  3  2  0.323546  0.139491    0.183824  0.118125  0.584829  0.620273  5.43129  569  3.24036  569  22  55  2949  2017  14  33  2949  2017
8  3  3  0.263092  0.024643    0.135403  0.0211729  0.731448  0.692427  115.003  12807  56.9989  12807  406  748  57615  42754  223  434  57615  42754
8  3  4  0.18279  0.0138175    0.0829818  0.0116339  0.70969  0.619055  176.121  27543  66.826  27543  602  1130  117856  88471  316  680  117856  88471
8  3  5  0.170518  0.0116274    0.0347162  0.0058956  0.698275  0.663622  216.337  36637  41.3332  36637  646  1226  152509  115083  326  651  152509  115083
8  3  6  0.135095  0.0102128    0.028391  0.00510216  0.742755  0.752679  175.82  36718  38.2045  36718  512  913  152787  115356  258  454  152787  115356
8  3  7  0.110472  0.00932337    0.0189815  0.00419035  0.705709  0.710595  140.936  36718  25.2523  36718  414  777  152787  115356  169  315  152787  115356
8  3  8  0.0737055  0.00719219    0.0174259  0.0040785  0.829648  0.707394  105.323  36718  22.8019  36718  337  538  152787  115356  141  264  152787  115356
8  3  9  0.0675177  0.00689568    0.011377  0.00313965  0.801267  0.79341  96.1205  36718  15.818  36718  268  443  152787  115356  124  207  152787  115356
8  3  10  0.062974  0.00758869    0.0153703  0.00376646  0.689162  0.858844  68.9928  36718  24.9095  36718  192  369  152787  115356  83  128  152787  115356
8  3  11  0.0550213  0.00655452    0.00806783  0.00286981  0.748616  0.691539  70.6014  36718  9.93158  36718  169  299  152786  115356  59  113  152786  115356
8  3  12  0.0387817  0.00379701    0.00533815  0.0017144  0.889793  0.746788  104.628  35454  12.912  35454  249  370  146675  110934  61  108  146675  110934
8  4  1  0.437577  0.0306599    0.193108  0.0229567  0.799396  0.767751  207.134  12246  89.4859  12246  809  1326  59584  45475  559  954  59584  45475
8  4  2  0.335612  0.0190881    0.179344  0.0165795  0.768602  0.730458  313.042  24769  155.956  24769  1106  1892  117874  89650  750  1350  117874  89650
8  4  3  0.319765  0.0183263    0.106464  0.0120882  0.768322  0.758796  308.033  26158  100.392  26158  859  1468  123827  94306  549  950  123827  94306
8  4  4  0.210738  0.0142112    0.0781033  0.0100913  0.827424  0.798357  221.763  26158  79.6461  26158  702  1114  123827  94306  394  648  123827  94306
8  4  5  0.214898  0.0146085    0.0506928  0.00754388  0.77013  0.923227  218.203  26158  59.9433  26158  505  861  123827  94306  315  448  123827  94306
8  4  6  0.171384  0.0132455    0.0588727  0.00940938  0.778353  0.781032  168.51  25851  56.4919  25851  408  687  121926  93030  205  344  121926  93030
8  4  7  0.156747  0.0130922    0.0383706  0.0076465  0.885514  0.832033  144.246  22866  34.8669  22866  332  492  106875  81443  149  235  106875  81443
8  4  8  0.0992626  0.0110509    0.0330268  0.00743371  0.819477  0.938959  81.0249  19078  28.2452  19078  191  306  88303  67259  113  158  88303  67259
8  4  9  0.0881335  0.0121536    0.0299435  0.00892461  0.830392  0.806467  52.7684  15223  16.9918  15223  127  201  70032  53287  54  88  70032  53287
8  4  10  0.0931102  0.0143874    0.0128182  0.00535091  0.961748  1.09298  42.0379  11307  7.86099  11307  92  126  51823  39344  39  47  51823  39344
8  4  11  0.0607667  0.0138713    0.00398755  0.00346495  1.00873  1.14743  19.2411  7367  1.50248  7367  50  65  33324  25412  21  24  33324  25412
8  4  12  0  0  0  0  0  0  0  0  0  0  0  0  0  0  0  0  0  0
8  5  1  0.500611  0.0384299    0.316331  0.0347088  0.777099  0.770768  172.764  9543  114.017  9543  649  1088  53754  41262  510  862  53754  41262
8  5  2  0.381716  0.0334284    0.210913  0.0290114  0.79175  0.742401  132.197  9543  72.6053  9543  533  877  53754  41262  314  551  53754  41262
8  5  3  0.389983  0.0349714    0.167682  0.0258222  0.752904  0.781568  126.007  9488  58.4379  9488  376  650  53217  40887  248  413  53217  40887
8  5  4  0.362531  0.0374143    0.107856  0.0236674  0.767637  0.752723  95.1171  7274  27.1144  7274  225  378  38529  29876  143  245  38529  29876
8  5  5  0.275832  0.043645    0.122331  0.0397025  0.812051  0.626486  40.3478  3964  14.3821  3964  69  109  20217  15760  42  86  20217  15760
8  5  6  0.235251  0.0829504    0.0524778  0.0484693  0.9  0.8125  8.13118  743  1.90081  743  9  13  3653  2810  5  8  3653  2810
8  5  7  0  0  0  0  0  0  0  0  0  0  0  0  0  0  0  0  0  0
8  5  8  0  0  0  0  0  0  0  0  0  0  0  0  0  0  0  0  0  0
8  5  9  0  0  0  0  0  0  0  0  0  0  0  0  0  0  0  0  0  0
8  5  10  0  0  0  0  0  0  0  0  0  0  0  0  0  0  0  0  0  0
8  5  11  0  0  0  0  0  0  0  0  0  0  0  0  0  0  0  0  0  0
8  5  12  0  0  0  0  0  0  0  0  0  0  0  0  0  0  0  0  0  0
9  1  1  0  0  0  0  0  0  0  0  0  0  0  0  0  0  0  0  0  0
9  1  2  0  0  0  0  0  0  0  0  0  0  0  0  0  0  0  0  0  0
9  1  3  0  0  0  0  0  0  0  0  0  0  0  0  0  0  0  0  0  0
9  1  4  0  0  0  0  0  0  0  0  0  0  0  0  0  0  0  0  0  0
9  1  5  0  0  0  0  0  0  0  0  0  0  0  0  0  0  0  0  0  0
9  1  6  0  0  0  0  0  0  0  0  0  0  0  0  0  0  0  0  0  0
9  1  7  0  0  0  0  0  0  0  0  0  0  0  0  0  0  0  0  0  0
9  1  8  0.0445061  0.0112519    0.0374478  0.0138379  0.332266  0.27401  15.6564  22356  11.3291  22356  82  330  58798  43972  25  122  58798  43972
9  1  9  0.0358966  0.00734231    0.00625281  0.00382511  0.285351  0.204214  23.9143  47850  3.06644  47850  112  521  121986  91899  24  156  121986  91899
9  1  10  0.0347761  0.00669529    0.000405664  0.000938022  0.218769  0.135206  26.9891  71623  0.188584  71623  125  754  179540  136055  25  244  179540  136055
9  1  11  0.0189491  0.004116    0.00256844  0.00155638  0.248258  0.260524  21.1997  91226  3.01225  91226  159  849  232111  175098  34  173  232111  175098
9  1  12  0.0221161  0.00302318    0.00553123  0.00257307  0.246805  0.112036  53.545  101482  5.90918  101482  266  1428  263354  198765  23  272  263354  198765
9  2  1  0  0  0  0  0  0  0  0  0  0  0  0  0  0  0  0  0  0
9  2  2  0  0  0  0  0  0  0  0  0  0  0  0  0  0  0  0  0  0
9  2  3  0  0  0  0  0  0  0  0  0  0  0  0  0  0  0  0  0  0
9  2  4  0  0  0  0  0  0  0  0  0  0  0  0  0  0  0  0  0  0
9  2  5  0.0969236  0.0223937    0.0590333  0.0215619  0.435026  0.36568  18.771  9267  10.2243  9267  85  260  28632  21517  36  131  28632  21517
9  2  6  0.099659  0.0126222    0.00661016  0.00325467  0.40276  0.416901  62.4618  31888  4.39673  31888  201  662  94719  71405  88  280  94719  71405
9  2  7  0.0886644  0.00995431    0.0308735  0.00689828  0.353423  0.326705  79.4546  53683  27.3021  53683  233  873  154162  116419  94  381  154162  116419
9  2  8  0.0525241  0.00651367    0.00931855  0.00321671  0.434022  0.357389  65.0951  58404  9.4951  58404  255  776  166789  126280  92  340  166789  126280
9  2  9  0.0539593  0.00649326    0.00288126  0.00144657  0.452658  0.52075  69.1386  58407  4.31352  58407  231  674  166798  126291  69  175  166798  126291
9  2  10  0.0430846  0.0060094    0.00592843  0.00277233  0.444858  0.303121  51.4473  58407  5.28053  58407  193  573  166798  126291  42  183  166798  126291
9  2  11  0.0284381  0.00465517    0.00689188  0.00292687  0.482263  0.366873  37.3427  58407  7.26044  58407  176  482  166798  126291  30  108  166798  126291
9  2  12  0.0259585  0.003249    0.00303765  0.00114922  0.448554  0.530377  63.9053  58407  8.64926  58407  216  636  166798  126291  51  127  166798  126291
9  3  1  0  0  0  0  0  0  0  0  0  0  0  0  0  0  0  0  0  0
9  3  2  0.168709  0.093445    0.149453  0.0973821  0.430449  0.493751  3.27157  890  3.16056  890  17  51  3209  2485  13  34  3209  2485
9  3  3  0.167474  0.016186    0.0846601  0.0138689  0.69359  0.638175  107.654  19348  52.963  19348  396  748  64928  49559  189  388  64928  49559
9  3  4  0.172236  0.011871    0.0960968  0.0112188  0.611426  0.5626  211.611  40566  110.26  40566  619  1332  132153  100443  316  739  132153  100443
9  3  5  0.156606  0.010092    0.0323249  0.00499248  0.592433  0.618729  241.902  52968  52.5966  52968  558  1236  170384  129839  306  649  170384  129839
9  3  6  0.114635  0.00847669    0.0184025  0.00365751  0.613206  0.625065  183.519  53073  30.4429  53073  553  1183  170683  130114  223  468  170683  130114
9  3  7  0.0974966  0.00781847    0.0192779  0.00381924  0.622988  0.639813  155.959  53073  32.3564  53073  407  857  170683  130114  179  367  170683  130114
9  3  8  0.0667729  0.00607673    0.0124196  0.00294654  0.684796  0.667246  121.018  53073  21.7431  53073  391  749  170683  130114  147  289  170683  130114
9  3  9  0.0629537  0.0060267    0.0103901  0.00259111  0.712441  0.758842  109.339  53073  20.0309  53073  315  580  170683  130114  129  223  170683  130114
9  3  10  0.0576519  0.00565285    0.00659472  0.00193984  0.747846  0.838307  104.218  53073  14.0222  53073  244  428  170683  130114  108  169  170683  130114
9  3  11  0.0598505  0.00613657    0.00990389  0.00266863  0.619014  0.879499  95.2935  53073  22.594  53073  193  409  170683  130114  59  88  170683  130114
9  3  12  0.0281169  0.00271876    0.0044496  0.00126593  0.815246  0.895272  107.177  51125  19.2667  51125  256  412  163691  124761  58  85  163691  124761
9  4  1  0.385293  0.023852    0.235451  0.0231197  0.798754  0.698205  264.78  17967  146.5  17967  849  1346  67016  52921  569  1032  67016  52921
9  4  2  0.309949  0.0150577    0.143604  0.0121821  0.769456  0.741352  428.583  37217  195.923  37217  1220  2022  132754  104098  772  1328  132754  104098
9  4  3  0.282498  0.0139058    0.100159  0.0099418  0.767271  0.770856  417.091  39255  145.45  39255  1025  1700  139438  109574  547  903  139438  109574
9  4  4  0.243799  0.0130389    0.0727619  0.00808201  0.767828  0.831838  352.753  39255  115.67  39255  750  1243  139438  109574  453  693  139438  109574
9  4  5  0.194005  0.0111165    0.0699293  0.0085726  0.871956  0.751319  306.954  39255  99.8364  39255  616  899  139438  109574  320  542  139438  109574
9  4  6  0.185307  0.0111972    0.0395653  0.00572564  0.803961  0.895343  275.829  38781  67.4961  38781  494  782  137392  107956  280  398  137392  107956
9  4  7  0.149823  0.0107383    0.037534  0.00657762  0.774988  0.825814  195.769  34483  51.0115  34483  321  528  120767  94738  149  230  120767  94738
9  4  8  0.121818  0.0101762    0.0262593  0.00611043  0.873713  0.759681  144.017  28860  27.3485  28860  223  326  99826  78156  91  153  99826  78156
9  4  9  0.0916203  0.0096706    0.0253052  0.0066462  0.964552  0.799277  90.1092  23078  21.8845  23078  178  236  79108  61859  70  112  79108  61859
9  4  10  0.095801  0.0127924    0.019396  0.00728775  0.758515  0.772441  56.2675  17143  12.6006  17143  95  160  58268  45611  26  43  58268  45611
9  4  11  0.0400936  0.00787533    0.0101945  0.00547615  1.10854  0.913631  25.9784  11276  4.9338  11276  52  60  37724  29493  20  28  37724  29493
9  4  12  0.0198766  0.0113827    0.0228875  0.0298562  1.56648  0.469945  3.05836  1024  1  1024  8  6  3178  2705  2  5  3178  2705
9  5  1  0.556115  0.0346497    0.317802  0.0318365  0.752537  0.698226  262.69  13271  142.467  13271  701  1228  60434  45843  527  995  60434  45843
9  5  2  0.501003  0.0326576    0.191507  0.0231924  0.794272  0.79958  239.597  13271  95.8465  13271  529  878  60434  45843  390  643  60434  45843
9  5  3  0.355407  0.0273639    0.152712  0.0205755  0.805045  0.863542  170.88  13175  83.9794  13175  413  676  59933  45483  270  412  59933  45483
9  5  4  0.348965  0.0303611    0.116182  0.0228723  0.860512  0.701811  133.898  9883  38.5188  9883  242  364  43532  33633  122  225  43532  33633
9  5  5  0.294888  0.0376612    0.0523374  0.0180561  0.783824  0.905293  62.0217  5335  11.0239  5335  113  184  22541  17661  61  86  22541  17661
9  5  6  0.211813  0.0741262    0.0764967  0.075642  0.778886  0.542438  8.2336  982  2  982  8  13  3973  3139  3  7  3973  3139
9  5  7  0  0  0  0  0  0  0  0  0  0  0  0  0  0  0  0  0  0
9  5  8  0  0  0  0  0  0  0  0  0  0  0  0  0  0  0  0  0  0
9  5  9  0  0  0  0  0  0  0  0  0  0  0  0  0  0  0  0  0  0
9  5  10  0  0  0  0  0  0  0  0  0  0  0  0  0  0  0  0  0  0
9  5  11  0  0  0  0  0  0  0  0  0  0  0  0  0  0  0  0  0  0
9  5  12  0  0  0  0  0  0  0  0  0  0  0  0  0  0  0  0  0  0
