1  1  1  0  0  0  0  0  0  0  0  0  0
1  1  2  0  0  0  0  0  0  0  0  0  0
1  1  3  0  0  0  0  0  0  0  0  0  0
1  1  4  0  0  0  0  0  0  0  0  0  0
1  1  5  0  0  0  0  0  0  0  0  0  0
1  1  6  0  0  0  0  0  0  0  0  0  0
1  1  7  0  0  0  0  0  0  0  0  0  0
1  1  8  0  0  0  0  0  0  0  0  0  0
1  1  9  0  0  0  0  0  0  0  0  0  0
1  1  10  0  0  0  0  0  0  0  0  0  0
1  1  11  0  0  0  0  0  0  0  0  0  0
1  1  12  0  0  0  0  0  0  0  0  0  0
1  2  1  0  0  0  0  0  0  0  0  0  0
1  2  2  0  0  0  0  0  0  0  0  0  0
1  2  3  0  0  0  0  0  0  0  0  0  0
1  2  4  0  0  0  0  0  0  0  0  0  0
1  2  5  0  0  0  0  0  0  0  0  0  0
1  2  6  0  0  0  0  0  0  0  0  0  0
1  2  7  0  0  0  0  0  0  0  0  0  0
1  2  8  0  0  0  0  0  0  0  0  0  0
1  2  9  0  0  0  0  0  0  0  0  0  0
1  2  10  0  0  0  0  0  0  0  0  0  0
1  2  11  0  0  0  0  0  0  0  0  0  0
1  2  12  0  0  0  0  0  0  0  0  0  0
1  3  1  0  0  0  0  0  0  0  0  0  0
1  3  2  0  0  0  0  0  0  0  0  0  0
1  3  3  0  0  0  0  0  0  0  0  0  0
1  3  4  0  0  0  0  0  0  0  0  0  0
1  3  5  0  0  0  0  0  0  0  0  0  0
1  3  6  0  0  0  0  0  0  0  0  0  0
1  3  7  0  0  0  0  0  0  0  0  0  0
1  3  8  0  0  0  0  0  0  0  0  0  0
1  3  9  0  0  0  0  0  0  0  0  0  0
1  3  10  0  0  0  0  0  0  0  0  0  0
1  3  11  0  0  0  0  0  0  0  0  0  0
1  3  12  0  0  0  0  0  0  0  0  0  0
1  4  1  2.68608  0.0230455    2.32838  0.0241935  0.760964  0.771295  14811  164145  13209  164145
1  4  2  1.88136  0.0183141    1.62492  0.0193438  0.736166  0.747703  11201  182395  9829  182395
1  4  3  1.37466  0.0157308    1.13716  0.0161996  0.714879  0.720581  7970  182395  6785  182395
1  4  4  1.00589  0.0134569    0.808698  0.0137259  0.689058  0.70149  5764  182395  4709  182395
1  4  5  0.750851  0.01175    0.573362  0.0114135  0.668218  0.697994  4177  182395  3429  182395
1  4  6  0.543363  0.0100252    0.432112  0.0102818  0.677657  0.682173  2988  174113  2388  174113
1  4  7  0.427094  0.0107739    0.332575  0.0110912  0.666379  0.667906  1593  116184  1228  116184
1  4  8  0.352884  0.0131368    0.253814  0.0128818  0.669709  0.672911  730  62605  540  62605
1  4  9  0.260353  0.0165429    0.157217  0.0145131  0.666718  0.709351  250  26760  155  26760
1  4  10  0.164929  0.0271931    0.152151  0.0300937  0.666293  0.67332  37  6344  36  6344
1  4  11  0  0  0  0  0  0  0  0  0  0
1  4  12  0  0  0  0  0  0  0  0  0  0
1  5  1  2.58781  0.0162601    2.32891  0.0174337  0.703735  0.712416  27287  353002  24908  353002
1  5  2  1.84223  0.0138851    1.56052  0.0143908  0.673486  0.680167  18527  353002  15965  353002
1  5  3  1.32278  0.011971    1.10205  0.012237  0.647094  0.658572  12653  348779  10883  348779
1  5  4  0.978318  0.0125436    0.802897  0.0130028  0.640655  0.643427  6248  230249  5098  230249
1  5  5  0.739969  0.0160348    0.579914  0.0160128  0.649609  0.658936  2174  104281  1758  104281
1  5  6  0.566619  0.0378097    0.389392  0.0335816  0.614163  0.691768  228  14984  174  14984
1  5  7  0  0  0  0  0  0  0  0  0  0
1  5  8  0  0  0  0  0  0  0  0  0  0
1  5  9  0  0  0  0  0  0  0  0  0  0
1  5  10  0  0  0  0  0  0  0  0  0  0
1  5  11  0  0  0  0  0  0  0  0  0  0
1  5  12  0  0  0  0  0  0  0  0  0  0
2  1  1  0  0  0  0  0  0  0  0  0  0
2  1  2  0  0  0  0  0  0  0  0  0  0
2  1  3  0  0  0  0  0  0  0  0  0  0
2  1  4  0  0  0  0  0  0  0  0  0  0
2  1  5  0  0  0  0  0  0  0  0  0  0
2  1  6  0  0  0  0  0  0  0  0  0  0
2  1  7  0  0  0  0  0  0  0  0  0  0
2  1  8  0  0  0  0  0  0  0  0  0  0
2  1  9  0  0  0  0  0  0  0  0  0  0
2  1  10  0  0  0  0  0  0  0  0  0  0
2  1  11  0  0  0  0  0  0  0  0  0  0
2  1  12  0  0  0  0  0  0  0  0  0  0
2  2  1  0  0  0  0  0  0  0  0  0  0
2  2  2  0  0  0  0  0  0  0  0  0  0
2  2  3  0  0  0  0  0  0  0  0  0  0
2  2  4  0  0  0  0  0  0  0  0  0  0
2  2  5  0.76905  0.0294965    0.609835  0.0294979  0.78238  0.801235  700  23532  575  23532
2  2  6  0.654868  0.0200124    0.487549  0.019683  0.790105  0.798657  1098  43236  829  43236
2  2  7  0.497151  0.017599    0.350862  0.0164317  0.772855  0.764633  813  43237  610  43237
2  2  8  0.366452  0.0142144    0.251988  0.0135183  0.813512  0.76194  675  43237  466  43237
2  2  9  0.265135  0.0117752    0.194503  0.0113695  0.768799  0.840961  513  43237  402  43237
2  2  10  0.223074  0.0108992    0.162567  0.0106336  0.746959  0.719485  423  43237  326  43237
2  2  11  0.149487  0.0081868    0.0985041  0.0073354  0.797182  0.781747  336  43237  261  43237
2  2  12  0.0983562  0.00424343    0.0586878  0.00369419  0.788379  0.751699  544  43237  379  43237
2  3  1  0  0  0  0  0  0  0  0  0  0
2  3  2  1.92406  0.0646946    1.65539  0.0693626  0.802503  0.778239  949  13016  796  13016
2  3  3  1.43649  0.0140748    1.15769  0.0143228  0.783084  0.782186  10961  209672  9012  209672
2  3  4  1.0646  0.00939344    0.84135  0.00946558  0.780623  0.791505  13345  342689  10795  342689
2  3  5  0.833816  0.00780424    0.605412  0.00747414  0.768345  0.783988  11762  387042  8911  387042
2  3  6  0.592853  0.00643394    0.453206  0.00645291  0.774567  0.778449  8681  387183  6690  387183
2  3  7  0.471042  0.00577931    0.331052  0.00545029  0.757872  0.781736  6759  387183  5008  387183
2  3  8  0.360302  0.00498242    0.250617  0.00467788  0.758245  0.775291  5301  387183  3916  387183
2  3  9  0.27465  0.004236    0.186245  0.00396954  0.757756  0.758446  4250  387183  3052  387183
2  3  10  0.198525  0.00347528    0.135246  0.00326981  0.724885  0.738912  3291  387183  2376  387183
2  3  11  0.154598  0.00294736    0.0988173  0.00265925  0.737177  0.731905  2771  387181  1994  387181
2  3  12  0.0892313  0.00144352    0.0594534  0.0013902  0.734178  0.749459  3862  360620  2907  360620
2  4  1  2.69097  0.0160414    2.33123  0.0167824  0.76966  0.775812  30787  327396  27235  327396
2  4  2  1.93103  0.00961794    1.60873  0.00993348  0.759335  0.766994  43020  639900  36303  639900
2  4  3  1.38283  0.00798041    1.12562  0.00810792  0.744373  0.757369  31444  665465  26262  665465
2  4  4  1.06021  0.00706446    0.799295  0.00685257  0.725841  0.739894  23312  665465  18261  665465
2  4  5  0.759437  0.00592032    0.577854  0.00581773  0.717633  0.724119  16872  665464  13169  665464
2  4  6  0.574274  0.00519721    0.430374  0.00505523  0.703698  0.722774  12441  656183  9692  656183
2  4  7  0.448213  0.004849    0.31767  0.0045822  0.705227  0.71979  8673  574728  6469  574728
2  4  8  0.339839  0.00455919    0.250881  0.00452012  0.702586  0.704969  5622  473932  4211  473932
2  4  9  0.260542  0.00440472    0.189815  0.00438835  0.696506  0.708963  3532  372087  2584  372087
2  4  10  0.189569  0.0042326    0.130215  0.0040165  0.712268  0.726524  2021  269316  1470  269316
2  4  11  0.14675  0.00461122    0.0975995  0.00424219  0.696125  0.702039  1019  166513  770  166513
2  4  12  0.0881183  0.00825616    0.06768  0.00913293  0.785003  0.688778  115  12061  89  12061
2  5  1  2.69379  0.018408    2.32586  0.0190157  0.705626  0.712318  23232  273765  20435  273765
2  5  2  1.8785  0.0155779    1.54215  0.0155334  0.676085  0.685356  15357  273765  13027  273765
2  5  3  1.36651  0.0133671    1.09914  0.0133018  0.651227  0.665477  10869  271737  8900  271737
2  5  4  1.01309  0.0132593    0.78355  0.0130344  0.651434  0.652017  6010  203893  4681  203893
2  5  5  0.744709  0.0153927    0.57395  0.0150125  0.653388  0.659222  2392  109120  1896  109120
2  5  6  0.54674  0.0310072    0.404307  0.0297676  0.666535  0.666163  316  19305  236  19305
2  5  7  0  0  0  0  0  0  0  0  0  0
2  5  8  0  0  0  0  0  0  0  0  0  0
2  5  9  0  0  0  0  0  0  0  0  0  0
2  5  10  0  0  0  0  0  0  0  0  0  0
2  5  11  0  0  0  0  0  0  0  0  0  0
2  5  12  0  0  0  0  0  0  0  0  0  0
3  1  1  0  0  0  0  0  0  0  0  0  0
3  1  2  0  0  0  0  0  0  0  0  0  0
3  1  3  0  0  0  0  0  0  0  0  0  0
3  1  4  0  0  0  0  0  0  0  0  0  0
3  1  5  0  0  0  0  0  0  0  0  0  0
3  1  6  0  0  0  0  0  0  0  0  0  0
3  1  7  0.467066  0.0374224    0.378183  0.0400509  0.852963  0.788678  159  7677  121  7677
3  1  8  0.381222  0.0128334    0.264968  0.0118251  0.747206  0.777922  896  58215  660  58215
3  1  9  0.279775  0.00806004    0.184096  0.0072788  0.79188  0.792323  1220  97222  826  97222
3  1  10  0.214258  0.00630122    0.135686  0.00544565  0.770974  0.787557  1168  114278  806  114278
3  1  11  0.164613  0.0052201    0.103805  0.00453252  0.780852  0.798042  1003  116243  702  116243
3  1  12  0.103508  0.00266274    0.0599409  0.002155  0.791744  0.808224  1531  116243  1086  116243
3  2  1  0  0  0  0  0  0  0  0  0  0
3  2  2  0  0  0  0  0  0  0  0  0  0
3  2  3  0  0  0  0  0  0  0  0  0  0
3  2  4  0  0  0  0  0  0  0  0  0  0
3  2  5  0.902494  0.0218836    0.614508  0.0203045  0.773826  0.770989  1757  53168  1219  53168
3  2  6  0.637402  0.00982189    0.45811  0.00941836  0.795666  0.785704  4316  173939  3180  173939
3  2  7  0.514754  0.00711602    0.348048  0.00659759  0.784103  0.790472  5338  265234  3715  265234
3  2  8  0.388728  0.00592209    0.264572  0.00549798  0.794814  0.79492  4376  279898  3096  279898
3  2  9  0.288471  0.00502563    0.190546  0.00450878  0.79236  0.787631  3334  279900  2394  279900
3  2  10  0.215287  0.0041041    0.130067  0.00349086  0.789031  0.815779  2779  279900  1859  279900
3  2  11  0.169532  0.00350961    0.0978176  0.00294131  0.778081  0.798841  2353  279900  1519  279900
3  2  12  0.103917  0.00177449    0.063115  0.00155166  0.792786  0.804607  3472  279900  2460  279900
3  3  1  0  0  0  0  0  0  0  0  0  0
3  3  2  2.16796  0.102769    1.71142  0.104146  0.792334  0.775344  481  5950  378  5950
3  3  3  1.42992  0.0179995    1.14794  0.0184693  0.786975  0.788336  6652  123160  5276  123160
3  3  4  1.13023  0.0113064    0.814443  0.0107209  0.780629  0.790695  10405  252145  7802  252145
3  3  5  0.819278  0.00831685    0.594019  0.00803529  0.787325  0.79095  10002  325568  7339  325568
3  3  6  0.631106  0.00730674    0.437559  0.00685769  0.779834  0.794673  7635  326086  5438  326086
3  3  7  0.482839  0.00632372    0.316471  0.00572727  0.780926  0.792437  5936  326086  4078  326086
3  3  8  0.358904  0.00539115    0.256224  0.00519554  0.777598  0.791735  4493  326086  3314  326086
3  3  9  0.271124  0.00459763    0.173344  0.00411318  0.779265  0.789451  3515  326086  2384  326086
3  3  10  0.196048  0.0037955    0.127051  0.00342648  0.76446  0.794367  2690  326086  1874  326086
3  3  11  0.155349  0.00330681    0.0939958  0.00285216  0.758037  0.772606  2222  326086  1529  326086
3  3  12  0.0944956  0.00164989    0.0572358  0.00146876  0.775654  0.779468  3315  313554  2338  313554
3  4  1  2.76887  0.0266921    2.26835  0.0268635  0.769329  0.781009  11840  118038  9895  118038
3  4  2  1.96317  0.0157268    1.6086  0.0159414  0.764534  0.777293  16671  238628  13889  238628
3  4  3  1.43785  0.0131523    1.12722  0.0129459  0.751358  0.760686  12549  251029  10159  251029
3  4  4  1.06151  0.0112983    0.788811  0.0107839  0.736735  0.761017  9149  251029  7026  251029
3  4  5  0.776976  0.00957783    0.571988  0.00917798  0.738914  0.742023  6758  251029  5049  251029
3  4  6  0.586301  0.00836987    0.418061  0.00795334  0.730683  0.732534  5006  247784  3551  247784
3  4  7  0.443295  0.00763919    0.303354  0.0070752  0.740226  0.74062  3420  218861  2334  218861
3  4  8  0.343899  0.00740439    0.225419  0.00654621  0.719019  0.754425  2183  182269  1514  182269
3  4  9  0.258759  0.00702127    0.175448  0.00645697  0.737672  0.745251  1371  145399  955  145399
3  4  10  0.190796  0.0067455    0.134459  0.00649931  0.734989  0.735037  806  108128  564  108128
3  4  11  0.148913  0.0073937    0.0948488  0.0065204  0.749364  0.748004  408  70152  288  70152
3  4  12  0.0818232  0.0121093    0.0667519  0.0128374  0.768764  0.797665  46  6131  45  6131
3  5  1  2.70785  0.0317177    2.32188  0.032256  0.716316  0.725303  7938  89101  6895  89101
3  5  2  1.92708  0.0269743    1.57517  0.0266855  0.690013  0.695707  5414  89101  4521  89101
3  5  3  1.39023  0.0232259    1.09478  0.0224647  0.66892  0.679098  3734  88511  3008  88511
3  5  4  0.996303  0.0220935    0.780607  0.0216646  0.678396  0.670975  2096  68252  1635  68252
3  5  5  0.667825  0.0238036    0.511276  0.0230946  0.697758  0.680131  804  37480  606  37480
3  5  6  0.680273  0.0587085    0.395109  0.0470336  0.664742  0.732406  137  6727  88  6727
3  5  7  0  0  0  0  0  0  0  0  0  0
3  5  8  0  0  0  0  0  0  0  0  0  0
3  5  9  0  0  0  0  0  0  0  0  0  0
3  5  10  0  0  0  0  0  0  0  0  0  0
3  5  11  0  0  0  0  0  0  0  0  0  0
3  5  12  0  0  0  0  0  0  0  0  0  0
4  1  1  0  0  0  0  0  0  0  0  0  0
4  1  2  0  0  0  0  0  0  0  0  0  0
4  1  3  0  0  0  0  0  0  0  0  0  0
4  1  4  0  0  0  0  0  0  0  0  0  0
4  1  5  0  0  0  0  0  0  0  0  0  0
4  1  6  0  0  0  0  0  0  0  0  0  0
4  1  7  0.46057  0.0445078    0.370112  0.0467603  0.757425  0.725629  109  6087  83  6087
4  1  8  0.376429  0.0127926    0.254259  0.0121048  0.790742  0.75715  879  57926  569  57926
4  1  9  0.303754  0.00780473    0.18527  0.00676328  0.768593  0.779854  1534  120446  974  120446
4  1  10  0.22875  0.00532698    0.144445  0.00475274  0.783788  0.768227  1863  180768  1199  180768
4  1  11  0.175902  0.00395188    0.0994822  0.00316508  0.763278  0.782505  1998  235805  1284  235805
4  1  12  0.11638  0.00193039    0.0595244  0.00142951  0.792169  0.788701  3684  271585  2355  271585
4  2  1  0  0  0  0  0  0  0  0  0  0
4  2  2  0  0  0  0  0  0  0  0  0  0
4  2  3  0  0  0  0  0  0  0  0  0  0
4  2  4  0  0  0  0  0  0  0  0  0  0
4  2  5  0.824276  0.0277357    0.605078  0.0273974  0.785304  0.764464  911  28957  648  28957
4  2  6  0.649043  0.0135377    0.439941  0.0126207  0.780379  0.777246  2355  95915  1611  95915
4  2  7  0.476771  0.00888863    0.310138  0.00803174  0.784399  0.788669  2931  156372  1942  156372
4  2  8  0.388125  0.00774977    0.250041  0.00696381  0.807149  0.791894  2546  169030  1686  169030
4  2  9  0.306987  0.0067247    0.180689  0.00569823  0.809333  0.820696  2110  169037  1324  169037
4  2  10  0.220814  0.00550064    0.132798  0.00471743  0.812702  0.805033  1627  169037  1042  169037
4  2  11  0.167297  0.00468109    0.099607  0.00398059  0.807288  0.804999  1287  169037  843  169037
4  2  12  0.112671  0.00250172    0.0597647  0.00198739  0.794931  0.830682  2053  169037  1297  169037
4  3  1  0  0  0  0  0  0  0  0  0  0
4  3  2  1.98201  0.136764    1.70253  0.144625  0.799756  0.800818  226  2971  193  2971
4  3  3  1.50636  0.0261344    1.16619  0.0260793  0.775482  0.77807  3507  63058  2692  63058
4  3  4  1.07724  0.0150658    0.773152  0.0142987  0.787616  0.786816  5320  131144  3862  131144
4  3  5  0.862397  0.0119976    0.581593  0.0109685  0.779179  0.788143  5329  169776  3717  169776
4  3  6  0.627857  0.0100829    0.417098  0.00913798  0.785881  0.814412  3968  170042  2732  170042
4  3  7  0.456701  0.00827571    0.313842  0.00795604  0.803814  0.788959  3101  170042  2039  170042
4  3  8  0.345896  0.0072751    0.224394  0.00655119  0.793857  0.806554  2291  170042  1536  170042
4  3  9  0.289448  0.00664633    0.175514  0.00585988  0.782596  0.787548  1918  170042  1175  170042
4  3  10  0.205752  0.00539868    0.127439  0.00493461  0.787032  0.786635  1465  170042  877  170042
4  3  11  0.169983  0.00488005    0.0898299  0.00391971  0.787021  0.783682  1222  170042  709  170042
4  3  12  0.0962381  0.00240654    0.0525932  0.00196859  0.785971  0.824093  1615  163702  1036  163702
4  4  1  2.80518  0.0372107    2.28394  0.0374107  0.784185  0.781097  6276  60155  5133  60155
4  4  2  1.96124  0.0217484    1.60232  0.0219468  0.766005  0.783874  8714  121792  7172  121792
4  4  3  1.46619  0.0185244    1.10652  0.0177297  0.758322  0.777273  6587  127973  5135  127973
4  4  4  1.03937  0.0152213    0.748837  0.0143775  0.760803  0.769376  4839  127973  3487  127973
4  4  5  0.791276  0.0134303    0.550505  0.0124179  0.750033  0.753608  3568  127973  2489  127973
4  4  6  0.595639  0.0117855    0.406476  0.0107052  0.748985  0.751623  2607  126377  1819  126377
4  4  7  0.446325  0.0108011    0.285948  0.00941335  0.747289  0.76207  1734  111796  1147  111796
4  4  8  0.312046  0.00957208    0.214854  0.00905392  0.786841  0.754641  1075  93150  696  93150
4  4  9  0.244689  0.00921399    0.153498  0.00816643  0.773599  0.747946  712  74204  440  74204
4  4  10  0.199948  0.0099116    0.110773  0.00784614  0.77581  0.7669  410  54794  246  54794
4  4  11  0.146942  0.00965796    0.094911  0.00897677  0.784014  0.804933  233  35557  144  35557
4  4  12  0.0561583  0.0132762    0.0542827  0.015556  0.89677  1.01852  18  3007  18  3007
4  5  1  2.92311  0.048291    2.35892  0.0467618  0.721893  0.733007  4018  41590  3346  41590
4  5  2  2.00396  0.0398193    1.58275  0.0384482  0.706666  0.701298  2697  41590  2155  41590
4  5  3  1.39554  0.0331815    1.05224  0.0313224  0.693692  0.696849  1848  41301  1401  41301
4  5  4  1.10145  0.0341196    0.724752  0.0297632  0.682258  0.702287  1078  31326  725  31326
4  5  5  0.728521  0.0368464    0.603862  0.0369676  0.710559  0.718846  400  17233  334  17233
4  5  6  0.577199  0.0752291    0.418616  0.0743574  0.711074  0.671063  60  3120  39  3120
4  5  7  0  0  0  0  0  0  0  0  0  0
4  5  8  0  0  0  0  0  0  0  0  0  0
4  5  9  0  0  0  0  0  0  0  0  0  0
4  5  10  0  0  0  0  0  0  0  0  0  0
4  5  11  0  0  0  0  0  0  0  0  0  0
4  5  12  0  0  0  0  0  0  0  0  0  0
5  1  1  0  0  0  0  0  0  0  0  0  0
5  1  2  0  0  0  0  0  0  0  0  0  0
5  1  3  0  0  0  0  0  0  0  0  0  0
5  1  4  0  0  0  0  0  0  0  0  0  0
5  1  5  0  0  0  0  0  0  0  0  0  0
5  1  6  0  0  0  0  0  0  0  0  0  0
5  1  7  0.45788  0.0436334    0.237581  0.0340895  0.780511  0.738225  112  6559  59  6559
5  1  8  0.406448  0.0135133    0.240512  0.0113807  0.744237  0.744744  918  62288  573  62288
5  1  9  0.278702  0.00728544    0.176291  0.00658704  0.77205  0.745727  1480  130635  908  130635
5  1  10  0.230185  0.00536949    0.131979  0.00444417  0.762287  0.756334  1855  197796  1120  197796
5  1  11  0.181579  0.0040259    0.100714  0.00324246  0.775318  0.743044  2050  264696  1227  264696
5  1  12  0.115843  0.00188152    0.0636604  0.00150266  0.77888  0.769768  3836  320975  2366  320975
5  2  1  0  0  0  0  0  0  0  0  0  0
5  2  2  0  0  0  0  0  0  0  0  0  0
5  2  3  0  0  0  0  0  0  0  0  0  0
5  2  4  0  0  0  0  0  0  0  0  0  0
5  2  5  0.876944  0.0292049    0.58057  0.0262134  0.760222  0.774246  930  29566  644  29566
5  2  6  0.628273  0.013069    0.429563  0.012293  0.780758  0.755009  2366  99504  1582  99504
5  2  7  0.500646  0.00906713    0.304281  0.00783802  0.783312  0.783246  3107  162625  1931  162625
5  2  8  0.39585  0.00767915    0.229534  0.00650473  0.795878  0.781916  2698  176036  1586  176036
5  2  9  0.277467  0.00619826    0.181264  0.00573088  0.80255  0.794692  2027  176044  1291  176044
5  2  10  0.226617  0.005651    0.119519  0.00446063  0.797082  0.814179  1623  176044  916  176044
5  2  11  0.16763  0.00464864    0.094982  0.00390765  0.811893  0.800617  1310  176044  768  176044
5  2  12  0.106266  0.00243775    0.0575128  0.00199583  0.821805  0.84587  1921  176044  1130  176044
5  3  1  0  0  0  0  0  0  0  0  0  0
5  3  2  2.00606  0.1353    1.33642  0.119756  0.816212  0.818229  237  3035  160  3035
5  3  3  1.48488  0.0257054    1.08221  0.0242834  0.785978  0.787011  3522  63459  2616  63459
5  3  4  1.12783  0.0155427    0.771877  0.0141687  0.784084  0.78681  5485  131532  3868  131532
5  3  5  0.813888  0.0113849    0.577827  0.0107956  0.788843  0.784351  5268  171033  3711  171033
5  3  6  0.611719  0.00974637    0.409683  0.00896619  0.809076  0.801266  4032  171324  2677  171324
5  3  7  0.470507  0.00845597    0.277342  0.00720315  0.798866  0.811221  3153  171324  1873  171324
5  3  8  0.367768  0.00752704    0.213606  0.00634986  0.800826  0.79782  2421  171324  1426  171324
5  3  9  0.285997  0.00661127    0.156105  0.00538696  0.809048  0.806188  1892  171324  1061  171324
5  3  10  0.212251  0.00556716    0.115594  0.00449501  0.815034  0.808208  1466  171324  840  171324
5  3  11  0.161014  0.00476807    0.0831121  0.0037448  0.813956  0.801995  1148  171324  628  171324
5  3  12  0.10066  0.00257699    0.0550574  0.0021355  0.820035  0.810271  1540  164970  916  164970
5  4  1  2.81279  0.0383515    2.21134  0.0373079  0.786783  0.790728  5947  56331  4685  56331
5  4  2  2.07307  0.0227235    1.51619  0.0211225  0.777904  0.795212  8950  118798  6765  118798
5  4  3  1.44987  0.0181714    1.08066  0.0174325  0.779489  0.77791  6707  125289  4972  125289
5  4  4  1.09209  0.0156894    0.763066  0.0145443  0.774893  0.783165  5040  125289  3505  125289
5  4  5  0.826206  0.0137136    0.527382  0.011981  0.781744  0.782386  3738  125289  2414  125289
5  4  6  0.592802  0.0116836    0.389123  0.0103838  0.772667  0.768608  2629  123835  1734  123835
5  4  7  0.44081  0.0105001    0.266657  0.00889105  0.769389  0.775337  1791  110605  1095  110605
5  4  8  0.333185  0.00996715    0.207464  0.00853117  0.786021  0.785306  1131  93269  728  93269
5  4  9  0.286999  0.0103955    0.15814  0.00843778  0.773725  0.784787  770  75230  428  75230
5  4  10  0.197763  0.00970898    0.117308  0.00811772  0.792226  0.784369  418  55942  256  55942
5  4  11  0.135664  0.00927952    0.0973439  0.00933485  0.792877  0.759907  215  36360  136  36360
5  4  12  0.0951008  0.0183799    0.0474352  0.0146642  0.766985  0.777318  27  3172  13  3172
5  5  1  2.86398  0.0477183    2.30487  0.0460479  0.737283  0.739547  3953  40596  3241  40596
5  5  2  1.97009  0.039278    1.53844  0.0377398  0.724175  0.716219  2682  40596  2083  40596
5  5  3  1.46019  0.0344272    1.00491  0.0301967  0.707205  0.715205  1883  40290  1359  40290
5  5  4  1.0888  0.0341386    0.687448  0.0288945  0.704189  0.712851  1053  29919  681  29919
5  5  5  0.773635  0.0394024    0.563627  0.0361073  0.680964  0.733217  395  16031  299  16031
5  5  6  0.581668  0.0778226    0.442034  0.0762034  0.743037  0.730123  57  2805  41  2805
5  5  7  0  0  0  0  0  0  0  0  0  0
5  5  8  0  0  0  0  0  0  0  0  0  0
5  5  9  0  0  0  0  0  0  0  0  0  0
5  5  10  0  0  0  0  0  0  0  0  0  0
5  5  11  0  0  0  0  0  0  0  0  0  0
5  5  12  0  0  0  0  0  0  0  0  0  0
6  1  1  0  0  0  0  0  0  0  0  0  0
6  1  2  0  0  0  0  0  0  0  0  0  0
6  1  3  0  0  0  0  0  0  0  0  0  0
6  1  4  0  0  0  0  0  0  0  0  0  0
6  1  5  0  0  0  0  0  0  0  0  0  0
6  1  6  0  0  0  0  0  0  0  0  0  0
6  1  7  0.438373  0.0482056    0.297443  0.0448374  0.708682  0.712119  84  5333  55  5333
6  1  8  0.38434  0.0149557    0.21497  0.0124921  0.705361  0.657553  669  51462  363  51462
6  1  9  0.292268  0.00873941    0.167995  0.00747631  0.709018  0.669156  1130  109007  620  109007
6  1  10  0.221983  0.00604616    0.119839  0.00492285  0.713272  0.668142  1359  166179  723  166179
6  1  11  0.16815  0.0044531    0.0863966  0.00344042  0.716074  0.685215  1435  223189  769  223189
6  1  12  0.114896  0.00224783    0.0576741  0.00170589  0.71816  0.700841  2638  271876  1425  271876
6  2  1  0  0  0  0  0  0  0  0  0  0
6  2  2  0  0  0  0  0  0  0  0  0  0
6  2  3  0  0  0  0  0  0  0  0  0  0
6  2  4  0  0  0  0  0  0  0  0  0  0
6  2  5  0.804709  0.031857    0.542784  0.0285929  0.734893  0.73718  656  23344  456  23344
6  2  6  0.636124  0.0151551    0.383681  0.013114  0.756317  0.724457  1802  79028  1068  79028
6  2  7  0.484185  0.0101546    0.270575  0.00842708  0.747263  0.740764  2314  129876  1276  129876
6  2  8  0.35897  0.0082822    0.220434  0.00740738  0.763941  0.727959  1904  140566  1099  140566
6  2  9  0.288127  0.00743014    0.155479  0.00601027  0.766352  0.761598  1520  140572  824  140572
6  2  10  0.210531  0.00617003    0.122073  0.00533659  0.790231  0.749201  1174  140572  648  140572
6  2  11  0.16456  0.00530732    0.0828169  0.00418161  0.789482  0.768368  968  140572  484  140572
6  2  12  0.0970251  0.00268505    0.0466571  0.0020278  0.819261  0.826116  1318  140572  669  140572
6  3  1  0  0  0  0  0  0  0  0  0  0
6  3  2  2.09788  0.155425    1.34226  0.13593  0.789437  0.786074  197  2423  125  2423
6  3  3  1.47003  0.0286124    0.999916  0.0257108  0.781195  0.797863  2785  50570  1945  50570
6  3  4  1.13381  0.0174483    0.713107  0.015102  0.775781  0.779608  4399  105283  2823  105283
6  3  5  0.879611  0.0134888    0.510091  0.0112091  0.78274  0.777495  4389  136610  2592  136610
6  3  6  0.656854  0.0114585    0.363765  0.00924116  0.796208  0.795959  3367  136832  1932  136832
6  3  7  0.475923  0.00961826    0.262125  0.00787299  0.796922  0.776038  2493  136832  1361  136832
6  3  8  0.3734  0.00853967    0.186473  0.00650268  0.798099  0.810309  1939  136832  1002  136832
6  3  9  0.2708  0.00719347    0.141327  0.00565598  0.824535  0.801844  1432  136832  762  136832
6  3  10  0.216666  0.00650635    0.101974  0.00467533  0.818561  0.81694  1118  136832  576  136832
6  3  11  0.152536  0.0052329    0.0710567  0.00380052  0.822963  0.841074  855  136832  429  136832
6  3  12  0.0997208  0.00299369    0.0406257  0.00203492  0.82563  0.804963  1119  131779  492  131779
6  4  1  2.85305  0.045388    2.23196  0.0434165  0.794916  0.803971  4381  40282  3462  40282
6  4  2  2.08206  0.0262704    1.49549  0.0242871  0.795192  0.78982  6774  86367  4852  86367
6  4  3  1.52395  0.0217095    0.969718  0.0184469  0.798567  0.812184  5209  91238  3452  91238
6  4  4  1.07068  0.0178857    0.712884  0.015903  0.805748  0.804306  3730  91238  2486  91238
6  4  5  0.809367  0.0155555    0.493786  0.0131862  0.789179  0.796174  2790  91238  1709  91238
6  4  6  0.606205  0.0134857    0.351278  0.0112368  0.802215  0.783601  2067  90096  1162  90096
6  4  7  0.457601  0.0123357    0.242107  0.00969998  0.807998  0.789714  1400  80546  737  80546
6  4  8  0.342232  0.0114891    0.17142  0.0087431  0.806267  0.812752  899  68145  451  68145
6  4  9  0.235226  0.0104436    0.128611  0.00841105  0.804226  0.789637  512  55329  274  55329
6  4  10  0.196986  0.0109029    0.107571  0.00898792  0.809799  0.790038  329  41692  170  41692
6  4  11  0.13373  0.010985    0.0613662  0.00790349  0.833829  0.789014  149  27726  69  27726
6  4  12  0.114046  0.0269822    0.036429  0.0132361  0.694512  1.00432  18  2381  9  2381
6  5  1  2.93962  0.0535541    2.28158  0.0500846  0.758418  0.759484  3319  32678  2659  32678
6  5  2  1.98737  0.0433519    1.51249  0.0403089  0.738104  0.749336  2246  32678  1764  32678
6  5  3  1.54089  0.038349    1.0754  0.0345933  0.73933  0.744539  1699  32457  1190  32457
6  5  4  1.19225  0.0390858    0.714213  0.0322053  0.741079  0.742091  968  23993  592  23993
6  5  5  0.864003  0.0438773    0.456619  0.0345839  0.779379  0.739166  400  12661  205  12661
6  5  6  0.53062  0.0826285    0.236003  0.05758  0.764883  0.766024  42  2276  19  2276
6  5  7  0  0  0  0  0  0  0  0  0  0
6  5  8  0  0  0  0  0  0  0  0  0  0
6  5  9  0  0  0  0  0  0  0  0  0  0
6  5  10  0  0  0  0  0  0  0  0  0  0
6  5  11  0  0  0  0  0  0  0  0  0  0
6  5  12  0  0  0  0  0  0  0  0  0  0
7  1  1  0  0  0  0  0  0  0  0  0  0
7  1  2  0  0  0  0  0  0  0  0  0  0
7  1  3  0  0  0  0  0  0  0  0  0  0
7  1  4  0  0  0  0  0  0  0  0  0  0
7  1  5  0  0  0  0  0  0  0  0  0  0
7  1  6  0  0  0  0  0  0  0  0  0  0
7  1  7  0.657227  0.0989918    0.314377  0.0819196  0.661564  0.5648  45  2154  18  2154
7  1  8  0.375124  0.0247103    0.141407  0.0159302  0.597836  0.600486  233  21131  90  21131
7  1  9  0.275284  0.0143894    0.12711  0.0109394  0.586404  0.553801  369  44953  156  44953
7  1  10  0.205413  0.0100419    0.111753  0.00810576  0.596476  0.565523  421  68597  224  68597
7  1  11  0.16165  0.00773339    0.0668858  0.0054402  0.586753  0.518595  439  92658  171  92658
7  1  12  0.109795  0.00392235    0.0476928  0.00272777  0.573309  0.537323  789  113716  358  113716
7  2  1  0  0  0  0  0  0  0  0  0  0
7  2  2  0  0  0  0  0  0  0  0  0  0
7  2  3  0  0  0  0  0  0  0  0  0  0
7  2  4  0  0  0  0  0  0  0  0  0  0
7  2  5  0.887165  0.0534661    0.475957  0.0420923  0.668969  0.674946  283  10157  157  10157
7  2  6  0.603264  0.023298    0.313449  0.0183311  0.668769  0.663894  684  33887  353  33887
7  2  7  0.480384  0.0164045    0.260439  0.0134727  0.667495  0.640355  871  55481  451  55481
7  2  8  0.339144  0.0131364    0.185971  0.0106318  0.701853  0.655154  674  60122  367  60122
7  2  9  0.272537  0.0115195    0.130777  0.00863841  0.679885  0.702178  565  60126  271  60126
7  2  10  0.189516  0.00939138    0.0951047  0.00732034  0.708826  0.708394  410  60126  198  60126
7  2  11  0.142234  0.00792313    0.0646263  0.0058608  0.749793  0.685461  324  60126  142  60126
7  2  12  0.110882  0.00498927    0.035312  0.00280693  0.756408  0.759087  498  60126  186  60126
7  3  1  0  0  0  0  0  0  0  0  0  0
7  3  2  2.07926  0.240241    1.45304  0.235478  0.925412  0.782823  82  866  49  866
7  3  3  1.4699  0.046848    0.979256  0.0416873  0.759659  0.757523  1038  19080  690  19080
7  3  4  1.11152  0.0278956    0.660204  0.0234446  0.750406  0.731333  1651  41409  973  41409
7  3  5  0.873452  0.0213725    0.448895  0.0165989  0.75973  0.751961  1723  54502  885  54502
7  3  6  0.631596  0.0179973    0.329635  0.0140897  0.781303  0.757492  1260  54599  662  54599
7  3  7  0.464535  0.0152336    0.236614  0.0117876  0.77642  0.776563  946  54599  481  54599
7  3  8  0.363521  0.0130267    0.180755  0.0105548  0.809646  0.741863  790  54599  346  54599
7  3  9  0.278033  0.0117779    0.115969  0.00800789  0.819866  0.794274  563  54599  246  54599
7  3  10  0.198317  0.00976024    0.0852574  0.00692628  0.827002  0.816153  416  54599  177  54599
7  3  11  0.137276  0.00773251    0.0640323  0.00593942  0.759567  0.791246  317  54599  138  54599
7  3  12  0.088964  0.00444304    0.0343177  0.00289255  0.852467  0.809702  404  52761  169  52761
7  4  1  2.9395  0.0723709    2.1456  0.0654381  0.79921  0.816219  1834  16422  1385  16422
7  4  2  2.11423  0.0419594    1.44976  0.0376161  0.79976  0.797688  2745  33815  1870  33815
7  4  3  1.5255  0.0343026    0.955461  0.0289782  0.815646  0.81955  2094  35628  1338  35628
7  4  4  1.12034  0.029069    0.646214  0.0234305  0.821277  0.821283  1550  35628  920  35628
7  4  5  0.840028  0.0247344    0.421615  0.0189681  0.819808  0.821552  1192  35628  580  35628
7  4  6  0.607969  0.0211525    0.314831  0.0161896  0.813317  0.823137  846  35145  443  35145
7  4  7  0.414284  0.0180307    0.222172  0.0147208  0.858671  0.821983  537  31227  263  31227
7  4  8  0.322582  0.0179498    0.143217  0.0125344  0.850324  0.798908  327  26192  148  26192
7  4  9  0.250899  0.0172784    0.102616  0.0115265  0.858438  0.880996  213  20964  90  20964
7  4  10  0.156975  0.0152269    0.0894877  0.0131328  0.850227  0.816624  107  15738  53  15738
7  4  11  0.131079  0.016309    0.0772564  0.0148116  0.932754  0.816684  65  10411  32  10411
7  4  12  0.0535308  0.0268281    0.0419911  0.022999  0.815045  1.08889  4  853  4  853
7  5  1  3.06525  0.0834842    2.28159  0.0760206  0.772951  0.781282  1496  13636  1150  13636
7  5  2  2.26634  0.0707683    1.53814  0.0626994  0.761488  0.763029  1109  13636  749  13636
7  5  3  1.5758  0.0586699    1.01342  0.0505732  0.773876  0.763904  762  13537  487  13537
7  5  4  1.21166  0.0604027    0.614168  0.0440254  0.773512  0.762495  419  10150  229  10150
7  5  5  0.847991  0.0672304    0.553093  0.0600571  0.815957  0.748942  164  5317  102  5317
7  5  6  0.703679  0.145406    0.450201  0.128313  0.844844  0.832109  24  969  15  969
7  5  7  0  0  0  0  0  0  0  0  0  0
7  5  8  0  0  0  0  0  0  0  0  0  0
7  5  9  0  0  0  0  0  0  0  0  0  0
7  5  10  0  0  0  0  0  0  0  0  0  0
7  5  11  0  0  0  0  0  0  0  0  0  0
7  5  12  0  0  0  0  0  0  0  0  0  0
8  1  1  0  0  0  0  0  0  0  0  0  0
8  1  2  0  0  0  0  0  0  0  0  0  0
8  1  3  0  0  0  0  0  0  0  0  0  0
8  1  4  0  0  0  0  0  0  0  0  0  0
8  1  5  0  0  0  0  0  0  0  0  0  0
8  1  6  0  0  0  0  0  0  0  0  0  0
8  1  7  0.348757  0.11671    0.309836  0.120371  0.481397  0.46912  9  1141  8  1141
8  1  8  0.33856  0.0348784    0.185984  0.0299703  0.517951  0.424811  95  11522  45  11522
8  1  9  0.250087  0.0207595    0.120597  0.0161974  0.462827  0.436018  146  24257  63  24257
8  1  10  0.191849  0.0153437    0.0878842  0.0115881  0.436323  0.3836  157  36956  65  36956
8  1  11  0.14496  0.0120559    0.0787061  0.00950398  0.415392  0.386333  145  49467  79  49467
8  1  12  0.100179  0.00605472    0.0506894  0.00491487  0.399914  0.355987  275  60539  122  60539
8  2  1  0  0  0  0  0  0  0  0  0  0
8  2  2  0  0  0  0  0  0  0  0  0  0
8  2  3  0  0  0  0  0  0  0  0  0  0
8  2  4  0  0  0  0  0  0  0  0  0  0
8  2  5  0.847803  0.0786357    0.365618  0.0553536  0.5861  0.5574  119  5009  50  5009
8  2  6  0.596567  0.034077    0.267428  0.0246325  0.613201  0.588669  312  17311  136  17311
8  2  7  0.443305  0.0237064    0.200976  0.0171347  0.582721  0.576325  354  28674  160  28674
8  2  8  0.340755  0.0195752    0.148814  0.0138001  0.613093  0.587529  306  31131  134  31131
8  2  9  0.228466  0.0156712    0.105189  0.0113393  0.599008  0.599599  214  31131  98  31131
8  2  10  0.20463  0.0148906    0.0719379  0.00915953  0.639481  0.617483  190  31131  70  31131
8  2  11  0.140454  0.0120262    0.0494116  0.00741564  0.668844  0.655221  137  31131  50  31131
8  2  12  0.0837062  0.0062571    0.0293119  0.00383177  0.649915  0.642453  180  31131  67  31131
8  3  1  0  0  0  0  0  0  0  0  0  0
8  3  2  2.29743  0.403486    1.62974  0.368792  0.684905  0.696288  35  440  25  440
8  3  3  1.55262  0.0717442    0.918472  0.0575974  0.725659  0.75985  493  9361  311  9361
8  3  4  1.02054  0.0384763    0.652949  0.0347293  0.721811  0.684559  729  20121  423  20121
8  3  5  0.736083  0.0278187    0.440294  0.0240712  0.739949  0.695356  719  26679  397  26679
8  3  6  0.590787  0.0250292    0.285524  0.0187651  0.755743  0.733355  569  26735  271  26735
8  3  7  0.439892  0.0212381    0.174375  0.0141091  0.754732  0.737202  436  26735  174  26735
8  3  8  0.368651  0.0198059    0.133813  0.0123267  0.762684  0.746617  351  26735  134  26735
8  3  9  0.309351  0.0174233    0.0982503  0.0106761  0.795672  0.764379  319  26735  96  26735
8  3  10  0.205601  0.0148911    0.0597441  0.00763848  0.793022  0.813727  192  26735  69  26735
8  3  11  0.127758  0.0112756    0.0417338  0.00643737  0.783353  0.815498  129  26735  47  26735
8  3  12  0.107693  0.00742668    0.0307261  0.00411211  0.834736  0.797174  212  25821  64  25821
8  4  1  2.88284  0.0969791    2.02538  0.0863463  0.797262  0.793288  982  8824  700  8824
8  4  2  1.98059  0.0553801    1.28157  0.0474557  0.796075  0.816799  1378  17808  898  17808
8  4  3  1.54213  0.0472341    0.922474  0.0392718  0.811875  0.811604  1130  18800  670  18800
8  4  4  1.02141  0.0374388    0.57428  0.0301467  0.831434  0.816334  775  18800  429  18800
8  4  5  0.861371  0.0341373    0.35444  0.0228631  0.808549  0.851229  659  18800  277  18800
8  4  6  0.582497  0.0277895    0.323429  0.0225134  0.850462  0.850203  450  18592  243  18592
8  4  7  0.509507  0.0286705    0.215863  0.0197462  0.84541  0.814732  322  16439  138  16439
8  4  8  0.297295  0.0221827    0.164727  0.0188828  0.854782  0.82215  182  13722  87  13722
8  4  9  0.27461  0.0253099    0.0676697  0.0126412  0.834322  0.909662  119  10950  31  10950
8  4  10  0.230962  0.0292105    0.0576109  0.012923  0.791913  0.926584  63  8164  22  8164
8  4  11  0.201846  0.0309052    0.0957178  0.0267806  0.920136  0.625533  43  5332  15  5332
8  4  12  0.0701279  0.0406134    0.0237152  0.0248011  0.789943  0.881934  3  485  1  485
8  5  1  3.08381  0.114447    2.06393  0.096958  0.804998  0.804986  810  7005  571  7005
8  5  2  2.19687  0.0968755    1.44207  0.0806689  0.785871  0.805538  555  7005  396  7005
8  5  3  1.65125  0.0843038    0.834913  0.0612841  0.779249  0.796194  406  6968  218  6968
8  5  4  1.15475  0.0758828    0.649785  0.0633268  0.830255  0.767664  242  5374  123  5374
8  5  5  0.872046  0.0923387    0.464293  0.0692839  0.796345  0.825697  92  2919  53  2919
8  5  6  0.66394  0.179702    0.379174  0.135397  0.746422  0.979467  14  547  10  547
8  5  7  0  0  0  0  0  0  0  0  0  0
8  5  8  0  0  0  0  0  0  0  0  0  0
8  5  9  0  0  0  0  0  0  0  0  0  0
8  5  10  0  0  0  0  0  0  0  0  0  0
8  5  11  0  0  0  0  0  0  0  0  0  0
8  5  12  0  0  0  0  0  0  0  0  0  0
9  1  1  0  0  0  0  0  0  0  0  0  0
9  1  2  0  0  0  0  0  0  0  0  0  0
9  1  3  0  0  0  0  0  0  0  0  0  0
9  1  4  0  0  0  0  0  0  0  0  0  0
9  1  5  0  0  0  0  0  0  0  0  0  0
9  1  6  0  0  0  0  0  0  0  0  0  0
9  1  7  0.389629  0.117873    0.221783  0.0972674  0.332277  0.332077  11  1632  6  1632
9  1  8  0.263287  0.0329753    0.115967  0.0228861  0.315765  0.313231  64  16333  29  16333
9  1  9  0.228366  0.0219077    0.120691  0.017335  0.278877  0.268827  109  34815  57  34815
9  1  10  0.189653  0.0169834    0.0781746  0.0119678  0.251303  0.240929  125  52028  48  52028
9  1  11  0.149821  0.013413    0.074091  0.0110959  0.247269  0.202581  125  66155  52  66155
9  1  12  0.09966  0.00763005    0.0377921  0.00497742  0.228929  0.229499  171  73463  65  73463
9  2  1  0  0  0  0  0  0  0  0  0  0
9  2  2  0  0  0  0  0  0  0  0  0  0
9  2  3  0  0  0  0  0  0  0  0  0  0
9  2  4  0  0  0  0  0  0  0  0  0  0
9  2  5  0.824435  0.0727251    0.354691  0.0506166  0.489387  0.476077  131  6767  58  6767
9  2  6  0.488698  0.0309513    0.245855  0.0241502  0.454741  0.42268  252  23273  120  23273
9  2  7  0.423499  0.0233063    0.199381  0.0174666  0.426491  0.388855  333  39076  152  39076
9  2  8  0.324035  0.0193942    0.167323  0.0155902  0.41977  0.397966  281  42465  136  42465
9  2  9  0.249349  0.0164861    0.0761515  0.00961008  0.446432  0.437239  230  42467  70  42467
9  2  10  0.196756  0.0150765    0.070074  0.00980295  0.439287  0.38093  171  42467  58  42467
9  2  11  0.138913  0.0122021    0.0535716  0.00789514  0.458901  0.451617  130  42467  53  42467
9  2  12  0.102922  0.00756312    0.0255153  0.00367397  0.427419  0.480742  186  42467  54  42467
9  3  1  0  0  0  0  0  0  0  0  0  0
9  3  2  2.67802  0.397151    1.62918  0.315076  0.571915  0.706284  49  631  35  631
9  3  3  1.29053  0.0552304    0.793478  0.0455657  0.651244  0.664528  568  14089  377  14089
9  3  4  1.01273  0.0337279    0.551462  0.0270181  0.628836  0.623321  930  29514  509  29514
9  3  5  0.721796  0.0249014    0.363736  0.0189999  0.630905  0.637644  859  38383  440  38383
9  3  6  0.57882  0.0222321    0.232814  0.0147498  0.630819  0.656704  690  38454  292  38454
9  3  7  0.42403  0.0190112    0.180199  0.0131193  0.639553  0.649018  504  38454  221  38454
9  3  8  0.300729  0.0152279    0.112838  0.00992901  0.684897  0.692422  394  38454  147  38454
9  3  9  0.283302  0.0151054    0.0833593  0.00858363  0.708017  0.698166  355  38454  107  38454
9  3  10  0.198402  0.0128467    0.058493  0.00704941  0.682917  0.709523  240  38454  78  38454
9  3  11  0.153693  0.0110623    0.047583  0.00629694  0.665105  0.711936  194  38454  66  38454
9  3  12  0.0772741  0.00542514    0.0218736  0.00289992  0.748276  0.781439  204  37072  65  37072
9  4  1  2.87884  0.0797386    1.91767  0.0695369  0.803509  0.812764  1448  13058  1011  13058
9  4  2  1.96256  0.0456956    1.25196  0.0392411  0.77384  0.783413  1980  26969  1310  26969
9  4  3  1.49414  0.0381328    0.871347  0.0319933  0.779445  0.788697  1623  28399  938  28399
9  4  4  1.10611  0.0321396    0.562048  0.0250402  0.819771  0.797041  1236  28399  619  28399
9  4  5  0.842916  0.0285082    0.387392  0.020655  0.815666  0.798185  902  28399  424  28399
9  4  6  0.59451  0.023605    0.259086  0.0163326  0.815155  0.835839  649  28049  298  28049
9  4  7  0.4312  0.0209488    0.162065  0.0137121  0.818779  0.834692  431  24959  161  24959
9  4  8  0.342462  0.0208244    0.13033  0.0137107  0.819612  0.807684  274  20844  104  20844
9  4  9  0.266688  0.0215205    0.0852583  0.0126906  0.78973  0.763411  155  16636  51  16636
9  4  10  0.185084  0.0196891    0.0554691  0.011295  0.851651  0.786769  89  12402  27  12402
9  4  11  0.117778  0.0174142    0.0403101  0.0110415  0.910223  0.944505  46  8173  15  8173
9  4  12  0.0647006  0.0324398    0.03025  0.0231941  0.870303  0.951032  4  722  2  722
9  5  1  3.0609  0.0966442    2.11727  0.086255  0.804358  0.797627  1120  9611  786  9611
9  5  2  2.45746  0.0871427    1.31906  0.0662966  0.808494  0.833654  867  9611  499  9611
9  5  3  1.63461  0.0705978    0.850624  0.0526386  0.802483  0.809243  568  9545  318  9545
9  5  4  1.23867  0.0704592    0.633722  0.0521154  0.807705  0.830729  323  7158  180  7158
9  5  5  0.810281  0.0712044    0.39115  0.0566836  0.853452  0.837781  134  3853  55  3853
9  5  6  0.573037  0.140631    0.418508  0.137999  0.821059  0.819556  17  712  12  712
9  5  7  0  0  0  0  0  0  0  0  0  0
9  5  8  0  0  0  0  0  0  0  0  0  0
9  5  9  0  0  0  0  0  0  0  0  0  0
9  5  10  0  0  0  0  0  0  0  0  0  0
9  5  11  0  0  0  0  0  0  0  0  0  0
9  5  12  0  0  0  0  0  0  0  0  0  0
