0.0087 1.149 0.364059 0.22137 0.329846 0.222825 0.089398 0.0913168
0.0088 1.138 0.363759 0.220636 0.329558 0.222099 0.0889043 0.0908102
0.0088 1.138 0.363759 0.220636 0.329558 0.222099 0.0889043 0.0908102
0.0088 1.138 0.363759 0.220636 0.329558 0.222099 0.0889043 0.0908102
0.0088 1.138 0.363759 0.220636 0.329558 0.222099 0.0889043 0.0908102
0.0088 1.132 0.363557 0.220543 0.329387 0.221994 0.0887729 0.0906835
0.009 1.105 0.362783 0.219023 0.32867 0.22048 0.087685 0.0895745
0.0093 1.075 0.361977 0.216958 0.327897 0.218441 0.0862989 0.0881486
0.0095 1.048 0.361178 0.215494 0.327165 0.216979 0.0852173 0.0870468
0.0098 1.023 0.36053 0.213583 0.326524 0.215103 0.0839505 0.0857356
0.0074 1.318 0.369076 0.232491 0.334737 0.233829 0.0970116 0.0990984
0.0074 1.318 0.369076 0.232491 0.334737 0.233829 0.0970116 0.0990984
0.0074 1.316 0.369009 0.232451 0.334677 0.233787 0.0969614 0.0990493
0.0076 1.282 0.367929 0.23043 0.333632 0.231779 0.0955058 0.0975703
0.0079 1.244 0.366774 0.227762 0.332487 0.229145 0.0937062 0.0957294
0.0184 1.084 0.376716 0.187047 0.335134 0.191984 0.072861 0.0725084
0.0188 1.065 0.376709 0.185879 0.334905 0.190932 0.0720409 0.0716141
0.0188 1.065 0.376709 0.185879 0.334905 0.190932 0.0720409 0.0716141
0.0188 1.065 0.376709 0.185879 0.334905 0.190932 0.0720409 0.0716141
0.0188 1.065 0.376709 0.185879 0.334905 0.190932 0.0720409 0.0716141
0.0188 1.065 0.376709 0.185879 0.334905 0.190932 0.0720409 0.0716141
0.0188 1.065 0.376709 0.185879 0.334905 0.190932 0.0720409 0.0716141
0.0188 1.065 0.376709 0.185879 0.334905 0.190932 0.0720409 0.0716141
0.0154 1.275 0.378319 0.197471 0.338009 0.201682 0.0804011 0.0805817
0.016 1.237 0.378049 0.195215 0.337444 0.199582 0.0788161 0.078883
0.0162 1.222 0.377869 0.194447 0.337194 0.198859 0.0782487 0.0782809
0.0162 1.222 0.377869 0.194447 0.337194 0.198859 0.0782487 0.0782809
0.0162 1.222 0.377869 0.194447 0.337194 0.198859 0.0782487 0.0782809
0.0162 1.222 0.377869 0.194447 0.337194 0.198859 0.0782487 0.0782809
0.0162 1.222 0.377869 0.194447 0.337194 0.198859 0.0782487 0.0782809
0.0162 1.222 0.377869 0.194447 0.337194 0.198859 0.0782487 0.0782809
0.0162 1.222 0.377869 0.194447 0.337194 0.198859 0.0782487 0.0782809
0.0163 1.213 0.377723 0.194043 0.337026 0.198472 0.0779346 0.0779512
0.0139 1.797 0.392371 0.211302 0.350493 0.215831 0.093887 0.0940848
0.014 1.612 0.387065 0.207712 0.346027 0.212002 0.0898544 0.0901351
0.014 1.6 0.386692 0.207494 0.34572 0.211764 0.0895937 0.0898821
0.014 1.6 0.386692 0.207494 0.34572 0.211764 0.0895937 0.0898821
0.014 1.6 0.386692 0.207494 0.34572 0.211764 0.0895937 0.0898821
0.014 1.59 0.386379 0.207312 0.345463 0.211564 0.0893757 0.0896706
0.014 1.538 0.384729 0.206363 0.344112 0.210524 0.0882342 0.0885637
0.0141 1.481 0.383062 0.205008 0.342676 0.209108 0.0868233 0.0871667
0.0141 1.431 0.381392 0.204091 0.341323 0.20809 0.0857 0.0860807
0.0142 1.387 0.380071 0.202971 0.340185 0.206922 0.0845552 0.0849446
0.0144 1.353 0.379255 0.20174 0.339391 0.205704 0.0834966 0.0838623
0.0151 1.301 0.378702 0.198764 0.338493 0.202911 0.081372 0.0816043
0.0139 2.432 0.407974 0.22102 0.363521 0.226327 0.105222 0.105133
0.0139 2.432 0.407974 0.22102 0.363521 0.226327 0.105222 0.105133
0.0139 2.426 0.407846 0.220938 0.363413 0.226238 0.105127 0.10504
0.0139 2.311 0.405332 0.219333 0.361302 0.224511 0.103273 0.10323
0.0139 2.179 0.402298 0.217414 0.358758 0.222444 0.101048 0.101059
0.0263 1.138 0.395391 0.174105 0.342767 0.183539 0.0678124 0.0654416
0.0268 1.117 0.395541 0.173093 0.342545 0.182715 0.0670567 0.0645968
0.0271 1.106 0.39569 0.172515 0.342451 0.182257 0.0666384 0.0641236
0.0271 1.104 0.395603 0.172486 0.342396 0.182218 0.0665961 0.0640841
0.0271 1.104 0.395603 0.172486 0.342396 0.182218 0.0665961 0.0640841
0.0244 1.427 0.402311 0.18129 0.34876 0.190737 0.0749703 0.0727381
0.0244 1.334 0.39903 0.179875 0.346503 0.189013 0.0731179 0.0709747
0.0246 1.285 0.39764 0.178811 0.345408 0.187888 0.0719754 0.0698346
0.0246 1.278 0.397376 0.178704 0.34523 0.187755 0.0718321 0.0696989
0.0246 1.278 0.397376 0.178704 0.34523 0.187755 0.0718321 0.0696989
0.0246 1.278 0.397376 0.178704 0.34523 0.187755 0.0718321 0.0696989
0.0246 1.278 0.397376 0.178704 0.34523 0.187755 0.0718321 0.0696989
0.0246 1.278 0.397376 0.178704 0.34523 0.187755 0.0718321 0.0696989
0.0244 2 0.418685 0.189039 0.360336 0.199923 0.0847748 0.0821414
0.0244 1.841 0.414638 0.187066 0.357451 0.197605 0.0823043 0.0797664
0.0244 1.765 0.412602 0.186082 0.356002 0.196445 0.0810684 0.0785791
0.0244 1.763 0.412547 0.186055 0.355963 0.196414 0.0810352 0.0785472
0.0244 1.763 0.412547 0.186055 0.355963 0.196414 0.0810352 0.0785472
0.0244 1.763 0.412547 0.186055 0.355963 0.196414 0.0810352 0.0785472
0.0244 1.763 0.412547 0.186055 0.355963 0.196414 0.0810352 0.0785472
0.0244 1.763 0.412547 0.186055 0.355963 0.196414 0.0810352 0.0785472
0.0244 1.763 0.412547 0.186055 0.355963 0.196414 0.0810352 0.0785472
0.0244 1.743 0.411996 0.185789 0.35557 0.1961 0.0807009 0.0782261
0.0244 3.146 0.43973 0.200084 0.375651 0.212605 0.098265 0.0951862
0.0244 2.797 0.434369 0.197179 0.371717 0.209304 0.0947558 0.0917844
0.0244 2.764 0.433823 0.196886 0.371317 0.20897 0.0944006 0.0914403
0.0244 2.764 0.433823 0.196886 0.371317 0.20897 0.0944006 0.0914403
0.0244 2.764 0.433823 0.196886 0.371317 0.20897 0.0944006 0.0914403
0.0244 2.748 0.433556 0.196743 0.371121 0.208807 0.0942268 0.091272
0.0244 2.655 0.431967 0.195894 0.36996 0.207838 0.0931967 0.0902745
0.0244 2.552 0.430135 0.194923 0.368623 0.206727 0.0920147 0.0891308
0.0244 2.458 0.428391 0.194008 0.367354 0.205677 0.090897 0.0880499
0.0244 2.37 0.426687 0.193124 0.366118 0.204658 0.089813 0.0870026
0.0244 2.287 0.425012 0.192263 0.364906 0.203663 0.0887541 0.0859804
0.0244 2.102 0.421032 0.190235 0.362032 0.201311 0.0862509 0.0835655
0.0244 4.255 0.453011 0.207462 0.385467 0.22094 0.107117 0.103785
0.0244 4.255 0.453011 0.207462 0.385467 0.22094 0.107117 0.103785
0.0244 4.243 0.45289 0.207394 0.385377 0.220863 0.107035 0.103705
0.0244 4.043 0.450812 0.206225 0.383837 0.21955 0.105637 0.102346
0.0244 3.812 0.448257 0.204794 0.381945 0.217938 0.103924 0.100681
0.0345 1.49 0.425571 0.168197 0.355607 0.184306 0.0696497 0.0650849
0.0345 1.42 0.423269 0.167362 0.354205 0.183212 0.0684727 0.0639659
0.0345 1.361 0.421218 0.166636 0.352964 0.182251 0.06744 0.0629862
0.0346 1.312 0.419644 0.165909 0.351945 0.181384 0.0665067 0.0620787
0.0347 1.286 0.418876 0.16547 0.351415 0.180895 0.0659809 0.0615578
0.0345 2.023 0.439781 0.173744 0.36445 0.191367 0.0772521 0.0723551
0.0345 1.892 0.436689 0.172497 0.362509 0.1898 0.0755636 0.0707361
0.0345 1.799 0.434359 0.171579 0.361054 0.188636 0.0743102 0.0695368
0.0345 1.777 0.433791 0.171355 0.360699 0.188352 0.0740041 0.0692438
0.0345 1.777 0.433791 0.171355 0.360699 0.188352 0.0740041 0.0692438
0.0345 1.777 0.433791 0.171355 0.360699 0.188352 0.0740041 0.0692438
0.0345 1.777 0.433791 0.171355 0.360699 0.188352 0.0740041 0.0692438
0.0345 1.777 0.433791 0.171355 0.360699 0.188352 0.0740041 0.0692438
0.0345 2.836 0.45436 0.179947 0.373725 0.198988 0.0854971 0.0802958
0.0345 2.611 0.450893 0.178431 0.371506 0.197147 0.0834983 0.0783661
0.0345 2.503 0.449098 0.177656 0.37036 0.196201 0.0824729 0.0773774
0.0345 2.5 0.449046 0.177634 0.370328 0.196175 0.0824438 0.0773493
0.0345 2.5 0.449046 0.177634 0.370328 0.196175 0.0824438 0.0773493
0.0345 2.5 0.449046 0.177634 0.370328 0.196175 0.0824438 0.0773493
0.0345 2.5 0.449046 0.177634 0.370328 0.196175 0.0824438 0.0773493
0.0345 2.5 0.449046 0.177634 0.370328 0.196175 0.0824438 0.0773493
0.0345 2.5 0.449046 0.177634 0.370328 0.196175 0.0824438 0.0773493
0.0345 2.471 0.448547 0.177421 0.37001 0.195913 0.0821601 0.077076
0.0345 4.46 0.47213 0.187986 0.385188 0.208615 0.0960064 0.0904742
0.0345 3.966 0.46772 0.185955 0.382338 0.206207 0.0933619 0.0879084
0.0345 3.918 0.467255 0.185742 0.382037 0.205954 0.0930844 0.0876393
0.0345 3.918 0.467255 0.185742 0.382037 0.205954 0.0930844 0.0876393
0.0345 3.918 0.467255 0.185742 0.382037 0.205954 0.0930844 0.0876393
0.0345 3.896 0.46704 0.185643 0.381898 0.205836 0.0929559 0.0875147
0.0345 3.764 0.465714 0.185038 0.381041 0.205113 0.0921659 0.0867488
0.0345 3.619 0.46419 0.184343 0.380054 0.204282 0.0912593 0.0858703
0.0345 3.485 0.46271 0.183671 0.379097 0.203477 0.0903827 0.0850211
0.0345 3.361 0.461276 0.183024 0.378171 0.202699 0.0895357 0.084201
0.0345 3.244 0.459859 0.182388 0.377257 0.201934 0.0887027 0.0833949
0.0345 2.981 0.456421 0.180857 0.375047 0.200089 0.0866944 0.0814529
0.0345 6.033 0.482852 0.193011 0.392138 0.214538 0.102525 0.0968103
0.0345 6.033 0.482852 0.193011 0.392138 0.214538 0.102525 0.0968103
0.0345 6.015 0.48275 0.192963 0.392072 0.214481 0.102462 0.0967495
0.0345 5.731 0.48109 0.192178 0.390993 0.213557 0.101445 0.0957599
0.0345 5.402 0.479031 0.191207 0.389657 0.212415 0.100189 0.0945376
0.0487 2.099 0.469428 0.156988 0.368763 0.185003 0.0696286 0.0622037
0.0487 1.999 0.467486 0.156384 0.367732 0.184202 0.0686805 0.0612849
0.0487 1.916 0.465668 0.15584 0.366772 0.183465 0.0678129 0.0604466
0.0487 1.843 0.463999 0.155354 0.365895 0.182795 0.0670301 0.0596917
0.0487 1.788 0.462703 0.154974 0.365212 0.182273 0.0664198 0.0591029
0.0487 2.852 0.481179 0.160725 0.375013 0.189899 0.0754584 0.067864
0.0487 2.666 0.478706 0.159916 0.373695 0.188854 0.0742067 0.0666456
0.0487 2.535 0.476821 0.159307 0.372691 0.188063 0.0732613 0.0657265
0.0487 2.505 0.476371 0.159163 0.372452 0.187874 0.0730368 0.0655084
0.0487 2.504 0.476356 0.159158 0.372444 0.187868 0.0730293 0.0655011
0.0487 2.504 0.476356 0.159158 0.372444 0.187868 0.0730293 0.0655011
0.0487 2.504 0.476356 0.159158 0.372444 0.187868 0.0730293 0.0655011
0.0487 2.504 0.476356 0.159158 0.372444 0.187868 0.0730293 0.0655011
0.0487 3.996 0.492695 0.164585 0.381144 0.194793 0.0814156 0.073678
0.0487 3.678 0.489995 0.163667 0.379709 0.193641 0.0800002 0.0722943
0.0487 3.525 0.488582 0.163189 0.378957 0.193039 0.0792628 0.0715739
0.0487 3.522 0.488553 0.163179 0.378941 0.193027 0.0792479 0.0715593
0.0487 3.522 0.488553 0.163179 0.378941 0.193027 0.0792479 0.0715593
0.0487 3.522 0.488553 0.163179 0.378941 0.193027 0.0792479 0.0715593
0.0487 3.522 0.488553 0.163179 0.378941 0.193027 0.0792479 0.0715593
0.0487 3.522 0.488553 0.163179 0.378941 0.193027 0.0792479 0.0715593
0.0487 3.522 0.488553 0.163179 0.378941 0.193027 0.0792479 0.0715593
0.0487 3.481 0.488159 0.163046 0.378732 0.19286 0.0790432 0.0713594
0.0486 6.281 0.505941 0.169381 0.388245 0.200623 0.0886702 0.0808042
0.0486 5.585 0.502663 0.168232 0.386523 0.199216 0.0868936 0.0790597
0.0486 5.517 0.502313 0.16811 0.386338 0.199066 0.0867049 0.0788745
0.0486 5.517 0.502313 0.16811 0.386338 0.199066 0.0867049 0.0788745
0.0486 5.517 0.502313 0.16811 0.386338 0.199066 0.0867049 0.0788745
0.0486 5.485 0.502147 0.168051 0.386251 0.198994 0.0866151 0.0787864
0.0486 5.301 0.501164 0.167708 0.385732 0.198572 0.0860852 0.0782666
0.0486 5.097 0.500018 0.167309 0.385127 0.19808 0.0854696 0.0776628
0.0486 4.908 0.498899 0.166919 0.384535 0.197599 0.0848702 0.0770752
0.0486 4.734 0.497815 0.166543 0.383961 0.197133 0.0842912 0.0765078
0.0487 4.569 0.496896 0.166029 0.383373 0.196594 0.0836371 0.0758524
0.0487 4.202 0.494296 0.165132 0.381993 0.195478 0.0822586 0.0745026
0.0486 8.496 0.513763 0.17214 0.392314 0.203978 0.0929605 0.0850246
0.0486 8.496 0.513763 0.17214 0.392314 0.203978 0.0929605 0.0850246
0.0486 8.471 0.513691 0.172114 0.392277 0.203947 0.0929206 0.0849852
0.0486 8.072 0.512497 0.171691 0.391661 0.20344 0.0922608 0.0843354
0.0486 7.608 0.511003 0.171163 0.390887 0.2028 0.0914378 0.0835254
0.0766 3.301 0.530152 0.130838 0.376966 0.176228 0.0618749 0.0517397
0.0766 3.146 0.528955 0.13064 0.376597 0.176022 0.0613452 0.0511962
0.0766 3.015 0.527871 0.13046 0.37626 0.175833 0.0608679 0.050707
0.0766 2.901 0.526868 0.130293 0.375946 0.175657 0.0604286 0.050257
0.0766 2.813 0.526051 0.130157 0.375687 0.175513 0.0600729 0.0498928
0.0765 4.482 0.536869 0.132078 0.378966 0.177408 0.0650502 0.055012
0.0765 4.19 0.535458 0.131843 0.378577 0.177191 0.0643965 0.0543374
0.0765 3.984 0.534364 0.131662 0.378266 0.177017 0.0638945 0.05382
0.0765 3.936 0.534097 0.131618 0.378189 0.176973 0.0637721 0.053694
0.0765 3.935 0.534091 0.131617 0.378188 0.176972 0.0637696 0.0536913
0.0765 3.935 0.534091 0.131617 0.378188 0.176972 0.0637696 0.0536913
0.0765 3.935 0.534091 0.131617 0.378188 0.176972 0.0637696 0.0536913
0.0765 3.935 0.534091 0.131617 0.378188 0.176972 0.0637696 0.0536913
0.0765 6.282 0.543161 0.133094 0.380551 0.178287 0.0680499 0.0581204
0.0765 5.78 0.541718 0.132866 0.380212 0.1781 0.0673495 0.0573927
0.0765 5.539 0.540956 0.132744 0.380027 0.177997 0.0669821 0.0570114
0.0765 5.533 0.540936 0.132741 0.380022 0.177995 0.0669726 0.0570016
0.0765 5.533 0.540936 0.132741 0.380022 0.177995 0.0669726 0.0570016
0.0765 5.533 0.540936 0.132741 0.380022 0.177995 0.0669726 0.0570016
0.0765 5.533 0.540936 0.132741 0.380022 0.177995 0.0669726 0.0570016
0.0765 5.533 0.540936 0.132741 0.380022 0.177995 0.0669726 0.0570016
0.0765 5.533 0.540936 0.132741 0.380022 0.177995 0.0669726 0.0570016
0.0765 5.47 0.540728 0.132708 0.379971 0.177966 0.0668727 0.0568979
0.0764 9.871 0.54977 0.13422 0.381895 0.179076 0.0714938 0.0617187
0.0765 8.772 0.548294 0.133876 0.381595 0.178856 0.0706085 0.0607906
0.0765 8.666 0.548125 0.133851 0.381566 0.178841 0.0705221 0.0607001
0.0765 8.666 0.548125 0.133851 0.381566 0.178841 0.0705221 0.0607001
0.0765 8.666 0.548125 0.133851 0.381566 0.178841 0.0705221 0.0607001
0.0765 8.617 0.548046 0.13384 0.381552 0.178834 0.0704817 0.0606577
0.0765 8.328 0.547564 0.133769 0.381465 0.178788 0.0702361 0.0604006
0.0765 8.008 0.546996 0.133685 0.381359 0.178732 0.0699487 0.0601
0.0765 7.714 0.546441 0.133601 0.381251 0.178674 0.0696695 0.0598082
0.0765 7.441 0.545894 0.133518 0.381142 0.178614 0.0693963 0.059523
0.0765 7.18 0.545341 0.133434 0.381029 0.178552 0.0691213 0.059236
0.0764 6.597 0.543862 0.133336 0.380765 0.178468 0.0685135 0.0586034
0.0765 13.359 0.553393 0.134553 0.382259 0.179168 0.073299 0.0636243
0.0765 13.359 0.553393 0.134553 0.382259 0.179168 0.073299 0.0636243
0.0765 13.322 0.553365 0.13455 0.382258 0.179168 0.0732835 0.0636079
0.0765 12.69 0.552865 0.134492 0.382223 0.179157 0.073009 0.0633167
0.0765 11.965 0.552237 0.134417 0.382171 0.179138 0.0726672 0.0629549
0.1176 5.071 0.583677 0.0944984 0.369717 0.146365 0.0459387 0.0359575
0.1176 4.832 0.583474 0.0945429 0.370071 0.146663 0.0457258 0.0356979
0.1176 4.631 0.583278 0.0945803 0.370378 0.146927 0.0455325 0.0354632
0.1176 4.454 0.583082 0.0946128 0.370655 0.147168 0.0453503 0.0352425
0.1176 4.32 0.582917 0.094637 0.370869 0.147357 0.045204 0.0350658
0.1176 6.89 0.584494 0.0941578 0.367342 0.144468 0.0471394 0.0374422
0.1176 6.44 0.584377 0.0942438 0.367885 0.144888 0.046896 0.0371379
0.1176 6.122 0.584265 0.0943034 0.368284 0.145202 0.0467052 0.0369008
0.1176 6.048 0.584236 0.0943172 0.368379 0.145277 0.0466585 0.0368429
0.1176 6.047 0.584236 0.0943174 0.36838 0.145278 0.0466578 0.0368421
0.1176 6.047 0.584236 0.0943174 0.36838 0.145278 0.0466578 0.0368421
0.1176 6.047 0.584236 0.0943174 0.36838 0.145278 0.0466578 0.0368421
0.1176 6.047 0.584236 0.0943174 0.36838 0.145278 0.0466578 0.0368421
0.1176 9.652 0.584582 0.0936688 0.364507 0.142374 0.0481883 0.0387807
0.1176 8.881 0.584628 0.0937964 0.365222 0.14289 0.0479527 0.0384756
0.1176 8.509 0.584637 0.0938602 0.365586 0.143156 0.0478262 0.0383129
0.1176 8.501 0.584637 0.0938615 0.365594 0.143162 0.0478234 0.0383093
0.1176 8.501 0.584637 0.0938615 0.365594 0.143162 0.0478234 0.0383093
0.1176 8.501 0.584637 0.0938615 0.365594 0.143162 0.0478234 0.0383093
0.1176 8.501 0.584637 0.0938615 0.365594 0.143162 0.0478234 0.0383093
0.1176 8.501 0.584637 0.0938615 0.365594 0.143162 0.0478234 0.0383093
0.1176 8.501 0.584637 0.0938615 0.365594 0.143162 0.0478234 0.0383093
0.1176 8.404 0.584637 0.0938784 0.365691 0.143233 0.0477887 0.0382648
0.1175 15.177 0.583544 0.0929523 0.360529 0.139702 0.0492508 0.0401915
0.1175 13.486 0.583916 0.0931764 0.361603 0.140419 0.049029 0.0398821
0.1175 13.321 0.583952 0.0931993 0.361714 0.140493 0.0490048 0.0398487
0.1175 13.321 0.583952 0.0931993 0.361714 0.140493 0.0490048 0.0398487
0.1175 13.321 0.583952 0.0931993 0.361714 0.140493 0.0490048 0.0398487
0.1175 13.245 0.583969 0.09321 0.361766 0.140528 0.0489934 0.039833
0.1175 12.798 0.584064 0.0932734 0.362076 0.140737 0.0489242 0.039738
0.1175 12.305 0.584166 0.0933449 0.362428 0.140976 0.0488424 0.0396263
0.1175 11.855 0.584255 0.0934116 0.362761 0.141203 0.0487618 0.039517
0.1175 11.435 0.584325 0.0934741 0.363081 0.141423 0.0486782 0.0394051
0.1175 11.035 0.584381 0.093534 0.363393 0.141641 0.0485906 0.0392891
0.1176 20.541 0.582521 0.0922806 0.357694 0.137773 0.0497293 0.0408939
0.1176 20.541 0.582521 0.0922806 0.357694 0.137773 0.0497293 0.0408939
0.1176 20.483 0.582531 0.0922862 0.35772 0.13779 0.0497243 0.0408868
0.1176 19.513 0.582703 0.0923808 0.358165 0.138085 0.04964 0.0407672
0.1175 18.389 0.582871 0.0925789 0.35877 0.13854 0.049587 0.0406673
0.1581 6.819 0.607698 0.0681247 0.348591 0.109884 0.0323499 0.0243908
0.1581 6.496 0.608341 0.0682352 0.34943 0.110337 0.0322648 0.0242534
0.1581 6.224 0.608898 0.0683317 0.35017 0.110741 0.0321858 0.0241275
0.1581 5.987 0.609398 0.0684188 0.350844 0.11111 0.0321115 0.0240102
0.1581 5.81 0.609781 0.0684857 0.351366 0.111397 0.0320523 0.0239174
0.1581 9.262 0.603422 0.0673907 0.343361 0.107115 0.0327875 0.0251402
0.1581 8.658 0.604393 0.0675585 0.344503 0.107712 0.0327049 0.0249916
0.1581 8.229 0.605115 0.0676832 0.345367 0.108167 0.0326378 0.0248737
0.1581 8.13 0.605285 0.0677125 0.345574 0.108276 0.0326211 0.0248448
0.1581 8.129 0.605287 0.0677128 0.345576 0.108277 0.0326209 0.0248445
0.1581 8.129 0.605287 0.0677128 0.345576 0.108277 0.0326209 0.0248445
0.1581 8.129 0.605287 0.0677128 0.345576 0.108277 0.0326209 0.0248445
0.1581 8.129 0.605287 0.0677128 0.345576 0.108277 0.0326209 0.0248445
0.1581 12.978 0.598399 0.066541 0.337744 0.104237 0.0331031 0.0257659
0.1581 11.938 0.599675 0.0667559 0.339108 0.104922 0.0330458 0.0256363
0.1581 11.437 0.600322 0.0668646 0.339817 0.105282 0.0330107 0.0255629
0.1581 11.426 0.600336 0.066867 0.339833 0.10529 0.0330098 0.0255611
0.1581 11.426 0.600336 0.066867 0.339833 0.10529 0.0330098 0.0255611
0.1581 11.426 0.600336 0.066867 0.339833 0.10529 0.0330098 0.0255611
0.1581 11.426 0.600336 0.066867 0.339833 0.10529 0.0330098 0.0255611
0.1581 11.426 0.600336 0.066867 0.339833 0.10529 0.0330098 0.0255611
0.1581 11.426 0.600336 0.066867 0.339833 0.10529 0.0330098 0.0255611
0.1581 11.296 0.600507 0.0668958 0.340023 0.105387 0.0329995 0.0255404
0.1581 20.404 0.591351 0.0653542 0.330477 0.100655 0.033323 0.0263575
0.1581 18.128 0.593202 0.0656657 0.332369 0.101584 0.0332709 0.0262094
0.1581 17.908 0.593393 0.0656979 0.332564 0.10168 0.0332656 0.0261942
0.1581 17.908 0.593393 0.0656979 0.332564 0.10168 0.0332656 0.0261942
0.1581 17.908 0.593393 0.0656979 0.332564 0.10168 0.0332656 0.0261942
0.1581 17.806 0.593482 0.065713 0.332656 0.101724 0.0332631 0.0261871
0.1581 17.214 0.594011 0.0658021 0.333196 0.10199 0.0332484 0.0261449
0.1581 16.552 0.594625 0.0659054 0.333824 0.102298 0.0332309 0.0260956
0.1581 15.948 0.595205 0.0660031 0.33442 0.102591 0.0332139 0.0260483
0.1581 15.382 0.595769 0.066098 0.334999 0.102877 0.0331967 0.0260015
0.1581 14.845 0.596322 0.0661911 0.335571 0.103158 0.0331791 0.0259546
0.2505 14.675 0.566199 0.0334637 0.262106 0.040523 0.0136527 0.0105434
0.2505 13.715 0.568881 0.0336463 0.263783 0.0408803 0.0136622 0.0105164
0.2504 13.031 0.570999 0.033809 0.265153 0.041203 0.013681 0.0105036
0.2504 12.873 0.571489 0.0338422 0.265461 0.041269 0.0136821 0.0104979
0.2504 12.87 0.571498 0.0338428 0.265467 0.0412703 0.0136821 0.0104978
0.2504 12.87 0.571498 0.0338428 0.265467 0.0412703 0.0136821 0.0104978
0.2504 12.87 0.571498 0.0338428 0.265467 0.0412703 0.0136821 0.0104978
0.2504 12.87 0.571498 0.0338428 0.265467 0.0412703 0.0136821 0.0104978
0.2501 20.535 0.553378 0.032659 0.254292 0.0389748 0.013643 0.0106964
0.2502 18.893 0.556548 0.0328582 0.256224 0.0393584 0.0136457 0.0106588
0.2503 18.105 0.558129 0.0329483 0.257167 0.0395306 0.0136409 0.0106352
0.2503 18.086 0.55817 0.0329511 0.257192 0.039536 0.0136411 0.0106348
0.2503 18.086 0.55817 0.0329511 0.257192 0.039536 0.0136411 0.0106348
0.2503 18.086 0.55817 0.0329511 0.257192 0.039536 0.0136411 0.0106348
0.2503 18.086 0.55817 0.0329511 0.257192 0.039536 0.0136411 0.0106348
0.2503 18.086 0.55817 0.0329511 0.257192 0.039536 0.0136411 0.0106348
0.2503 18.086 0.55817 0.0329511 0.257192 0.039536 0.0136411 0.0106348
0.2503 17.882 0.558611 0.0329815 0.257467 0.0395943 0.0136433 0.0106311
0.2497 32.238 0.53705 0.0315868 0.244456 0.0370106 0.0135533 0.0108052
0.25 28.65 0.541014 0.0318131 0.246743 0.0374061 0.0135595 0.0107691
0.25 28.303 0.541453 0.031844 0.247009 0.0374614 0.013564 0.0107682
0.25 28.303 0.541453 0.031844 0.247009 0.0374614 0.013564 0.0107682
0.25 28.303 0.541453 0.031844 0.247009 0.0374614 0.013564 0.0107682
0.25 28.146 0.541653 0.0318581 0.24713 0.0374867 0.0135661 0.0107678
0.25 27.209 0.542876 0.0319441 0.247872 0.0376413 0.0135786 0.0107653
0.2501 26.174 0.544194 0.0320192 0.248634 0.0377737 0.0135795 0.010752
0.2501 25.228 0.545535 0.0321137 0.24945 0.0379451 0.0135922 0.0107481
0.2502 24.339 0.546776 0.0321832 0.25017 0.0380706 0.0135905 0.0107328
