0 0 0 2.25668 0.0012601 0.000322302
0 0 1 1.50409 0.00089555 0.000267343
0 0 2 1.07868 0.000684034 0.000228955
0 0 3 0.725461 0.00152061 0.000346132
0 0 4 0.428915 0.00541266 0.000589868
0 0 5 0.244402 0.0338389 0.00326445
0 0 6 0.585056 0.33853 0
0 0 7 0 0 0
0 0 8 0 0 0
0 0 9 0 0 0
0 0 10 0 0 0
0 0 11 0 0 0
1 0 0 2.53889 0.00145152 0.000350655
1 0 1 1.82014 0.00110392 0.000304698
1 0 2 1.25098 0.000805445 0.000264765
1 0 3 0.976582 0.00209787 0.000437423
1 0 4 0.675222 0.00970367 0.000960052
1 0 5 1.4036 0.607584 0.0236182
1 0 6 1.96691 1.24706 0
1 0 7 0 0 0
1 0 8 0 0 0
1 0 9 0 0 0
1 0 10 0 0 0
1 0 11 0 0 0
0 1 0 2.32522 0.000357594 0.000117152
0 1 1 1.59242 0.000248283 9.59467e-05
0 1 2 1.11574 0.000178478 7.50737e-05
0 1 3 0.807954 0.000176043 7.3711e-05
0 1 4 0.574639 0.000191912 7.07046e-05
0 1 5 0.421627 0.000247282 0.000107519
0 1 6 0.323318 0.000264716 0.000109226
0 1 7 0.24498 0.000311348 0.00011251
0 1 8 0.196556 0.000355141 0.000131102
0 1 9 0.145783 0.000378488 0.000141551
0 1 10 0.121348 0.000370424 0.000146375
0 1 11 0.0699568 0.000150295 0.000138053
1 1 0 2.65572 0.000405199 0.000126993
1 1 1 1.85439 0.000289843 0.000105867
1 1 2 1.32664 0.000208779 8.37285e-05
1 1 3 0.978185 0.000204273 8.02571e-05
1 1 4 0.75309 0.000240902 8.54943e-05
1 1 5 0.552044 0.000314188 0.00012452
1 1 6 0.378393 0.000293971 0.000104784
1 1 7 0.301602 0.000342976 0.00012805
1 1 8 0.232118 0.00040892 0.000141742
1 1 9 0.222181 0.000515644 0.000156737
1 1 10 0.153079 0.000421735 0.00013986
1 1 11 0.117639 0.000251258 0.00014993
0 2 0 2.30566 0.000393659 0.000105863
0 2 1 1.61503 0.000235658 8.32668e-05
0 2 2 1.13663 0.000159925 5.96077e-05
0 2 3 0.8022 0.000119736 5.09767e-05
0 2 4 0.581885 9.93952e-05 4.47322e-05
0 2 5 0.411391 8.58014e-05 5.04334e-05
0 2 6 0.330526 8.0148e-05 4.98309e-05
0 2 7 0.250131 7.40406e-05 4.4792e-05
0 2 8 0.184907 6.73519e-05 4.0895e-05
0 2 9 0.136428 5.92872e-05 3.78608e-05
0 2 10 0.118775 6.57259e-05 4.18374e-05
0 2 11 0.0845143 3.32582e-05 3.70358e-05
1 2 0 2.6737 0.000445015 0.000113434
1 2 1 1.91053 0.000269596 8.99624e-05
1 2 2 1.37716 0.000186452 6.63979e-05
1 2 3 1.00584 0.00014435 5.72722e-05
1 2 4 0.764162 0.000125775 5.31797e-05
1 2 5 0.567361 0.000113215 6.04112e-05
1 2 6 0.44568 0.000104252 5.61787e-05
1 2 7 0.351516 0.000102867 5.31738e-05
1 2 8 0.258252 8.80766e-05 4.71212e-05
1 2 9 0.209674 8.91074e-05 4.66033e-05
1 2 10 0.162776 8.53856e-05 4.72245e-05
1 2 11 0.097271 3.83542e-05 3.40019e-05
0 3 0 2.38021 0.00069742 0.000140078
0 3 1 1.57087 0.00031635 9.48695e-05
0 3 2 1.10954 0.000190306 6.15676e-05
0 3 3 0.768929 0.000124761 4.94905e-05
0 3 4 0.573938 9.80605e-05 4.24392e-05
0 3 5 0.409748 7.60674e-05 4.07162e-05
0 3 6 0.295206 5.77864e-05 3.49084e-05
0 3 7 0.214289 4.57851e-05 2.77874e-05
0 3 8 0.177235 4.18369e-05 2.76578e-05
0 3 9 0.139864 3.67269e-05 2.71039e-05
0 3 10 0.106195 3.14936e-05 2.77335e-05
0 3 11 0.0715194 1.32539e-05 1.97208e-05
1 3 0 2.78615 0.000781562 0.000149433
1 3 1 1.93789 0.00038002 0.000108436
1 3 2 1.43183 0.000239783 7.32169e-05
1 3 3 1.06055 0.000167962 6.21051e-05
1 3 4 0.77754 0.000128683 5.07634e-05
1 3 5 0.610343 0.000110081 5.40213e-05
1 3 6 0.444417 8.43676e-05 4.51757e-05
1 3 7 0.31815 6.51299e-05 3.45072e-05
1 3 8 0.273498 6.22723e-05 3.57572e-05
1 3 9 0.217079 5.65027e-05 3.37567e-05
1 3 10 0.148394 4.17274e-05 2.83148e-05
1 3 11 0.120514 2.43529e-05 2.39238e-05
0 4 0 2.23214 0.000688182 0.0001329
0 4 1 1.53966 0.00029464 9.05346e-05
0 4 2 1.08796 0.000152092 5.39478e-05
0 4 3 0.763943 8.95574e-05 4.04356e-05
0 4 4 0.539828 5.96833e-05 3.16955e-05
0 4 5 0.388318 4.19879e-05 2.79743e-05
0 4 6 0.288555 3.08761e-05 2.42871e-05
0 4 7 0.220757 2.47819e-05 1.99929e-05
0 4 8 0.161261 1.84474e-05 1.71006e-05
0 4 9 0.123743 1.47699e-05 1.51536e-05
0 4 10 0.0924429 1.12886e-05 1.37641e-05
0 4 11 0.0641263 4.3456e-06 9.80587e-06
1 4 0 2.7703 0.000828541 0.000149631
1 4 1 2.04474 0.000382396 0.000108314
1 4 2 1.43708 0.000193382 6.30915e-05
1 4 3 1.09235 0.000125378 5.17394e-05
1 4 4 0.816152 8.81912e-05 4.11625e-05
1 4 5 0.616389 6.62409e-05 3.82908e-05
1 4 6 0.459539 4.80502e-05 3.23078e-05
1 4 7 0.35755 3.9199e-05 2.67786e-05
1 4 8 0.287437 3.29977e-05 2.43567e-05
1 4 9 0.217213 2.56752e-05 2.10799e-05
1 4 10 0.169157 2.06588e-05 1.94568e-05
1 4 11 0.129828 1.03242e-05 1.59197e-05
0 5 0 2.28202 0.00122408 0.000185025
0 5 1 1.48859 0.00041065 0.000108278
0 5 2 1.02473 0.000182153 5.8134e-05
0 5 3 0.718076 9.80792e-05 4.19798e-05
0 5 4 0.515011 5.8885e-05 3.064e-05
0 5 5 0.367572 3.70809e-05 2.48142e-05
0 5 6 0.246946 2.22611e-05 1.82861e-05
0 5 7 0.193456 1.65211e-05 1.47978e-05
0 5 8 0.143154 1.19379e-05 1.22275e-05
0 5 9 0.108061 8.75522e-06 1.045e-05
0 5 10 0.0797599 6.22453e-06 9.20192e-06
0 5 11 0.0539242 2.26182e-06 6.16742e-06
1 5 0 2.87907 0.00151356 0.000211144
1 5 1 2.02301 0.000540608 0.000130901
1 5 2 1.50319 0.000263299 7.42931e-05
1 5 3 1.10448 0.000148426 5.6837e-05
1 5 4 0.833285 9.38508e-05 4.15228e-05
1 5 5 0.633563 6.27315e-05 3.5756e-05
1 5 6 0.471752 4.23313e-05 2.88276e-05
1 5 7 0.361054 3.11032e-05 2.22933e-05
1 5 8 0.271022 2.2794e-05 1.81896e-05
1 5 9 0.215679 1.79937e-05 1.62142e-05
1 5 10 0.161246 1.29858e-05 1.40223e-05
1 5 11 0.131983 6.58001e-06 1.10008e-05
0 6 0 2.18459 0.00473965 0.000380089
0 6 1 1.41854 0.00134783 0.000201649
0 6 2 0.993401 0.000546903 0.000104522
0 6 3 0.660088 0.000252088 6.91786e-05
0 6 4 0.446952 0.000132151 4.54777e-05
0 6 5 0.315628 7.60039e-05 3.39952e-05
0 6 6 0.217246 4.56282e-05 2.56914e-05
0 6 7 0.164512 3.15745e-05 1.83338e-05
0 6 8 0.12002 2.06002e-05 1.48892e-05
0 6 9 0.0865563 1.35339e-05 1.21647e-05
0 6 10 0.0576022 8.00053e-06 1.00265e-05
0 6 11 0.0446547 3.3667e-06 6.81168e-06
1 6 0 2.98042 0.00608402 0.000464476
1 6 1 2.06586 0.00188496 0.000267857
1 6 2 1.51753 0.000798467 0.000136476
1 6 3 1.15704 0.00043711 0.000101548
1 6 4 0.856656 0.000251711 7.01314e-05
1 6 5 0.622805 0.000150376 5.4304e-05
1 6 6 0.479107 0.000103345 4.55227e-05
1 6 7 0.35399 6.72133e-05 3.21675e-05
1 6 8 0.266213 4.64842e-05 2.54672e-05
1 6 9 0.199863 3.21812e-05 2.10586e-05
1 6 10 0.15099 2.30164e-05 1.79762e-05
1 6 11 0.12435 1.17932e-05 1.3799e-05
0 7 0 2.09591 0.0146669 0.000882913
0 7 1 1.33309 0.00354084 0.00040966
0 7 2 0.917226 0.00131984 0.000176628
0 7 3 0.630086 0.000578612 0.000116583
0 7 4 0.41027 0.000281112 6.72063e-05
0 7 5 0.286139 0.00015212 4.66557e-05
0 7 6 0.184111 8.59957e-05 3.54105e-05
0 7 7 0.151054 6.41351e-05 2.71145e-05
0 7 8 0.0931521 3.24736e-05 1.75714e-05
0 7 9 0.0810641 2.97605e-05 1.74079e-05
0 7 10 0.0476234 1.45845e-05 1.2858e-05
0 7 11 0.0381292 6.05619e-06 8.91549e-06
1 7 0 2.79871 0.0187484 0.00109173
1 7 1 2.01792 0.00521618 0.000547609
1 7 2 1.5486 0.00220849 0.000251495
1 7 3 1.05559 0.00094601 0.000162199
1 7 4 0.770266 0.000506521 0.000104411
1 7 5 0.606515 0.00032731 8.11003e-05
1 7 6 0.469389 0.000226082 6.65775e-05
1 7 7 0.373478 0.000160952 5.03381e-05
1 7 8 0.262966 9.80545e-05 3.78887e-05
1 7 9 0.206587 7.84833e-05 3.24216e-05
1 7 10 0.149482 5.35113e-05 2.62137e-05
1 7 11 0.117437 2.42358e-05 1.8251e-05
0 8 0 2.29245 0.0212343 0.00148774
0 8 1 1.21776 0.00369369 0.000489951
0 8 2 0.79119 0.00121078 0.000188194
0 8 3 0.583805 0.000606146 0.000130795
0 8 4 0.37709 0.000282171 7.65068e-05
0 8 5 0.23732 0.000132715 4.79819e-05
0 8 6 0.175407 8.57285e-05 3.56887e-05
0 8 7 0.128314 5.92004e-05 3.20063e-05
0 8 8 0.07667 3.60098e-05 2.15819e-05
0 8 9 0.0600125 3.48854e-05 2.54437e-05
0 8 10 0.0493306 2.49394e-05 2.49731e-05
0 8 11 0.0279035 7.00444e-06 1.17269e-05
1 8 0 2.86929 0.0252615 0.00158692
1 8 1 2.06016 0.0064387 0.000733726
1 8 2 1.53446 0.00242563 0.000308832
1 8 3 1.14664 0.00118071 0.000216868
1 8 4 0.80555 0.000592571 0.000127584
1 8 5 0.577989 0.000339904 8.90824e-05
1 8 6 0.434535 0.000221757 7.05823e-05
1 8 7 0.314281 0.000152196 5.77244e-05
1 8 8 0.259635 0.000129935 5.21491e-05
1 8 9 0.202876 0.000120247 5.92516e-05
1 8 10 0.169978 0.00010202 5.82595e-05
1 8 11 0.104995 3.34947e-05 3.04434e-05
