0 0 0 2.50492 0.000698052 0.000122436
0 0 1 1.71713 0.000474974 0.000101649
0 0 2 1.21619 0.00034025 8.62673e-05
0 0 3 0.862551 0.000309098 8.35244e-05
0 0 4 0.637434 0.000322578 8.76218e-05
0 0 5 0.5268 0.000434256 0.000153568
0 0 6 0.364757 0.000428182 0.000147259
0 0 7 0.310027 0.000682713 0.000207886
0 0 8 0.180273 0.000808706 0.000210301
0 0 9 0.17192 0.00338306 0.000512849
0 0 10 0 0 0
0 0 11 0 0 0
1 0 0 2.26503 0.000993018 0.000133318
1 0 1 1.56918 0.000717386 0.000114308
1 0 2 1.1395 0.000546663 0.000103561
1 0 3 0.809724 0.000470042 9.55531e-05
1 0 4 0.642471 0.000533163 0.000107612
1 0 5 0.503488 0.000619382 0.000172855
1 0 6 0.418529 0.00078079 0.000211435
1 0 7 0.337495 0.00106645 0.000244459
1 0 8 0.184938 0.00102354 0.000219687
1 0 9 0.258877 0.0101491 0.00121381
1 0 10 0 0 0
1 0 11 0 0 0
0 1 0 2.47074 0.000575314 0.000103272
0 1 1 1.67678 0.000254496 7.12694e-05
0 1 2 1.18439 0.000142339 4.45781e-05
0 1 3 0.897765 0.000103886 3.88134e-05
0 1 4 0.657544 7.56789e-05 3.23207e-05
0 1 5 0.469498 5.68109e-05 3.18698e-05
0 1 6 0.374459 4.87614e-05 3.12438e-05
0 1 7 0.269904 3.82321e-05 2.71975e-05
0 1 8 0.198671 2.96215e-05 2.45168e-05
0 1 9 0.161445 2.75602e-05 2.52976e-05
0 1 10 0.11387 2.05472e-05 2.19668e-05
0 1 11 0.0803071 8.61646e-06 1.79476e-05
1 1 0 2.50287 0.000870251 0.000122733
1 1 1 1.76671 0.000391827 8.68572e-05
1 1 2 1.29686 0.000224591 5.53967e-05
1 1 3 0.991902 0.000160431 4.80272e-05
1 1 4 0.723333 0.000113519 3.86075e-05
1 1 5 0.556217 9.17489e-05 3.9322e-05
1 1 6 0.441493 7.82505e-05 3.72295e-05
1 1 7 0.346394 6.41599e-05 3.54952e-05
1 1 8 0.281962 5.68827e-05 3.40677e-05
1 1 9 0.21656 4.76609e-05 3.23229e-05
1 1 10 0.167073 3.89621e-05 2.9212e-05
1 1 11 0.123019 1.90482e-05 2.67747e-05
0 2 0 2.38641 0.00155523 0.000159516
0 2 1 1.6691 0.000701274 0.000112019
0 2 2 1.18717 0.000352139 6.46204e-05
0 2 3 0.847704 0.000201885 5.09655e-05
0 2 4 0.627752 0.000125991 3.75232e-05
0 2 5 0.468096 8.18159e-05 3.33326e-05
0 2 6 0.35018 5.57161e-05 2.72691e-05
0 2 7 0.268189 3.95901e-05 2.16404e-05
0 2 8 0.201297 2.85189e-05 1.80786e-05
0 2 9 0.149557 1.98112e-05 1.58562e-05
0 2 10 0.113949 1.51603e-05 1.44793e-05
0 2 11 0.0846351 5.54485e-06 1.08429e-05
1 2 0 2.64356 0.00254271 0.000205066
1 2 1 1.90461 0.0011164 0.000145413
1 2 2 1.36773 0.000538742 8.29963e-05
1 2 3 1.08071 0.000332107 6.801e-05
1 2 4 0.78401 0.000193603 4.70358e-05
1 2 5 0.625975 0.000133334 4.29853e-05
1 2 6 0.472157 8.78938e-05 3.4793e-05
1 2 7 0.369045 6.39559e-05 2.73516e-05
1 2 8 0.274251 4.52219e-05 2.20566e-05
1 2 9 0.224122 3.58929e-05 2.0866e-05
1 2 10 0.180799 2.95087e-05 2.0209e-05
1 2 11 0.148037 1.36864e-05 1.60682e-05
0 3 0 2.41542 0.00332562 0.000230934
0 3 1 1.64734 0.00138385 0.00015272
0 3 2 1.21367 0.000717676 9.27414e-05
0 3 3 0.795709 0.000370467 6.54663e-05
0 3 4 0.604324 0.000240009 5.07548e-05
0 3 5 0.442077 0.000150983 4.32265e-05
0 3 6 0.326755 9.90316e-05 3.47463e-05
0 3 7 0.251079 6.79622e-05 2.61842e-05
0 3 8 0.202217 4.70645e-05 2.24698e-05
0 3 9 0.152494 3.1192e-05 1.887e-05
0 3 10 0.112039 1.98788e-05 1.55673e-05
0 3 11 0.080208 6.52222e-06 1.0363e-05
1 3 0 2.72445 0.00519862 0.000287895
1 3 1 1.95171 0.00219544 0.000201295
1 3 2 1.45597 0.00110742 0.00011733
1 3 3 1.06424 0.000595445 8.92217e-05
1 3 4 0.853993 0.00040191 6.95429e-05
1 3 5 0.622433 0.000246323 5.65054e-05
1 3 6 0.473249 0.000157623 4.54119e-05
1 3 7 0.368829 0.000110059 3.34779e-05
1 3 8 0.308068 7.87487e-05 2.87395e-05
1 3 9 0.232354 5.38287e-05 2.44042e-05
1 3 10 0.193112 3.98089e-05 2.16241e-05
1 3 11 0.159334 1.83751e-05 1.64564e-05
0 4 0 2.32791 0.00358548 0.000229089
0 4 1 1.59952 0.001459 0.000153382
0 4 2 1.1569 0.000709004 8.858e-05
0 4 3 0.780711 0.000375821 6.39048e-05
0 4 4 0.590914 0.000235593 4.88212e-05
0 4 5 0.43838 0.000149749 4.17967e-05
0 4 6 0.316163 9.41323e-05 3.27304e-05
0 4 7 0.252194 6.81848e-05 2.50762e-05
0 4 8 0.195332 4.5838e-05 2.09704e-05
0 4 9 0.147991 3.10902e-05 1.7823e-05
0 4 10 0.112956 2.08955e-05 1.50662e-05
0 4 11 0.0794869 6.602e-06 9.84615e-06
1 4 0 2.76951 0.00554826 0.000287146
1 4 1 2.02196 0.00230779 0.000203273
1 4 2 1.53884 0.00114615 0.000119974
1 4 3 1.13825 0.000642266 9.14353e-05
1 4 4 0.830199 0.000373177 6.3147e-05
1 4 5 0.625808 0.000233569 5.29832e-05
1 4 6 0.507348 0.000163681 4.56424e-05
1 4 7 0.378628 0.000106866 3.14909e-05
1 4 8 0.285125 6.88709e-05 2.51734e-05
1 4 9 0.231715 5.02099e-05 2.21948e-05
1 4 10 0.190071 3.67051e-05 1.94955e-05
1 4 11 0.160667 1.75722e-05 1.5107e-05
0 5 0 2.32965 0.00576082 0.000285901
0 5 1 1.59234 0.00211855 0.000178308
0 5 2 1.06206 0.00089906 9.57293e-05
0 5 3 0.757457 0.000492081 7.18816e-05
0 5 4 0.547488 0.000294705 5.01e-05
0 5 5 0.398351 0.000185828 4.28402e-05
0 5 6 0.300958 0.000123398 3.51118e-05
0 5 7 0.210764 7.3317e-05 2.38808e-05
0 5 8 0.181531 5.82286e-05 2.22032e-05
0 5 9 0.124916 3.63191e-05 1.64197e-05
0 5 10 0.0943183 2.36016e-05 1.45556e-05
0 5 11 0.0653451 7.64919e-06 9.04495e-06
1 5 0 2.89027 0.00872504 0.000359345
1 5 1 2.09228 0.00321166 0.000236248
1 5 2 1.59724 0.00150607 0.000132682
1 5 3 1.17365 0.000824806 0.000103551
1 5 4 0.921655 0.000519214 7.40964e-05
1 5 5 0.684354 0.000318572 6.15484e-05
1 5 6 0.500223 0.00019704 4.79232e-05
1 5 7 0.377212 0.000129291 3.38228e-05
1 5 8 0.285853 8.59623e-05 2.65914e-05
1 5 9 0.231599 6.26068e-05 2.29182e-05
1 5 10 0.167309 3.93276e-05 1.82809e-05
1 5 11 0.144568 1.97216e-05 1.40008e-05
0 6 0 2.09627 0.0179672 0.000470999
0 6 1 1.46704 0.00592525 0.000287474
0 6 2 1.02363 0.00257469 0.000161339
0 6 3 0.721956 0.0013335 0.000117515
0 6 4 0.537897 0.000768398 8.25576e-05
0 6 5 0.320016 0.000383044 5.64251e-05
0 6 6 0.281163 0.000295074 5.25392e-05
0 6 7 0.18589 0.000177883 3.23564e-05
0 6 8 0.138162 0.000117243 2.79025e-05
0 6 9 0.0944517 7.1093e-05 2.16074e-05
0 6 10 0.0733309 5.06705e-05 2.02938e-05
0 6 11 0.0526715 1.96682e-05 1.36112e-05
1 6 0 3.33628 0.0330038 0.000709032
1 6 1 2.09792 0.00902585 0.000373172
1 6 2 1.60069 0.00419465 0.000224707
1 6 3 1.12193 0.00204384 0.000150819
1 6 4 0.885386 0.00123052 0.000110288
1 6 5 0.715413 0.000808032 9.77427e-05
1 6 6 0.532047 0.000517416 7.80661e-05
1 6 7 0.362186 0.000301808 4.74243e-05
1 6 8 0.296136 0.000222244 4.24996e-05
1 6 9 0.224449 0.000149869 3.34517e-05
1 6 10 0.158524 9.55136e-05 2.6967e-05
1 6 11 0.144078 5.08703e-05 2.20276e-05
0 7 0 2.31167 0.0644765 0.00125159
0 7 1 1.22431 0.0131379 0.000517991
0 7 2 1.14378 0.00720573 0.000329382
0 7 3 0.654396 0.00294 0.000191005
0 7 4 0.41761 0.00137296 0.000112062
0 7 5 0.333782 0.000902697 8.61025e-05
0 7 6 0.208144 0.000486905 6.22469e-05
0 7 7 0.157806 0.000337285 4.76184e-05
0 7 8 0.1217 0.000227836 4.19507e-05
0 7 9 0.079233 0.000152127 3.19656e-05
0 7 10 0.0595188 0.000103394 3.01716e-05
0 7 11 0.039707 3.56804e-05 1.81758e-05
1 7 0 3.03818 0.0843039 0.00149202
1 7 1 2.28436 0.0244538 0.000868246
1 7 2 1.66901 0.00979215 0.0003822
1 7 3 1.21645 0.00478187 0.000272347
1 7 4 0.983038 0.00269272 0.000187463
1 7 5 0.661447 0.00151924 0.000131578
1 7 6 0.532895 0.00103123 0.000106953
1 7 7 0.373942 0.000614252 7.10232e-05
1 7 8 0.253951 0.000357966 4.99788e-05
1 7 9 0.212066 0.000293296 4.33059e-05
1 7 10 0.165832 0.000213425 3.80622e-05
1 7 11 0.115969 7.92992e-05 2.37351e-05
0 8 0 2.01684 0.0561136 0.00112915
0 8 1 1.21231 0.0133763 0.000564864
0 8 2 0.83235 0.00506823 0.00025495
0 8 3 0.585303 0.00258701 0.000187432
0 8 4 0.391191 0.0013496 0.000118627
0 8 5 0.292475 0.000804825 8.7156e-05
0 8 6 0.180724 0.000466278 6.37807e-05
0 8 7 0.126874 0.000307188 5.1218e-05
0 8 8 0.0822091 0.000198389 4.01577e-05
0 8 9 0.0766771 0.000259264 6.78389e-05
0 8 10 0.0352139 9.91451e-05 3.60048e-05
0 8 11 0.0150965 1.8993e-05 1.15454e-05
1 8 0 2.94571 0.0791404 0.00148238
1 8 1 2.15577 0.0216703 0.000840174
1 8 2 1.62737 0.00867268 0.000389177
1 8 3 1.19855 0.00424244 0.000278236
1 8 4 0.890563 0.00237061 0.000178217
1 8 5 0.591451 0.0011732 0.000111104
1 8 6 0.479449 0.00083483 0.000101261
1 8 7 0.312981 0.000519426 7.38805e-05
1 8 8 0.273934 0.000472019 7.06615e-05
1 8 9 0.203319 0.000412957 7.46005e-05
1 8 10 0.174141 0.000344754 7.45548e-05
1 8 11 0.093472 0.000103538 3.56339e-05
