0 0 0 2.32016 0.00011041 5.06057e-05
0 0 1 1.57505 7.74472e-05 4.24742e-05
0 0 2 1.13009 5.91359e-05 3.83108e-05
0 0 3 0.790319 5.35684e-05 3.56042e-05
0 0 4 0.599874 5.84874e-05 3.86869e-05
0 0 5 0.438912 6.93584e-05 5.88527e-05
0 0 6 0.329449 7.68861e-05 6.60858e-05
0 0 7 0.25677 0.00011136 8.32375e-05
0 0 8 0.174986 0.00016478 0.000107746
0 0 9 0.169802 0.000696745 0.000275046
0 0 10 0 0 0
0 0 11 0 0 0
1 0 0 2.56704 0.000121302 5.25422e-05
1 0 1 1.8251 8.91933e-05 4.59219e-05
1 0 2 1.32151 6.89277e-05 4.20739e-05
1 0 3 0.965202 6.48927e-05 4.03451e-05
1 0 4 0.736351 7.22726e-05 4.42402e-05
1 0 5 0.553749 8.8076e-05 7.03581e-05
1 0 6 0.423627 9.87855e-05 8.14178e-05
1 0 7 0.353006 0.000159412 0.000109767
1 0 8 0.250832 0.000230534 0.000140819
1 0 9 0.174999 0.0007713 0.000267659
1 0 10 0 0 0
1 0 11 0 0 0
0 1 0 2.34858 8.81002e-05 5.39413e-05
0 1 1 1.599 4.12509e-05 3.53939e-05
0 1 2 1.13437 2.39923e-05 2.1796e-05
0 1 3 0.827005 1.69995e-05 1.77715e-05
0 1 4 0.595274 1.23887e-05 1.45923e-05
0 1 5 0.447889 1.0126e-05 1.46543e-05
0 1 6 0.337488 8.19106e-06 1.35018e-05
0 1 7 0.260658 6.93889e-06 1.27251e-05
0 1 8 0.194701 5.59406e-06 1.18453e-05
0 1 9 0.144513 4.53162e-06 1.10201e-05
0 1 10 0.12035 4.30935e-06 1.19865e-05
0 1 11 0.0793112 1.68524e-06 8.94504e-06
1 1 0 2.67469 9.91663e-05 5.74413e-05
1 1 1 1.89407 4.85504e-05 3.87395e-05
1 1 2 1.37681 2.89875e-05 2.43109e-05
1 1 3 1.05112 2.16584e-05 2.06074e-05
1 1 4 0.783816 1.63758e-05 1.72194e-05
1 1 5 0.590392 1.3473e-05 1.7237e-05
1 1 6 0.459635 1.1355e-05 1.63058e-05
1 1 7 0.355126 9.51947e-06 1.54035e-05
1 1 8 0.273944 8.10351e-06 1.46523e-05
1 1 9 0.209247 6.89122e-06 1.39638e-05
1 1 10 0.168541 6.26534e-06 1.39707e-05
1 1 11 0.121508 3.02271e-06 1.14794e-05
0 2 0 2.30173 0.00025071 0.000152408
0 2 1 1.58964 0.000109441 8.54379e-05
0 2 2 1.11661 5.50555e-05 4.18618e-05
0 2 3 0.8055 3.25597e-05 3.05579e-05
0 2 4 0.588682 2.03403e-05 2.12953e-05
0 2 5 0.441311 1.35879e-05 1.72393e-05
0 2 6 0.329743 9.25814e-06 1.40827e-05
0 2 7 0.261289 6.99266e-06 1.1285e-05
0 2 8 0.19234 4.98786e-06 9.47343e-06
0 2 9 0.144425 3.62346e-06 8.37432e-06
0 2 10 0.11282 2.83085e-06 7.84329e-06
0 2 11 0.0779626 9.34641e-07 4.98298e-06
1 2 0 2.84157 0.000322496 0.000180912
1 2 1 1.99237 0.00014236 0.000100815
1 2 2 1.447 7.37617e-05 4.96963e-05
1 2 3 1.08848 4.49808e-05 3.75376e-05
1 2 4 0.812422 2.83649e-05 2.60881e-05
1 2 5 0.61941 1.92305e-05 2.11551e-05
1 2 6 0.47795 1.35912e-05 1.75177e-05
1 2 7 0.370356 1.00232e-05 1.36453e-05
1 2 8 0.285211 7.54784e-06 1.17153e-05
1 2 9 0.219579 5.68533e-06 1.03292e-05
1 2 10 0.176266 4.60461e-06 1.00779e-05
1 2 11 0.135269 1.99336e-06 7.06142e-06
0 3 0 2.31846 0.00054842 0.000305403
0 3 1 1.55838 0.000218957 0.000166417
0 3 2 1.09821 0.000109245 7.49857e-05
0 3 3 0.756904 5.78426e-05 4.96522e-05
0 3 4 0.572915 3.78825e-05 3.40563e-05
0 3 5 0.417591 2.38977e-05 2.56675e-05
0 3 6 0.309144 1.56041e-05 2.03231e-05
0 3 7 0.234744 1.07459e-05 1.44916e-05
0 3 8 0.183206 7.49764e-06 1.21625e-05
0 3 9 0.137579 4.99357e-06 1.00829e-05
0 3 10 0.107782 3.46884e-06 8.84644e-06
0 3 11 0.0774359 1.149e-06 5.38727e-06
1 3 0 3.03294 0.000789495 0.000389611
1 3 1 2.03575 0.000306893 0.000208571
1 3 2 1.51304 0.00015863 9.51236e-05
1 3 3 1.0918 8.76488e-05 6.47314e-05
1 3 4 0.840351 5.72739e-05 4.39068e-05
1 3 5 0.628153 3.62854e-05 3.32364e-05
1 3 6 0.467815 2.38722e-05 2.61643e-05
1 3 7 0.370162 1.72892e-05 1.93278e-05
1 3 8 0.294778 1.2094e-05 1.59603e-05
1 3 9 0.227481 8.43904e-06 1.32787e-05
1 3 10 0.181648 6.16407e-06 1.16876e-05
1 3 11 0.155893 3.02129e-06 8.35077e-06
0 4 0 2.20404 0.000614247 0.000386711
0 4 1 1.50892 0.00023258 0.000206541
0 4 2 1.05647 0.000108676 9.41477e-05
0 4 3 0.762946 6.06134e-05 6.37003e-05
0 4 4 0.555258 3.67241e-05 4.03859e-05
0 4 5 0.406941 2.31788e-05 2.93468e-05
0 4 6 0.292429 1.44396e-05 2.22528e-05
0 4 7 0.226248 1.0079e-05 1.60184e-05
0 4 8 0.170674 6.69426e-06 1.25047e-05
0 4 9 0.130723 4.66676e-06 1.03794e-05
0 4 10 0.0987591 3.11424e-06 8.6866e-06
0 4 11 0.0715207 1.00105e-06 5.16414e-06
1 4 0 3.04181 0.000933348 0.000512518
1 4 1 2.13646 0.000356342 0.000277748
1 4 2 1.52355 0.000168129 0.000124025
1 4 3 1.13975 9.55515e-05 8.51675e-05
1 4 4 0.830643 5.56427e-05 5.08987e-05
1 4 5 0.628482 3.61142e-05 3.81603e-05
1 4 6 0.483038 2.42342e-05 3.06685e-05
1 4 7 0.377732 1.67861e-05 2.12794e-05
1 4 8 0.290842 1.15313e-05 1.66274e-05
1 4 9 0.22788 8.18398e-06 1.39952e-05
1 4 10 0.179154 5.84148e-06 1.18642e-05
1 4 11 0.152622 2.81385e-06 8.30543e-06
0 5 0 2.29717 0.00126532 0.000685321
0 5 1 1.5097 0.000397056 0.000348751
0 5 2 1.05098 0.00016891 0.000146074
0 5 3 0.724682 8.41486e-05 9.53839e-05
0 5 4 0.516619 4.78243e-05 5.78868e-05
0 5 5 0.375565 2.90433e-05 4.24205e-05
0 5 6 0.259388 1.69417e-05 2.97425e-05
0 5 7 0.20028 1.14575e-05 2.04458e-05
0 5 8 0.154415 8.16182e-06 1.6271e-05
0 5 9 0.112716 5.19909e-06 1.25817e-05
0 5 10 0.0870741 3.58958e-06 1.07295e-05
0 5 11 0.0580343 1.12073e-06 6.00533e-06
1 5 0 3.01749 0.00173921 0.000834502
1 5 1 2.12003 0.000579497 0.000447822
1 5 2 1.57988 0.000266227 0.000194108
1 5 3 1.1474 0.000138208 0.000132919
1 5 4 0.838762 7.74215e-05 7.8453e-05
1 5 5 0.640013 4.90017e-05 5.79291e-05
1 5 6 0.476837 3.11003e-05 4.35577e-05
1 5 7 0.353518 1.97762e-05 2.7676e-05
1 5 8 0.271474 1.37121e-05 2.13709e-05
1 5 9 0.216678 9.91226e-06 1.76131e-05
1 5 10 0.16433 6.66955e-06 1.42127e-05
1 5 11 0.13952 3.29397e-06 9.98883e-06
0 6 0 2.13056 0.00478058 0.00149273
0 6 1 1.42076 0.00135473 0.000738669
0 6 2 1.02198 0.000576669 0.000343785
0 6 3 0.701201 0.000271138 0.000214412
0 6 4 0.458414 0.000125594 0.00011113
0 6 5 0.334322 7.47456e-05 8.04785e-05
0 6 6 0.247374 4.86678e-05 6.28172e-05
0 6 7 0.171492 2.79227e-05 3.78476e-05
0 6 8 0.126882 1.82114e-05 2.86561e-05
0 6 9 0.0957567 1.30779e-05 2.39689e-05
0 6 10 0.0678714 8.19726e-06 1.91251e-05
0 6 11 0.0510174 3.11831e-06 1.23201e-05
1 6 0 3.09273 0.00736588 0.00194765
1 6 1 2.07065 0.00202854 0.000954131
1 6 2 1.54581 0.000862067 0.000434904
1 6 3 1.1046 0.000388588 0.000268264
1 6 4 0.82767 0.00021643 0.000155601
1 6 5 0.581093 0.000117646 0.00010271
1 6 6 0.444507 7.71006e-05 8.18608e-05
1 6 7 0.333127 4.9974e-05 5.23513e-05
1 6 8 0.235504 2.97342e-05 3.67519e-05
1 6 9 0.180608 2.01433e-05 2.85982e-05
1 6 10 0.135875 1.33604e-05 2.35032e-05
1 6 11 0.116698 6.94101e-06 1.65964e-05
0 7 0 2.48114 0.0341846 0.00695978
0 7 1 1.39691 0.00418995 0.00168627
0 7 2 0.942986 0.00146203 0.000652668
0 7 3 0.680036 0.000718785 0.000437961
0 7 4 0.423414 0.000292708 0.000206831
0 7 5 0.315975 0.00017514 0.000139055
0 7 6 0.221234 0.000110203 0.000105968
0 7 7 0.161481 6.74634e-05 7.0716e-05
0 7 8 0.095419 3.15137e-05 4.25892e-05
0 7 9 0.0855356 3.0227e-05 3.93821e-05
0 7 10 0.056291 1.72349e-05 3.0368e-05
0 7 11 0.0412202 6.07199e-06 1.98283e-05
1 7 0 3.07271 0.0385229 0.00755735
1 7 1 2.02624 0.00606861 0.00217338
1 7 2 1.53898 0.00236135 0.000854577
1 7 3 0.961103 0.000826604 0.000466001
1 7 4 0.682248 0.000401337 0.000236138
1 7 5 0.501204 0.000218322 0.000152921
1 7 6 0.397058 0.000157577 0.000124164
1 7 7 0.309626 0.000101944 8.09105e-05
1 7 8 0.207119 5.62869e-05 5.23759e-05
1 7 9 0.149731 3.46676e-05 3.80136e-05
1 7 10 0.110756 2.36844e-05 3.00143e-05
1 7 11 0.0870476 1.03963e-05 1.99019e-05
0 8 0 2.3994 0.0392609 0.00800841
0 8 1 1.28642 0.00577301 0.00270979
0 8 2 0.849041 0.00167757 0.000848187
0 8 3 0.714563 0.00104429 0.000665719
0 8 4 0.383036 0.000317575 0.000279031
0 8 5 0.277182 0.000199051 0.000192263
0 8 6 0.188466 0.000116548 0.00015129
0 8 7 0.169874 0.000118005 0.000150687
0 8 8 0.093631 5.02904e-05 8.24825e-05
0 8 9 0.070354 4.24498e-05 7.92617e-05
0 8 10 0.0518908 2.67816e-05 6.96543e-05
0 8 11 0.030613 9.56383e-06 4.12603e-05
1 8 0 2.6704 0.0336196 0.0072627
1 8 1 2.18828 0.0117937 0.00409734
1 8 2 1.4276 0.0028207 0.00109573
1 8 3 0.957627 0.00104342 0.000651787
1 8 4 0.662621 0.000465727 0.000316098
1 8 5 0.442825 0.000219396 0.000193321
1 8 6 0.333775 0.000136399 0.000141868
1 8 7 0.248635 0.000101298 0.000118293
1 8 8 0.201259 8.78581e-05 0.000112811
1 8 9 0.147792 6.33714e-05 9.62721e-05
1 8 10 0.126316 5.9847e-05 9.777e-05
1 8 11 0.096526 2.70483e-05 6.53508e-05
