0 0 0 2.34828 0.000489759 8.99928e-09
0 0 1 1.58122 0.000341466 6.33543e-09
0 0 2 1.1139 0.000256659 4.98915e-09
0 0 3 0.81677 0.000263386 4.98534e-09
0 0 4 0.590759 0.000259069 5.32845e-09
0 0 5 0.43078 0.000289864 6.4194e-09
0 0 6 0.317633 0.000306482 7.07671e-09
0 0 7 0.236904 0.000451831 9.81607e-09
0 0 8 0.181457 0.000802615 1.7054e-08
0 0 9 0.190916 0.00440474 1.30273e-07
0 0 10 0 0 0
0 0 11 0 0 0
1 0 0 2.50965 0.000506035 9.33143e-09
1 0 1 1.80837 0.000384252 7.37151e-09
1 0 2 1.26454 0.000277292 5.87762e-09
1 0 3 0.918272 0.00025679 5.77067e-09
1 0 4 0.703762 0.000300062 6.86944e-09
1 0 5 0.526432 0.000374397 8.53474e-09
1 0 6 0.385135 0.000382917 1.0047e-08
1 0 7 0.325175 0.000529485 1.84315e-08
1 0 8 0.224261 0.000825814 2.45773e-08
1 0 9 0.104275 0.000853583 4.44469e-08
1 0 10 0 0 0
1 0 11 0 0 0
0 1 0 2.35971 0.000376014 6.80137e-09
0 1 1 1.58383 0.000168611 3.11201e-09
0 1 2 1.11456 9.23856e-05 1.85113e-09
0 1 3 0.81701 6.64245e-05 1.34894e-09
0 1 4 0.592642 4.77722e-05 1.04698e-09
0 1 5 0.450724 4.08639e-05 9.07407e-10
0 1 6 0.346601 3.5728e-05 7.88533e-10
0 1 7 0.24708 2.50429e-05 6.4306e-10
0 1 8 0.179522 1.90213e-05 4.97065e-10
0 1 9 0.134713 1.75502e-05 4.31163e-10
0 1 10 0.100271 1.27796e-05 4.25143e-10
0 1 11 0.0742628 6.11744e-06 2.49909e-10
1 1 0 2.65355 0.000422717 7.61453e-09
1 1 1 1.86384 0.000201075 3.69326e-09
1 1 2 1.3273 0.000112235 2.26188e-09
1 1 3 1.03077 8.60715e-05 1.81132e-09
1 1 4 0.753655 6.2621e-05 1.351e-09
1 1 5 0.573088 5.17687e-05 1.17486e-09
1 1 6 0.433298 4.17372e-05 1.03467e-09
1 1 7 0.324774 3.38373e-05 8.3409e-10
1 1 8 0.250895 2.73947e-05 8.0063e-10
1 1 9 0.179763 2.07413e-05 6.22891e-10
1 1 10 0.154032 2.1149e-05 6.41825e-10
1 1 11 0.107883 8.46595e-06 3.92373e-10
0 2 0 2.2734 0.00104115 1.65328e-08
0 2 1 1.60486 0.000494371 7.93341e-09
0 2 2 1.11695 0.000226746 4.02279e-09
0 2 3 0.814277 0.000133866 2.48121e-09
0 2 4 0.598145 8.53991e-05 1.56346e-09
0 2 5 0.4448 5.14666e-05 1.07094e-09
0 2 6 0.328053 3.43248e-05 7.50391e-10
0 2 7 0.250961 2.4423e-05 5.55148e-10
0 2 8 0.184254 1.73024e-05 4.20376e-10
0 2 9 0.130794 1.11912e-05 2.87116e-10
0 2 10 0.100213 8.18497e-06 2.677e-10
0 2 11 0.0753645 3.29791e-06 1.24617e-10
1 2 0 2.66472 0.00122145 1.94673e-08
1 2 1 1.85758 0.000523832 9.42463e-09
1 2 2 1.37287 0.000282491 5.29334e-09
1 2 3 1.02703 0.000163508 3.34214e-09
1 2 4 0.784071 0.000106812 2.12469e-09
1 2 5 0.582023 6.58706e-05 1.48571e-09
1 2 6 0.458288 4.70456e-05 1.11257e-09
1 2 7 0.349704 3.47271e-05 8.00562e-10
1 2 8 0.265075 2.56135e-05 5.75738e-10
1 2 9 0.196768 1.77628e-05 4.15469e-10
1 2 10 0.161034 1.52617e-05 4.00726e-10
1 2 11 0.121262 6.09884e-06 1.88833e-10
0 3 0 2.283 0.00213315 3.17405e-08
0 3 1 1.6022 0.000932596 1.49321e-08
0 3 2 1.11296 0.000444639 7.70809e-09
0 3 3 0.750934 0.000227393 3.91429e-09
0 3 4 0.569533 0.000146697 2.59688e-09
0 3 5 0.436597 9.97311e-05 1.80311e-09
0 3 6 0.309915 6.11026e-05 1.07805e-09
0 3 7 0.23692 3.93987e-05 8.10709e-10
0 3 8 0.183686 2.79617e-05 5.98389e-10
0 3 9 0.123909 1.41522e-05 3.2484e-10
0 3 10 0.101789 1.17485e-05 2.79859e-10
0 3 11 0.0730591 3.31111e-06 1.14963e-10
1 3 0 2.75408 0.00257486 4.17789e-08
1 3 1 1.86766 0.00103324 1.73074e-08
1 3 2 1.36712 0.000548456 9.12846e-09
1 3 3 1.02717 0.00032712 5.65463e-09
1 3 4 0.780496 0.000199363 3.78198e-09
1 3 5 0.579949 0.000123149 2.61306e-09
1 3 6 0.428053 7.47557e-05 1.66166e-09
1 3 7 0.345703 5.84902e-05 1.25845e-09
1 3 8 0.280865 4.29304e-05 9.29882e-10
1 3 9 0.211098 2.90805e-05 5.90224e-10
1 3 10 0.171021 1.92398e-05 4.72416e-10
1 3 11 0.139104 9.41884e-06 2.33031e-10
0 4 0 2.22335 0.0021368 2.75684e-08
0 4 1 1.52936 0.00089127 1.27711e-08
0 4 2 1.06745 0.000406563 6.56488e-09
0 4 3 0.751582 0.000222155 3.56551e-09
0 4 4 0.555368 0.000134234 2.34011e-09
0 4 5 0.397466 8.31558e-05 1.36884e-09
0 4 6 0.291514 5.68238e-05 8.60738e-10
0 4 7 0.227858 3.77123e-05 6.46898e-10
0 4 8 0.177387 2.51621e-05 4.83695e-10
0 4 9 0.132927 1.76081e-05 3.2657e-10
0 4 10 0.0974241 1.04227e-05 2.24745e-10
0 4 11 0.0705966 3.44377e-06 9.10228e-11
1 4 0 2.79231 0.00268869 4.01102e-08
1 4 1 1.9122 0.00106755 1.69829e-08
1 4 2 1.36984 0.000522638 8.62848e-09
1 4 3 1.00137 0.000285951 4.98631e-09
1 4 4 0.781333 0.000199918 3.4698e-09
1 4 5 0.564857 0.000116474 2.11635e-09
1 4 6 0.439529 7.5847e-05 1.49547e-09
1 4 7 0.362798 5.94303e-05 1.0987e-09
1 4 8 0.262022 3.43841e-05 6.80631e-10
1 4 9 0.214172 2.63496e-05 5.26225e-10
1 4 10 0.166696 1.89226e-05 3.6988e-10
1 4 11 0.147059 8.84971e-06 2.104e-10
0 5 0 2.17087 0.00241274 3.38999e-08
0 5 1 1.48208 0.00109195 1.45626e-08
0 5 2 1.02235 0.000484153 6.96127e-09
0 5 3 0.726651 0.000296742 3.6759e-09
0 5 4 0.507193 0.00016027 2.22405e-09
0 5 5 0.365794 0.000103987 1.38241e-09
0 5 6 0.258477 5.92519e-05 8.05934e-10
0 5 7 0.192072 3.64753e-05 5.48024e-10
0 5 8 0.144703 2.3133e-05 4.11303e-10
0 5 9 0.109435 1.49117e-05 2.86723e-10
0 5 10 0.0846849 1.07625e-05 1.9227e-10
0 5 11 0.0653939 4.37271e-06 8.08097e-11
1 5 0 2.80175 0.00344379 4.52641e-08
1 5 1 1.96903 0.00153471 2.01309e-08
1 5 2 1.40407 0.000715635 1.06026e-08
1 5 3 1.03117 0.000390239 5.85693e-09
1 5 4 0.792625 0.000251923 3.97971e-09
1 5 5 0.608163 0.000169667 2.70435e-09
1 5 6 0.431777 0.000101698 1.55328e-09
1 5 7 0.337371 6.08638e-05 1.15373e-09
1 5 8 0.247007 3.89825e-05 6.70996e-10
1 5 9 0.215179 3.36163e-05 5.65039e-10
1 5 10 0.158259 2.03051e-05 3.79592e-10
1 5 11 0.141317 1.1633e-05 1.99175e-10
0 6 0 2.2863 0.00625024 8.08087e-08
0 6 1 1.36579 0.0021658 2.76581e-08
0 6 2 0.935434 0.00101296 1.45135e-08
0 6 3 0.689407 0.000677858 8.56576e-09
0 6 4 0.447291 0.000347557 4.34203e-09
0 6 5 0.331223 0.000205327 2.85524e-09
0 6 6 0.232777 0.000108307 1.68969e-09
0 6 7 0.174384 9.10425e-05 1.15043e-09
0 6 8 0.122545 4.94703e-05 6.65356e-10
0 6 9 0.101019 3.55158e-05 5.78394e-10
0 6 10 0.068564 2.25125e-05 3.29607e-10
0 6 11 0.0525106 9.09763e-06 1.44697e-10
1 6 0 2.80621 0.00763181 1.11022e-07
1 6 1 1.96403 0.00306933 4.78538e-08
1 6 2 1.42376 0.00170768 2.45516e-08
1 6 3 1.0538 0.000988097 1.43649e-08
1 6 4 0.792333 0.000564453 9.16602e-09
1 6 5 0.555514 0.000356048 5.06273e-09
1 6 6 0.449392 0.000264996 3.82945e-09
1 6 7 0.342569 0.000160146 2.66855e-09
1 6 8 0.260805 0.000112316 1.67333e-09
1 6 9 0.196821 7.40656e-05 1.17534e-09
1 6 10 0.157239 5.77928e-05 7.73871e-10
1 6 11 0.130823 2.55365e-05 4.56816e-10
0 7 0 2.19216 0.020279 2.7264e-07
0 7 1 1.34005 0.0059924 6.48535e-08
0 7 2 0.892505 0.00209109 3.13952e-08
0 7 3 0.565926 0.000967272 1.37163e-08
0 7 4 0.404949 0.000687853 7.26094e-09
0 7 5 0.293124 0.000366666 3.98842e-09
0 7 6 0.188199 0.00018634 2.25219e-09
0 7 7 0.15129 0.000142737 1.99082e-09
0 7 8 0.123169 0.000145219 1.51851e-09
0 7 9 0.0783923 5.86073e-05 8.5021e-10
0 7 10 0.0635715 5.6206e-05 5.89512e-10
0 7 11 0.0423189 1.4599e-05 2.12482e-10
1 7 0 2.91555 0.0259674 3.72042e-07
1 7 1 2.09389 0.00985205 1.31865e-07
1 7 2 1.38649 0.00353615 5.24418e-08
1 7 3 0.983666 0.00212377 2.51395e-08
1 7 4 0.773031 0.00116029 1.88442e-08
1 7 5 0.55761 0.000627203 1.03494e-08
1 7 6 0.451821 0.000501981 7.6863e-09
1 7 7 0.343951 0.000354348 4.84685e-09
1 7 8 0.268006 0.000224341 4.10878e-09
1 7 9 0.22138 0.000205805 3.00615e-09
1 7 10 0.135625 0.000104789 1.17539e-09
1 7 11 0.117842 4.31133e-05 7.5983e-10
0 8 0 1.92329 0.010275 1.77665e-07
0 8 1 1.45069 0.00442323 6.55651e-08
0 8 2 0.941045 0.00192748 2.73697e-08
0 8 3 0.591154 0.000819655 1.19785e-08
0 8 4 0.382467 0.000444541 5.39296e-09
0 8 5 0.246751 0.000210548 2.98576e-09
0 8 6 0.199941 0.000177874 2.18577e-09
0 8 7 0.128907 8.5632e-05 1.38207e-09
0 8 8 0.0978069 0.000118908 1.19468e-09
0 8 9 0.0704669 6.0667e-05 1.23101e-09
0 8 10 0.0540888 5.4882e-05 8.76337e-10
0 8 11 0.0219541 6.9238e-06 1.45483e-10
1 8 0 2.8821 0.0153463 3.06214e-07
1 8 1 1.97569 0.00557669 9.4216e-08
1 8 2 1.4656 0.00272945 4.97686e-08
1 8 3 1.11222 0.00137882 2.97176e-08
1 8 4 0.842101 0.00104972 1.83753e-08
1 8 5 0.579684 0.000512527 9.87106e-09
1 8 6 0.418549 0.000328263 6.55714e-09
1 8 7 0.316751 0.000217625 5.11995e-09
1 8 8 0.254541 0.000196656 4.38952e-09
1 8 9 0.207175 0.000218494 4.8015e-09
1 8 10 0.138806 0.000119971 2.761e-09
1 8 11 0.100601 6.26824e-05 1.11099e-09
