0 0 0 2.60795 7.77608e-05 2.61497 7.7881e-05 2.59991 7.70826e-05 2.5844 7.66309e-05
0 0 1 1.76014 5.49529e-05 1.75383 5.47056e-05 1.75633 5.44588e-05 1.72441 5.26449e-05
0 0 2 1.22651 4.13221e-05 1.22053 4.09021e-05 1.21963 4.01549e-05 1.21116 3.93054e-05
0 0 3 0.833048 3.60936e-05 0.839719 3.60724e-05 0.843543 3.5921e-05 0.831562 3.47558e-05
0 0 4 0.595372 3.70566e-05 0.591711 3.62573e-05 0.594294 3.57385e-05 0.599306 3.61863e-05
0 0 5 0.431971 4.25585e-05 0.430455 4.10235e-05 0.428643 4.18458e-05 0.42642 3.94394e-05
0 0 6 0.311051 4.76321e-05 0.312508 4.55936e-05 0.316135 4.74132e-05 0.314562 4.53546e-05
0 0 7 0.231241 6.68042e-05 0.222698 6.07839e-05 0.217745 5.34436e-05 0.233682 6.26999e-05
0 0 8 0.156164 8.36478e-05 0.161684 9.58414e-05 0.167415 0.00010154 0.167216 8.62094e-05
0 0 9 0.147526 0.000584372 0.120571 0.000333096 0.132236 0.000287242 0.124985 0.000259089
0 0 10 0 0 0 0 0 0 0 0
0 0 11 0 0 0 0 0 0 0 0
1 0 0 2.97215 8.83165e-05 2.96921 8.75273e-05 2.94381 8.67533e-05 2.9232 8.59739e-05
1 0 1 1.9897 6.25266e-05 1.97669 6.12778e-05 1.97848 6.08462e-05 1.94879 5.94229e-05
1 0 2 1.36218 4.56745e-05 1.35401 4.50044e-05 1.35694 4.46009e-05 1.35302 4.40147e-05
1 0 3 0.941355 4.03333e-05 0.936407 3.99445e-05 0.935217 3.9358e-05 0.939081 3.89505e-05
1 0 4 0.692708 4.31637e-05 0.679407 4.27987e-05 0.687932 4.20916e-05 0.678511 4.0735e-05
1 0 5 0.491083 4.93077e-05 0.490051 4.7396e-05 0.506358 4.93921e-05 0.489268 4.67412e-05
1 0 6 0.347383 5.05612e-05 0.359943 5.17666e-05 0.347151 4.95501e-05 0.347981 4.84272e-05
1 0 7 0.285367 8.06727e-05 0.286083 7.82007e-05 0.280661 7.71645e-05 0.27614 7.23416e-05
1 0 8 0.188468 0.000106188 0.190144 0.000109533 0.186216 0.000112543 0.183428 9.5521e-05
1 0 9 0.173138 0.000710845 0.139424 0.000357689 0.169442 0.000469362 0.155868 0.000331275
1 0 10 0 0 0 0 0 0 0 0
1 0 11 0 0 0 0 0 0 0 0
0 1 0 2.48572 5.16223e-05 2.47859 5.09204e-05 2.48077 5.0829e-05 2.45997 5.02929e-05
0 1 1 1.69057 2.46362e-05 1.68746 2.43109e-05 1.68742 2.41534e-05 1.67808 2.38468e-05
0 1 2 1.18105 1.42521e-05 1.18181 1.41202e-05 1.17943 1.39022e-05 1.16963 1.35977e-05
0 1 3 0.854719 1.00956e-05 0.856779 9.99032e-06 0.852775 9.88912e-06 0.842052 9.58496e-06
0 1 4 0.611451 7.40413e-06 0.607447 7.20156e-06 0.606391 7.15927e-06 0.605749 7.09143e-06
0 1 5 0.44283 5.86172e-06 0.440499 5.75654e-06 0.446002 5.76096e-06 0.435286 5.47718e-06
0 1 6 0.323065 4.64575e-06 0.321225 4.50122e-06 0.32322 4.5501e-06 0.31781 4.32633e-06
0 1 7 0.234532 3.67468e-06 0.235387 3.68477e-06 0.235322 3.58355e-06 0.236746 3.52951e-06
0 1 8 0.167435 2.9064e-06 0.16772 2.81439e-06 0.168188 2.75403e-06 0.166936 2.72124e-06
0 1 9 0.12339 2.35204e-06 0.121274 2.28486e-06 0.121644 2.25054e-06 0.120308 2.12205e-06
0 1 10 0.0844135 1.80358e-06 0.0855559 1.78713e-06 0.0861484 1.76312e-06 0.0833853 1.63413e-06
0 1 11 0.041472 4.6781e-07 0.0405586 4.47522e-07 0.0417203 4.64306e-07 0.0532383 8.11375e-07
1 1 0 2.82101 5.79678e-05 2.82677 5.74525e-05 2.82267 5.72519e-05 2.7966 5.60706e-05
1 1 1 1.95916 2.83796e-05 1.95936 2.81827e-05 1.95191 2.78234e-05 1.94446 2.7339e-05
1 1 2 1.38889 1.66314e-05 1.38379 1.64238e-05 1.37973 1.61977e-05 1.36534 1.57859e-05
1 1 3 1.01625 1.19934e-05 1.02085 1.18778e-05 1.01683 1.16931e-05 1.00762 1.1399e-05
1 1 4 0.739742 8.95063e-06 0.742725 8.84248e-06 0.739777 8.72455e-06 0.735589 8.53858e-06
1 1 5 0.548061 7.2779e-06 0.5487 7.22066e-06 0.546594 7.02328e-06 0.544857 6.92353e-06
1 1 6 0.406618 5.90763e-06 0.405504 5.84539e-06 0.405621 5.72144e-06 0.402518 5.57325e-06
1 1 7 0.29723 4.66783e-06 0.296755 4.63918e-06 0.293887 4.463e-06 0.293172 4.37201e-06
1 1 8 0.222378 3.92869e-06 0.221233 3.80533e-06 0.222225 3.74864e-06 0.224359 3.74711e-06
1 1 9 0.163677 3.16053e-06 0.160963 3.15646e-06 0.164233 3.15409e-06 0.161542 2.94804e-06
1 1 10 0.121921 2.66949e-06 0.119814 2.5791e-06 0.118162 2.50716e-06 0.118105 2.50228e-06
1 1 11 0.0656752 8.08025e-07 0.0657684 7.89876e-07 0.0657037 7.8428e-07 0.0811825 1.23615e-06
0 2 0 2.37756 0.000122323 2.38456 0.000120332 2.37401 0.000119363 2.34241 0.000115759
0 2 1 1.65091 5.79818e-05 1.65515 5.75296e-05 1.64841 5.60377e-05 1.6435 5.57278e-05
0 2 2 1.16924 3.08239e-05 1.17783 3.05491e-05 1.17874 2.99043e-05 1.168 2.93521e-05
0 2 3 0.853596 1.88793e-05 0.841192 1.82451e-05 0.844159 1.8092e-05 0.840938 1.76792e-05
0 2 4 0.620058 1.21186e-05 0.618034 1.19216e-05 0.616602 1.16015e-05 0.612755 1.12747e-05
0 2 5 0.458401 8.16908e-06 0.457491 7.90195e-06 0.457356 7.77949e-06 0.456477 7.64801e-06
0 2 6 0.343179 5.61103e-06 0.343877 5.54199e-06 0.344309 5.39088e-06 0.34151 5.21461e-06
0 2 7 0.258085 4.03471e-06 0.255524 3.83416e-06 0.25566 3.81311e-06 0.252885 3.71105e-06
0 2 8 0.190669 2.91756e-06 0.189407 2.82397e-06 0.190009 2.79151e-06 0.187138 2.62433e-06
0 2 9 0.134902 1.94913e-06 0.136325 1.97514e-06 0.132053 1.84264e-06 0.132882 1.82251e-06
0 2 10 0.0968816 1.45286e-06 0.0950196 1.40628e-06 0.0966732 1.40464e-06 0.0937262 1.30599e-06
0 2 11 0.0481037 3.01553e-07 0.0481035 2.96651e-07 0.0481388 2.87247e-07 0.051391 3.23033e-07
1 2 0 2.7208 0.000138871 2.73294 0.000137014 2.72122 0.000134204 2.70551 0.000130882
1 2 1 1.93053 6.71391e-05 1.91258 6.53588e-05 1.92513 6.45689e-05 1.92216 6.4099e-05
1 2 2 1.39481 3.66754e-05 1.3847 3.55614e-05 1.38811 3.49013e-05 1.37919 3.40792e-05
1 2 3 1.04449 2.31306e-05 1.03747 2.24446e-05 1.04218 2.22905e-05 1.02927 2.14382e-05
1 2 4 0.775541 1.48421e-05 0.783374 1.47951e-05 0.777711 1.43782e-05 0.771707 1.40672e-05
1 2 5 0.600415 1.05841e-05 0.602865 1.03413e-05 0.600647 1.01728e-05 0.594589 9.85898e-06
1 2 6 0.456283 7.424e-06 0.45621 7.23211e-06 0.452635 7.06659e-06 0.453952 6.91464e-06
1 2 7 0.353727 5.54312e-06 0.35449 5.40617e-06 0.35543 5.36621e-06 0.351417 5.20344e-06
1 2 8 0.274571 4.23371e-06 0.272621 4.06273e-06 0.272163 4.03801e-06 0.271549 3.91502e-06
1 2 9 0.203319 3.11532e-06 0.203902 3.06639e-06 0.202263 2.90705e-06 0.200122 2.77366e-06
1 2 10 0.151639 2.34797e-06 0.150393 2.27253e-06 0.151207 2.24286e-06 0.153524 2.28669e-06
1 2 11 0.08384 5.44735e-07 0.0850477 5.5061e-07 0.0833543 5.25725e-07 0.0880994 5.68745e-07
0 3 0 2.36782 0.000248897 2.37664 0.000238632 2.38861 0.000234879 2.35586 0.000227284
0 3 1 1.64184 0.000110603 1.63147 0.000104715 1.63041 0.000104614 1.64356 0.000103536
0 3 2 1.1716 5.82979e-05 1.16152 5.7254e-05 1.17723 5.62223e-05 1.16428 5.38368e-05
0 3 3 0.831897 3.36853e-05 0.836617 3.30007e-05 0.835311 3.22047e-05 0.83445 3.15983e-05
0 3 4 0.632762 2.29247e-05 0.622249 2.19325e-05 0.627678 2.15239e-05 0.618338 2.06078e-05
0 3 5 0.464617 1.49987e-05 0.464145 1.46569e-05 0.458356 1.39607e-05 0.45732 1.3752e-05
0 3 6 0.3462 1.01175e-05 0.341808 9.73873e-06 0.337322 9.12196e-06 0.335103 8.80758e-06
0 3 7 0.26322 7.04254e-06 0.25868 6.56163e-06 0.259902 6.53469e-06 0.262209 6.44781e-06
0 3 8 0.192976 4.56318e-06 0.193259 4.5071e-06 0.194848 4.46177e-06 0.194754 4.21142e-06
0 3 9 0.146917 3.21831e-06 0.145835 2.98648e-06 0.145547 2.96251e-06 0.147057 2.93463e-06
0 3 10 0.104803 2.08645e-06 0.105591 1.95404e-06 0.106939 1.96392e-06 0.105211 1.85441e-06
0 3 11 0.0565304 4.35218e-07 0.0569112 4.22501e-07 0.0569479 4.10517e-07 0.058609 4.18627e-07
1 3 0 2.77215 0.000284378 2.76404 0.000271032 2.78176 0.000269117 2.74825 0.0002575
1 3 1 1.9014 0.000126083 1.89126 0.000121647 1.88562 0.000118851 1.88939 0.000117099
1 3 2 1.4017 6.94785e-05 1.40122 6.78529e-05 1.41119 6.68039e-05 1.39584 6.51062e-05
1 3 3 1.04142 4.19267e-05 1.02964 3.99537e-05 1.02489 3.90434e-05 1.02214 3.79399e-05
1 3 4 0.787934 2.82439e-05 0.789834 2.72963e-05 0.784676 2.6782e-05 0.778799 2.58971e-05
1 3 5 0.611973 1.95683e-05 0.609861 1.88409e-05 0.614118 1.88472e-05 0.607117 1.81883e-05
1 3 6 0.462047 1.32362e-05 0.4609 1.27835e-05 0.465294 1.25574e-05 0.464465 1.21548e-05
1 3 7 0.369428 9.67038e-06 0.374676 9.5201e-06 0.373689 9.27786e-06 0.374053 9.27238e-06
1 3 8 0.292209 7.03894e-06 0.289793 6.67597e-06 0.293079 6.69884e-06 0.291858 6.38129e-06
1 3 9 0.235183 5.19479e-06 0.229429 4.85173e-06 0.231279 4.78376e-06 0.22534 4.47863e-06
1 3 10 0.185502 3.76214e-06 0.182809 3.54755e-06 0.183319 3.58637e-06 0.183659 3.38426e-06
1 3 11 0.109457 8.66978e-07 0.107691 8.29777e-07 0.106363 7.97444e-07 0.113453 8.58924e-07
0 4 0 2.3451 0.000265098 2.37152 0.000252745 2.37881 0.000244197 2.32803 0.000231192
0 4 1 1.63668 0.00011329 1.62503 0.000106979 1.63467 0.000105012 1.61921 0.00010088
0 4 2 1.1449 5.58096e-05 1.14749 5.4434e-05 1.13857 5.21885e-05 1.12884 4.98629e-05
0 4 3 0.830697 3.28798e-05 0.822633 3.07774e-05 0.826771 3.0421e-05 0.831896 2.97417e-05
0 4 4 0.618353 2.09934e-05 0.611603 1.99631e-05 0.612682 1.93984e-05 0.60465 1.85754e-05
0 4 5 0.456354 1.377e-05 0.456711 1.29828e-05 0.459149 1.2883e-05 0.455688 1.2586e-05
0 4 6 0.341286 9.17994e-06 0.338588 8.70372e-06 0.33938 8.57868e-06 0.339773 8.27839e-06
0 4 7 0.263224 6.58246e-06 0.268931 6.44182e-06 0.264732 6.14935e-06 0.265001 6.02111e-06
0 4 8 0.194357 4.4087e-06 0.194644 4.13014e-06 0.198228 4.21191e-06 0.194991 3.94184e-06
0 4 9 0.149258 3.14477e-06 0.147057 2.95297e-06 0.148748 2.90038e-06 0.145966 2.68615e-06
0 4 10 0.108828 2.09958e-06 0.107987 1.91967e-06 0.110549 1.91023e-06 0.111079 1.89049e-06
0 4 11 0.0589057 4.28318e-07 0.0602351 4.22409e-07 0.0605675 4.07768e-07 0.0618731 4.10005e-07
1 4 0 2.82342 0.000312094 2.79034 0.000289431 2.80498 0.000284113 2.80519 0.000271756
1 4 1 1.95019 0.00013447 1.96053 0.000127911 1.95056 0.000122677 1.93953 0.000119854
1 4 2 1.40711 6.82248e-05 1.4046 6.45616e-05 1.41229 6.40653e-05 1.39698 6.07846e-05
1 4 3 1.05315 4.1301e-05 1.05563 3.94369e-05 1.04637 3.76472e-05 1.04226 3.67891e-05
1 4 4 0.796116 2.62932e-05 0.802654 2.58771e-05 0.801099 2.51991e-05 0.791798 2.41099e-05
1 4 5 0.624769 1.86556e-05 0.615496 1.73579e-05 0.618886 1.71537e-05 0.617678 1.66094e-05
1 4 6 0.48012 1.27242e-05 0.478102 1.21152e-05 0.47285 1.17951e-05 0.478073 1.16332e-05
1 4 7 0.389887 9.69811e-06 0.391862 9.14979e-06 0.385488 8.91227e-06 0.385771 8.53519e-06
1 4 8 0.304493 6.83796e-06 0.306369 6.53053e-06 0.30827 6.41536e-06 0.305629 6.18786e-06
1 4 9 0.241528 4.93523e-06 0.246962 4.9573e-06 0.246742 4.72696e-06 0.245309 4.61687e-06
1 4 10 0.190486 3.67351e-06 0.192336 3.41863e-06 0.193642 3.47596e-06 0.193048 3.27961e-06
1 4 11 0.123599 9.43377e-07 0.122693 8.84061e-07 0.120857 8.42339e-07 0.124003 8.58696e-07
0 5 0 2.35172 0.000430913 2.34214 0.000394562 2.36602 0.000379243 2.31981 0.000353821
0 5 1 1.60154 0.000162086 1.59834 0.000153407 1.59841 0.000143581 1.60169 0.000139221
0 5 2 1.12241 7.60377e-05 1.11856 7.04426e-05 1.12087 6.68863e-05 1.13202 6.66673e-05
0 5 3 0.813636 4.32406e-05 0.824631 4.07317e-05 0.816623 3.89951e-05 0.807944 3.6696e-05
0 5 4 0.601836 2.74428e-05 0.597572 2.49838e-05 0.597347 2.37732e-05 0.597587 2.30872e-05
0 5 5 0.454744 1.76692e-05 0.45881 1.70362e-05 0.452821 1.60237e-05 0.451522 1.52228e-05
0 5 6 0.335211 1.16847e-05 0.331409 1.05708e-05 0.334283 1.0587e-05 0.335888 1.0073e-05
0 5 7 0.255038 8.04697e-06 0.257019 7.46578e-06 0.254901 7.19012e-06 0.258821 7.05736e-06
0 5 8 0.198611 5.78219e-06 0.19625 5.26945e-06 0.198401 5.17702e-06 0.197881 5.06411e-06
0 5 9 0.155665 4.4021e-06 0.151172 3.72436e-06 0.152304 3.69219e-06 0.15145 3.44449e-06
0 5 10 0.109755 2.73328e-06 0.109782 2.45168e-06 0.108996 2.35299e-06 0.110625 2.34455e-06
0 5 11 0.0645148 6.69411e-07 0.0639756 6.02197e-07 0.064221 5.68889e-07 0.0652893 5.66258e-07
1 5 0 2.83485 0.0005114 2.79909 0.000465513 2.8344 0.000445969 2.81995 0.000430898
1 5 1 1.96221 0.000197901 1.94688 0.000179092 1.95776 0.000174603 1.95795 0.000165999
1 5 2 1.43678 9.67188e-05 1.44182 9.11084e-05 1.44355 8.59369e-05 1.42447 8.12936e-05
1 5 3 1.08733 5.68535e-05 1.08404 5.27223e-05 1.08734 5.09289e-05 1.07991 4.86465e-05
1 5 4 0.830254 3.62733e-05 0.8346 3.47255e-05 0.827917 3.25566e-05 0.812612 3.06325e-05
1 5 5 0.637622 2.45726e-05 0.625358 2.21327e-05 0.627484 2.13095e-05 0.62964 2.06549e-05
1 5 6 0.493644 1.68963e-05 0.488867 1.52501e-05 0.493669 1.49097e-05 0.492965 1.44314e-05
1 5 7 0.397775 1.24559e-05 0.397384 1.1359e-05 0.394205 1.07748e-05 0.396139 1.05918e-05
1 5 8 0.327128 9.39232e-06 0.324813 8.61904e-06 0.326532 8.29274e-06 0.327624 8.05408e-06
1 5 9 0.263291 7.15813e-06 0.272812 6.78305e-06 0.268191 6.34975e-06 0.26757 6.12447e-06
1 5 10 0.202659 4.98349e-06 0.20785 4.67014e-06 0.207511 4.5203e-06 0.208697 4.30757e-06
1 5 11 0.133704 1.36776e-06 0.135593 1.25848e-06 0.135212 1.20259e-06 0.134706 1.16588e-06
0 6 0 2.36089 0.00145906 2.37342 0.00139162 2.35843 0.00133525 2.33164 0.00123108
0 6 1 1.59207 0.000516653 1.58491 0.000489984 1.53624 0.000446355 1.56977 0.000430894
0 6 2 1.11799 0.000235753 1.12088 0.000218876 1.13301 0.000209373 1.09072 0.000189744
0 6 3 0.807195 0.0001309 0.808472 0.000115685 0.810486 0.000110364 0.797805 0.000102385
0 6 4 0.595938 7.79769e-05 0.585578 6.7924e-05 0.578882 6.3002e-05 0.59065 6.14885e-05
0 6 5 0.434849 4.84617e-05 0.44271 4.34857e-05 0.435496 3.92493e-05 0.424213 3.78633e-05
0 6 6 0.322084 3.16311e-05 0.333617 2.91975e-05 0.329326 2.73679e-05 0.325333 2.51837e-05
0 6 7 0.260954 2.39888e-05 0.259401 2.06137e-05 0.267273 2.01513e-05 0.259566 1.9087e-05
0 6 8 0.196781 1.67497e-05 0.193541 1.38998e-05 0.193811 1.34223e-05 0.193337 1.24968e-05
0 6 9 0.147982 1.1823e-05 0.14888 9.89671e-06 0.148017 9.15333e-06 0.140479 7.91696e-06
0 6 10 0.100744 7.2944e-06 0.101576 6.16028e-06 0.102153 5.54327e-06 0.101567 5.25693e-06
0 6 11 0.06461 2.1431e-06 0.0640339 1.76331e-06 0.0669582 1.71572e-06 0.0678361 1.70225e-06
1 6 0 2.87035 0.00169099 2.84849 0.00158521 2.85921 0.001513 2.83265 0.00146662
1 6 1 1.98913 0.00062396 1.97143 0.000576158 2.00002 0.000568749 1.98161 0.000524564
1 6 2 1.46061 0.000309239 1.45369 0.000271348 1.48729 0.000262283 1.47692 0.000248478
1 6 3 1.1249 0.000179017 1.10765 0.000157228 1.10374 0.000144646 1.10701 0.000141229
1 6 4 0.84881 0.000109522 0.834564 9.25679e-05 0.842558 8.91328e-05 0.835895 8.33424e-05
1 6 5 0.659867 7.17863e-05 0.666239 6.36258e-05 0.666152 6.07572e-05 0.654563 5.4043e-05
1 6 6 0.515825 4.96074e-05 0.512588 4.36893e-05 0.517096 4.12051e-05 0.523388 4.01836e-05
1 6 7 0.418035 3.6725e-05 0.424753 3.24974e-05 0.420911 2.98733e-05 0.418388 2.86544e-05
1 6 8 0.338258 2.80872e-05 0.345526 2.43649e-05 0.346033 2.2239e-05 0.348678 2.19459e-05
1 6 9 0.271635 2.08708e-05 0.278 1.80845e-05 0.27705 1.66634e-05 0.274537 1.5295e-05
1 6 10 0.212658 1.48115e-05 0.219801 1.33403e-05 0.222206 1.22364e-05 0.222957 1.21013e-05
1 6 11 0.148191 4.92444e-06 0.149001 3.98026e-06 0.152027 3.65233e-06 0.155291 3.60616e-06
0 7 0 2.33653 0.00486797 2.2696 0.00454346 2.2766 0.00433248 2.28963 0.0046117
0 7 1 1.49723 0.00142275 1.52278 0.00131025 1.52737 0.00123967 1.54253 0.00121362
0 7 2 1.09477 0.00062653 1.12656 0.000591873 1.10167 0.000528574 1.10961 0.000501038
0 7 3 0.791286 0.00031999 0.796129 0.00029388 0.780806 0.000254615 0.779321 0.000243799
0 7 4 0.571056 0.000176091 0.573336 0.00015728 0.576593 0.000146288 0.586101 0.000143661
0 7 5 0.431233 0.000114547 0.427396 9.94443e-05 0.434334 9.27114e-05 0.422358 8.05283e-05
0 7 6 0.314496 7.11582e-05 0.317848 6.26568e-05 0.326274 6.1655e-05 0.313199 5.66298e-05
0 7 7 0.255013 5.90027e-05 0.250039 4.59066e-05 0.251644 3.97505e-05 0.254548 4.20392e-05
0 7 8 0.182802 3.6614e-05 0.188866 3.14637e-05 0.183345 2.71183e-05 0.179133 2.32047e-05
0 7 9 0.152631 3.22425e-05 0.150944 2.49652e-05 0.158402 2.55161e-05 0.146477 2.01504e-05
0 7 10 0.103957 1.93783e-05 0.105323 1.59012e-05 0.100646 1.2499e-05 0.105218 1.34515e-05
0 7 11 0.0610093 5.51459e-06 0.0595975 3.71258e-06 0.0628484 3.80847e-06 0.0654133 3.66214e-06
1 7 0 2.94103 0.00593933 2.90523 0.00565337 2.82598 0.00525872 2.88798 0.00527927
1 7 1 1.98703 0.00181667 2.00971 0.00174156 1.96259 0.00158083 1.99409 0.00156859
1 7 2 1.51371 0.00083557 1.5251 0.000790441 1.52449 0.00071613 1.52784 0.000703585
1 7 3 1.09616 0.000427642 1.10955 0.000379676 1.13139 0.000374124 1.09862 0.000323798
1 7 4 0.822499 0.000238749 0.843213 0.000218238 0.844954 0.000206854 0.834607 0.000186785
1 7 5 0.658697 0.000168686 0.676241 0.000149819 0.671434 0.000133645 0.662169 0.000124667
1 7 6 0.550101 0.000129452 0.540427 0.000105469 0.555905 0.000100821 0.545501 9.4342e-05
1 7 7 0.43794 9.36741e-05 0.448742 7.93053e-05 0.437925 6.93772e-05 0.445071 6.86634e-05
1 7 8 0.336912 6.51128e-05 0.349832 5.4453e-05 0.352732 4.98705e-05 0.361743 4.93674e-05
1 7 9 0.313164 6.32042e-05 0.31492 5.02037e-05 0.314093 4.56204e-05 0.313972 4.15253e-05
1 7 10 0.247812 5.12513e-05 0.238751 3.41424e-05 0.252022 3.42229e-05 0.245684 3.09235e-05
1 7 11 0.153866 1.22792e-05 0.168691 1.09436e-05 0.167915 9.44121e-06 0.168176 8.92435e-06
0 8 0 2.27271 0.00544207 2.24784 0.00498569 2.2076 0.00451055 2.23699 0.00441153
0 8 1 1.53145 0.00174955 1.51865 0.00157755 1.52726 0.00146558 1.50863 0.00139564
0 8 2 1.05815 0.000709823 1.05846 0.000626281 1.06004 0.000611744 1.07288 0.00057865
0 8 3 0.765308 0.000408496 0.772203 0.000356484 0.780201 0.000342132 0.790636 0.000316564
0 8 4 0.581026 0.00023811 0.564179 0.000195279 0.564693 0.000187243 0.558425 0.000174222
0 8 5 0.437991 0.00015187 0.421354 0.000121559 0.428169 0.000110692 0.421413 0.000104268
0 8 6 0.332167 0.000107352 0.324892 8.71333e-05 0.32243 8.07025e-05 0.325225 7.26162e-05
0 8 7 0.242474 7.66004e-05 0.249981 6.73329e-05 0.251033 6.17304e-05 0.251027 5.7174e-05
0 8 8 0.196744 6.57752e-05 0.190897 5.42354e-05 0.199385 5.06092e-05 0.186612 4.33406e-05
0 8 9 0.140666 6.34664e-05 0.147721 5.81757e-05 0.141783 4.46413e-05 0.149935 4.50032e-05
0 8 10 0.100417 4.313e-05 0.0979263 2.91763e-05 0.101637 2.90872e-05 0.0939712 2.42176e-05
0 8 11 0.0549733 8.93172e-06 0.0562717 7.20672e-06 0.0565573 7.22212e-06 0.05888 7.89342e-06
1 8 0 2.9223 0.0069511 2.88777 0.00610683 2.95779 0.00611443 2.9574 0.00599585
1 8 1 2.07521 0.00235013 2.06939 0.00204121 2.04637 0.00194089 2.05635 0.0018438
1 8 2 1.55382 0.00107944 1.55177 0.000965173 1.54739 0.00091662 1.52612 0.000818903
1 8 3 1.13811 0.000607048 1.1584 0.000538034 1.12735 0.000448756 1.11953 0.000423581
1 8 4 0.899425 0.000347064 0.889848 0.000315744 0.880802 0.000281447 0.893995 0.000268522
1 8 5 0.699152 0.000243189 0.701268 0.000200114 0.703953 0.000185064 0.698295 0.000167835
1 8 6 0.5571 0.000179554 0.551698 0.000143454 0.55814 0.000131154 0.56099 0.000128699
1 8 7 0.439998 0.00013509 0.459061 0.000120005 0.452771 0.000108183 0.458701 9.95518e-05
1 8 8 0.380918 0.000130868 0.387714 0.000106409 0.3822 9.29883e-05 0.388085 9.16058e-05
1 8 9 0.316436 0.00013539 0.332107 0.000117094 0.330635 0.000103362 0.335044 9.48783e-05
1 8 10 0.235735 9.91388e-05 0.242819 8.23645e-05 0.247061 7.62497e-05 0.237866 6.57702e-05
1 8 11 0.139539 2.74196e-05 0.147373 2.12624e-05 0.148605 2.15386e-05 0.150521 1.92074e-05
