0 0 0 2.39372 0.00126814 0.000172213
0 0 1 1.62314 0.000868424 0.000139154
0 0 2 1.15739 0.000648585 0.0001209
0 0 3 0.832083 0.00058865 0.000115923
0 0 4 0.655872 0.000634891 0.00012886
0 0 5 0.455658 0.000610915 0.00017208
0 0 6 0.391631 0.000812477 0.000221367
0 0 7 0.247647 0.000756927 0.000200091
0 0 8 0.176197 0.00121647 0.000276238
0 0 9 0.231263 0.00697442 0.000931465
0 0 10 0 0 0
0 0 11 0 0 0
1 0 0 2.49176 0.0013918 0.000173875
1 0 1 1.72373 0.000993582 0.000144602
1 0 2 1.28533 0.000795663 0.0001341
1 0 3 0.892643 0.000689175 0.000122551
1 0 4 0.690695 0.000785335 0.000134805
1 0 5 0.525373 0.000863619 0.000204801
1 0 6 0.416546 0.00091351 0.000230629
1 0 7 0.321946 0.00124984 0.000263401
1 0 8 0.182773 0.00116926 0.000255208
1 0 9 0.182686 0.00693048 0.000854131
1 0 10 0 0 0
1 0 11 0 0 0
0 1 0 2.38588 0.00128909 0.000168487
0 1 1 1.61691 0.000505542 0.000109371
0 1 2 1.12334 0.000259588 6.25905e-05
0 1 3 0.860478 0.000183264 5.32377e-05
0 1 4 0.653394 0.000133447 4.41783e-05
0 1 5 0.464821 9.77442e-05 4.24957e-05
0 1 6 0.350296 7.61795e-05 3.77993e-05
0 1 7 0.26268 6.07774e-05 3.33669e-05
0 1 8 0.207907 4.94096e-05 3.31889e-05
0 1 9 0.152542 4.04392e-05 3.03465e-05
0 1 10 0.118532 3.42571e-05 2.84457e-05
0 1 11 0.0737557 1.16712e-05 2.01359e-05
1 1 0 2.5897 0.00152498 0.000178953
1 1 1 1.85072 0.000625213 0.000121459
1 1 2 1.35861 0.000344199 7.36865e-05
1 1 3 1.02014 0.000236663 6.17354e-05
1 1 4 0.742201 0.000164228 4.87004e-05
1 1 5 0.564288 0.000130611 4.80432e-05
1 1 6 0.441684 0.000108668 4.47522e-05
1 1 7 0.340649 8.84224e-05 4.13561e-05
1 1 8 0.281676 7.70081e-05 4.0099e-05
1 1 9 0.215218 6.46967e-05 3.83422e-05
1 1 10 0.159042 5.14954e-05 3.20907e-05
1 1 11 0.121061 2.55965e-05 3.11414e-05
0 2 0 2.34864 0.00442212 0.000299496
0 2 1 1.62378 0.00187971 0.000201038
0 2 2 1.17134 0.00085693 0.000111114
0 2 3 0.813279 0.000425949 7.93893e-05
0 2 4 0.617423 0.000252162 5.73147e-05
0 2 5 0.464537 0.000156551 4.79881e-05
0 2 6 0.347751 0.000100104 3.83373e-05
0 2 7 0.254642 6.4902e-05 2.78318e-05
0 2 8 0.206206 4.89944e-05 2.48071e-05
0 2 9 0.150633 3.30123e-05 2.15464e-05
0 2 10 0.110281 2.44779e-05 1.86868e-05
0 2 11 0.0861061 9.02336e-06 1.4304e-05
1 2 0 2.59644 0.00535567 0.000329931
1 2 1 1.80189 0.0022406 0.000219103
1 2 2 1.36742 0.00108968 0.000125348
1 2 3 1.06066 0.000601617 9.75548e-05
1 2 4 0.756922 0.000326675 6.49097e-05
1 2 5 0.585873 0.000203907 5.33039e-05
1 2 6 0.490967 0.000145347 4.67208e-05
1 2 7 0.371308 9.96998e-05 3.47741e-05
1 2 8 0.281207 7.19443e-05 2.96235e-05
1 2 9 0.220637 5.61639e-05 2.67393e-05
1 2 10 0.174497 4.29344e-05 2.45097e-05
1 2 11 0.14233 1.94161e-05 1.93153e-05
0 3 0 2.30538 0.0103439 0.000458014
0 3 1 1.68982 0.00443815 0.000312075
0 3 2 1.19351 0.0020885 0.000174279
0 3 3 0.789931 0.00100103 0.000115719
0 3 4 0.563363 0.000537109 7.70898e-05
0 3 5 0.452494 0.000347237 6.93121e-05
0 3 6 0.297711 0.000193907 4.75068e-05
0 3 7 0.255827 0.000142987 3.97975e-05
0 3 8 0.197687 9.02757e-05 3.27152e-05
0 3 9 0.15366 5.95968e-05 2.79376e-05
0 3 10 0.109884 3.3756e-05 2.15147e-05
0 3 11 0.0808335 1.10649e-05 1.43891e-05
1 3 0 2.79986 0.0140868 0.000546376
1 3 1 1.83022 0.00516029 0.000327614
1 3 2 1.39111 0.00265017 0.000192666
1 3 3 1.03243 0.00133913 0.000144573
1 3 4 0.780273 0.000791469 9.48518e-05
1 3 5 0.585187 0.00046647 7.90747e-05
1 3 6 0.461441 0.000300854 6.32399e-05
1 3 7 0.375623 0.000207416 4.80841e-05
1 3 8 0.301257 0.000138665 3.89982e-05
1 3 9 0.225772 8.91712e-05 3.06819e-05
1 3 10 0.190668 6.48668e-05 2.77491e-05
1 3 11 0.164299 3.16647e-05 2.23351e-05
0 4 0 2.39762 0.0135683 0.000528378
0 4 1 1.63409 0.00496364 0.000342927
0 4 2 1.15998 0.00240143 0.000183607
0 4 3 0.756904 0.00115202 0.000119974
0 4 4 0.618503 0.000713021 8.8878e-05
0 4 5 0.440787 0.000413321 7.21455e-05
0 4 6 0.330942 0.000245656 5.61198e-05
0 4 7 0.248846 0.000158661 3.98182e-05
0 4 8 0.189637 0.000100141 3.24222e-05
0 4 9 0.150566 6.74021e-05 2.69432e-05
0 4 10 0.0998752 3.76539e-05 2.00876e-05
0 4 11 0.0767492 1.22182e-05 1.42766e-05
1 4 0 2.78826 0.0175112 0.000604457
1 4 1 1.97419 0.00645726 0.000373905
1 4 2 1.46135 0.00312515 0.000207058
1 4 3 1.10476 0.00178179 0.00016742
1 4 4 0.800624 0.000967608 0.000107995
1 4 5 0.646911 0.000614968 9.14503e-05
1 4 6 0.511412 0.000396978 7.67791e-05
1 4 7 0.385863 0.000252911 5.05512e-05
1 4 8 0.288697 0.000150239 3.93688e-05
1 4 9 0.22279 9.94082e-05 3.28161e-05
1 4 10 0.189858 7.36252e-05 2.96825e-05
1 4 11 0.167001 3.61363e-05 2.26981e-05
0 5 0 2.13676 0.0259859 0.000742959
0 5 1 1.50559 0.00815675 0.000396191
0 5 2 1.03734 0.00322432 0.000210147
0 5 3 0.741995 0.00172812 0.000159602
0 5 4 0.521565 0.000968264 9.93949e-05
0 5 5 0.379477 0.000588275 7.6491e-05
0 5 6 0.261419 0.00032398 5.58037e-05
0 5 7 0.182521 0.00018554 3.82245e-05
0 5 8 0.19609 0.000180964 4.13294e-05
0 5 9 0.136412 0.000109979 3.09054e-05
0 5 10 0.0840827 5.45085e-05 2.39266e-05
0 5 11 0.0686904 2.02088e-05 1.66794e-05
1 5 0 2.70006 0.0353005 0.000807787
1 5 1 2.16009 0.0123309 0.000591556
1 5 2 1.60851 0.0053816 0.000304017
1 5 3 1.23668 0.00299054 0.00023157
1 5 4 0.870308 0.00162078 0.000144297
1 5 5 0.651496 0.000961358 0.000107554
1 5 6 0.493111 0.000593916 8.66822e-05
1 5 7 0.405391 0.000421717 6.62635e-05
1 5 8 0.306108 0.000259479 4.95155e-05
1 5 9 0.232671 0.000170298 3.93746e-05
1 5 10 0.152483 9.35089e-05 2.57048e-05
1 5 11 0.167368 5.88389e-05 2.76437e-05
0 6 0 1.69392 0.117866 0.00163056
0 6 1 1.29513 0.0303748 0.000853384
0 6 2 0.888795 0.010867 0.000384124
0 6 3 0.688639 0.00550393 0.000276118
0 6 4 0.503627 0.00283013 0.000197262
0 6 5 0.290479 0.00135287 0.000111015
0 6 6 0.213147 0.000832622 8.39475e-05
0 6 7 0.150601 0.000548722 6.19145e-05
0 6 8 0.153819 0.000461554 6.46369e-05
0 6 9 0.0799704 0.000214786 3.93299e-05
0 6 10 0.0632835 0.00014185 3.51759e-05
0 6 11 0.0466752 5.59541e-05 2.35012e-05
1 6 0 2.97759 0.228038 0.00292188
1 6 1 1.79479 0.0414852 0.00094081
1 6 2 1.40031 0.0174542 0.000538568
1 6 3 1.14852 0.00889636 0.000404756
1 6 4 0.78891 0.00419418 0.000244602
1 6 5 0.637719 0.00263124 0.000174449
1 6 6 0.479399 0.00163894 0.000143221
1 6 7 0.345616 0.0010629 9.05141e-05
1 6 8 0.29066 0.000766884 8.26218e-05
1 6 9 0.194606 0.000437451 5.76805e-05
1 6 10 0.146181 0.000291691 4.71666e-05
1 6 11 0.144317 0.000163593 3.96298e-05
0 7 0 0 0 0
0 7 1 1.11988 0.0864013 0.00140427
0 7 2 1.06681 0.0383147 0.000801889
0 7 3 0.581425 0.0143953 0.000472039
0 7 4 0.354342 0.0052467 0.00023194
0 7 5 0.410196 0.00514434 0.000270342
0 7 6 0.254104 0.00227321 0.000173722
0 7 7 0.131061 0.00101693 9.49575e-05
0 7 8 0.0851918 0.000621232 7.39613e-05
0 7 9 0.0394495 0.000474056 9.24915e-05
0 7 10 0.0493622 0.000352602 6.93772e-05
0 7 11 0.0502563 0.000169466 5.57003e-05
1 7 0 4.74214 3.12408 0.0159302
1 7 1 2.39753 0.19025 0.00280596
1 7 2 1.27126 0.0387717 0.000715576
1 7 3 1.16499 0.0223383 0.000632948
1 7 4 1.00129 0.0116476 0.000414545
1 7 5 0.653485 0.00634952 0.000314128
1 7 6 0.48889 0.00376916 0.000221003
1 7 7 0.354309 0.00241863 0.000139164
1 7 8 0.23554 0.00148026 0.000104157
1 7 9 0.147394 0.000837453 6.59385e-05
1 7 10 0.17918 0.000982592 0.000109735
1 7 11 0.126679 0.000358642 5.25504e-05
0 8 0 0 0 0
0 8 1 0.678343 0.149799 0.00166705
0 8 2 0.713094 0.0421739 0.00083927
0 8 3 0.492308 0.0163517 0.000526283
0 8 4 0.274705 0.00588503 0.000262775
0 8 5 0.243118 0.00409037 0.000210969
0 8 6 0.209948 0.00340487 0.000227735
0 8 7 0.16701 0.00273379 0.000288542
0 8 8 0.0575037 0.00166772 0.00020508
0 8 9 0.1101 0.00179702 0.000207256
0 8 10 0.0656468 0.00220431 0.000358799
0 8 11 0.022494 0.000129337 5.34778e-05
1 8 0 0 0 0
1 8 1 1.96308 0.397162 0.00455514
1 8 2 0.908333 0.0484688 0.000816529
1 8 3 1.06046 0.028256 0.000891258
1 8 4 0.896853 0.0150904 0.000516035
1 8 5 0.464041 0.00532264 0.000244912
1 8 6 0.397329 0.00409017 0.000243836
1 8 7 0.356683 0.00308689 0.000226751
1 8 8 0.357717 0.00315595 0.000240125
1 8 9 0.176898 0.00169831 0.000169029
1 8 10 0.150659 0.00121816 0.000142323
1 8 11 0.079249 0.000363761 6.28423e-05
