0 0 0 2.31029 0.000348426 9.79266e-05
0 0 1 1.56983 0.000244855 8.27593e-05
0 0 2 1.13321 0.00018787 7.49249e-05
0 0 3 0.799367 0.000170009 7.30971e-05
0 0 4 0.595308 0.00018109 8.01189e-05
0 0 5 0.42854 0.00020516 0.000119072
0 0 6 0.329207 0.000239228 0.000137802
0 0 7 0.258319 0.000336685 0.000175872
0 0 8 0.143116 0.000382482 0.000173826
0 0 9 0.189759 0.00237346 0.000587374
0 0 10 0 0 0
0 0 11 0 0 0
1 0 0 2.59501 0.000389819 0.000102534
1 0 1 1.81053 0.000281996 8.93766e-05
1 0 2 1.32461 0.000218874 8.25354e-05
1 0 3 0.984106 0.00020767 8.42699e-05
1 0 4 0.748102 0.000230211 9.41784e-05
1 0 5 0.568954 0.000276488 0.000149006
1 0 6 0.418573 0.000294758 0.000162359
1 0 7 0.367689 0.000492013 0.000223281
1 0 8 0.242156 0.000661492 0.000273195
1 0 9 0.0998223 0.0012765 0.000296282
1 0 10 0 0 0
1 0 11 0 0 0
0 1 0 2.34998 0.000289573 8.50365e-05
0 1 1 1.60093 0.000133298 5.95663e-05
0 1 2 1.13298 7.63525e-05 3.89785e-05
0 1 3 0.830928 5.3896e-05 3.34259e-05
0 1 4 0.609248 3.97785e-05 2.92671e-05
0 1 5 0.45553 3.21052e-05 3.0289e-05
0 1 6 0.33765 2.54985e-05 2.78345e-05
0 1 7 0.261071 2.14252e-05 2.6296e-05
0 1 8 0.191841 1.69487e-05 2.43514e-05
0 1 9 0.148898 1.45638e-05 2.38021e-05
0 1 10 0.120933 1.30627e-05 2.51326e-05
0 1 11 0.0776238 5.02759e-06 1.79243e-05
1 1 0 2.69956 0.000328743 9.06633e-05
1 1 1 1.91993 0.000158891 6.61665e-05
1 1 2 1.37725 9.22124e-05 4.35204e-05
1 1 3 1.04677 6.76713e-05 3.82478e-05
1 1 4 0.77735 5.07513e-05 3.32151e-05
1 1 5 0.586695 4.14859e-05 3.4845e-05
1 1 6 0.46876 3.60049e-05 3.40023e-05
1 1 7 0.347297 2.85673e-05 3.1097e-05
1 1 8 0.274487 2.49696e-05 2.96188e-05
1 1 9 0.208148 2.10469e-05 2.90203e-05
1 1 10 0.16312 1.83597e-05 2.83451e-05
1 1 11 0.127639 9.56152e-06 2.52159e-05
0 2 0 2.33085 0.000819709 0.000137258
0 2 1 1.62956 0.000375558 9.71527e-05
0 2 2 1.1407 0.000188283 5.83037e-05
0 2 3 0.819805 0.000109653 4.6316e-05
0 2 4 0.591401 6.72418e-05 3.5059e-05
0 2 5 0.441414 4.41654e-05 3.14908e-05
0 2 6 0.339493 3.06805e-05 2.69326e-05
0 2 7 0.25564 2.15421e-05 2.12897e-05
0 2 8 0.191241 1.55714e-05 1.84836e-05
0 2 9 0.143345 1.10857e-05 1.65157e-05
0 2 10 0.116762 9.19501e-06 1.65588e-05
0 2 11 0.0798762 2.98739e-06 1.04185e-05
1 2 0 2.77765 0.000961362 0.00015067
1 2 1 1.95398 0.000444201 0.000106487
1 2 2 1.43048 0.000233704 6.69623e-05
1 2 3 1.08533 0.000144849 5.50187e-05
1 2 4 0.786559 8.80063e-05 4.08633e-05
1 2 5 0.632175 6.28964e-05 3.89788e-05
1 2 6 0.487752 4.38195e-05 3.34585e-05
1 2 7 0.372404 3.17506e-05 2.64206e-05
1 2 8 0.285596 2.34872e-05 2.29422e-05
1 2 9 0.213878 1.70909e-05 2.00367e-05
1 2 10 0.178778 1.45749e-05 2.04939e-05
1 2 11 0.137681 6.26806e-06 1.43389e-05
0 3 0 2.40094 0.00167781 0.000199893
0 3 1 1.58531 0.000702543 0.000131567
0 3 2 1.14753 0.000369358 8.16881e-05
0 3 3 0.788716 0.000201572 6.11498e-05
0 3 4 0.562722 0.000123711 4.59468e-05
0 3 5 0.439505 8.40332e-05 4.25299e-05
0 3 6 0.307678 5.13254e-05 3.28777e-05
0 3 7 0.240923 3.59578e-05 2.60141e-05
0 3 8 0.183889 2.41192e-05 2.19145e-05
0 3 9 0.138428 1.61538e-05 1.85492e-05
0 3 10 0.107008 1.1001e-05 1.67241e-05
0 3 11 0.0781997 3.66659e-06 1.06622e-05
1 3 0 2.91356 0.00198347 0.000221893
1 3 1 1.9759 0.000862287 0.000151598
1 3 2 1.46148 0.00046742 9.47923e-05
1 3 3 1.05254 0.00026542 7.37893e-05
1 3 4 0.813346 0.000177346 5.75128e-05
1 3 5 0.635861 0.000120933 5.32152e-05
1 3 6 0.481675 7.93041e-05 4.40545e-05
1 3 7 0.365623 5.43378e-05 3.28585e-05
1 3 8 0.296802 3.92127e-05 2.87346e-05
1 3 9 0.230512 2.72563e-05 2.45695e-05
1 3 10 0.18306 1.97746e-05 2.18038e-05
1 3 11 0.15619 9.52056e-06 1.56696e-05
0 4 0 2.26433 0.00161426 0.000185753
0 4 1 1.56004 0.000704622 0.000125664
0 4 2 1.11493 0.00035725 7.69822e-05
0 4 3 0.777484 0.000199842 5.75435e-05
0 4 4 0.560896 0.000122029 4.43862e-05
0 4 5 0.411929 7.7287e-05 3.80583e-05
0 4 6 0.288925 4.73656e-05 2.95153e-05
0 4 7 0.234235 3.47072e-05 2.41896e-05
0 4 8 0.164538 2.12919e-05 1.88527e-05
0 4 9 0.133478 1.57809e-05 1.74017e-05
0 4 10 0.100782 1.05176e-05 1.50024e-05
0 4 11 0.0730474 3.37407e-06 9.14151e-06
1 4 0 2.90021 0.0020176 0.000214937
1 4 1 2.0384 0.000907469 0.000149012
1 4 2 1.47399 0.000464335 9.06623e-05
1 4 3 1.08401 0.000275131 7.20811e-05
1 4 4 0.822524 0.000176419 5.63558e-05
1 4 5 0.610161 0.000113081 4.81067e-05
1 4 6 0.490594 7.98016e-05 4.20744e-05
1 4 7 0.37879 5.53685e-05 3.15942e-05
1 4 8 0.286227 3.69927e-05 2.60688e-05
1 4 9 0.224314 2.63536e-05 2.23945e-05
1 4 10 0.173459 1.82794e-05 1.95617e-05
1 4 11 0.151197 9.03094e-06 1.38397e-05
0 5 0 2.28247 0.00209006 0.000207632
0 5 1 1.52332 0.000887123 0.000139283
0 5 2 1.03454 0.000420047 8.04493e-05
0 5 3 0.739173 0.000241853 6.26378e-05
0 5 4 0.516829 0.000144779 4.55611e-05
0 5 5 0.385999 9.48717e-05 4.00157e-05
0 5 6 0.254574 5.43382e-05 2.96428e-05
0 5 7 0.198457 3.75355e-05 2.32316e-05
0 5 8 0.155131 2.66e-05 1.97915e-05
0 5 9 0.119937 1.86749e-05 1.71832e-05
0 5 10 0.0832009 1.13589e-05 1.39084e-05
0 5 11 0.0593946 3.83441e-06 8.32662e-06
1 5 0 2.95356 0.00264204 0.000242206
1 5 1 2.07777 0.00118155 0.000169099
1 5 2 1.54214 0.000615941 0.000104361
1 5 3 1.12744 0.000363074 8.31299e-05
1 5 4 0.866748 0.000238341 6.47774e-05
1 5 5 0.652942 0.000155949 5.65432e-05
1 5 6 0.482875 0.000100733 4.56914e-05
1 5 7 0.370644 6.89879e-05 3.42562e-05
1 5 8 0.278703 4.67785e-05 2.71331e-05
1 5 9 0.22043 3.37789e-05 2.38719e-05
1 5 10 0.168231 2.29091e-05 2.02553e-05
1 5 11 0.140487 1.11035e-05 1.34609e-05
0 6 0 2.2015 0.00479166 0.000315105
0 6 1 1.45394 0.00205721 0.00021628
0 6 2 1.02443 0.00104373 0.000131409
0 6 3 0.677676 0.000561637 9.46205e-05
0 6 4 0.458533 0.000321413 6.88316e-05
0 6 5 0.331062 0.000201724 5.77582e-05
0 6 6 0.239123 0.000130142 4.60404e-05
0 6 7 0.172016 8.69891e-05 3.19312e-05
0 6 8 0.114843 5.21357e-05 2.40617e-05
0 6 9 0.0899735 3.70364e-05 2.17253e-05
0 6 10 0.0608685 2.22091e-05 1.72706e-05
0 6 11 0.0490875 9.52206e-06 1.23639e-05
1 6 0 3.13749 0.00659028 0.00040832
1 6 1 2.1665 0.00294657 0.000281566
1 6 2 1.56969 0.00155434 0.000172231
1 6 3 1.15127 0.00093874 0.000138967
1 6 4 0.819732 0.000555412 9.76556e-05
1 6 5 0.610857 0.000362276 8.45403e-05
1 6 6 0.464136 0.000247619 7.04091e-05
1 6 7 0.356216 0.000171448 5.31811e-05
1 6 8 0.267651 0.000117538 4.22613e-05
1 6 9 0.18803 7.51229e-05 3.22826e-05
1 6 10 0.146587 5.4162e-05 2.81617e-05
1 6 11 0.12715 2.83601e-05 2.16946e-05
0 7 0 2.14211 0.0152725 0.000877557
0 7 1 1.30993 0.0047653 0.000470925
0 7 2 0.953927 0.00235901 0.000252735
0 7 3 0.642943 0.00119312 0.000171953
0 7 4 0.413817 0.000614894 0.000104719
0 7 5 0.282804 0.00035442 7.28717e-05
0 7 6 0.190596 0.000216881 5.6831e-05
0 7 7 0.167951 0.000176768 4.91907e-05
0 7 8 0.0952216 8.85329e-05 3.01561e-05
0 7 9 0.0699197 6.89571e-05 2.42591e-05
0 7 10 0.0584376 5.06331e-05 2.52859e-05
0 7 11 0.0363135 1.64309e-05 1.4794e-05
1 7 0 3.027 0.0209651 0.00111188
1 7 1 2.03964 0.00727855 0.000636723
1 7 2 1.53774 0.00369351 0.000336759
1 7 3 1.03271 0.00184003 0.000229083
1 7 4 0.821282 0.00114512 0.00016486
1 7 5 0.600338 0.000722201 0.000124885
1 7 6 0.459729 0.000520226 0.000103107
1 7 7 0.317788 0.000324457 6.89329e-05
1 7 8 0.25194 0.000232352 5.8726e-05
1 7 9 0.204713 0.000193341 5.24082e-05
1 7 10 0.133077 0.000117846 3.78574e-05
1 7 11 0.124981 6.29047e-05 3.11891e-05
0 8 0 2.13967 0.0107933 0.000806745
0 8 1 1.30295 0.00334438 0.000432651
0 8 2 0.86308 0.00147859 0.000214894
0 8 3 0.597314 0.000817871 0.000158038
0 8 4 0.380655 0.000430839 9.76005e-05
0 8 5 0.268388 0.000258913 7.15886e-05
0 8 6 0.178484 0.000164635 5.42215e-05
0 8 7 0.127687 0.000119113 4.64002e-05
0 8 8 0.0854053 8.58158e-05 3.67592e-05
0 8 9 0.0789431 0.00010778 5.59407e-05
0 8 10 0.0466899 5.54843e-05 3.98604e-05
0 8 11 0.0270359 1.61863e-05 1.9126e-05
1 8 0 3.02978 0.014748 0.000985219
1 8 1 1.93466 0.00485809 0.000548291
1 8 2 1.51335 0.00257787 0.000311632
1 8 3 1.08742 0.00144836 0.000233157
1 8 4 0.803764 0.000900669 0.000162709
1 8 5 0.607973 0.000591105 0.000124119
1 8 6 0.42815 0.000393456 9.85925e-05
1 8 7 0.314617 0.000287562 8.1611e-05
1 8 8 0.293128 0.000300934 8.81011e-05
1 8 9 0.227448 0.00030599 0.00010611
1 8 10 0.179787 0.000232839 9.66946e-05
1 8 11 0.100811 6.96358e-05 4.59497e-05
