0.004 0.1 0.2 0 0 0 0 0 0 0 0 0 0 0 0 0 0 0 0 0 0 0 0
0.004 0.1 0.25 0 0 0 0 0 0 0 0 0 0 0 0 0 0 0 0 0 0 0 0
0.004 0.1 0.3 0 0 0 0 0 0 0 0 0 0 0 0 0 0 0 0 0 0 0 0
0.004 0.1 0.35 0 0 0 0 0 0 0 0 0 0 0 0 0 0 0 0 0 0 0 0
0.004 0.1 0.4 0 0 0 0 0 0 0 0 0 0 0 0 0 0 0 0 0 0 0 0
0.004 0.1 0.45 0 0 0 0 0 0 0 0 0 0 0 0 0 0 0 0 0 0 0 0
0.004 0.1 0.5 0 0 0 0 0 0 0 0 0 0 0 0 0 0 0 0 0 0 0 0
0.004 0.1 0.55 0 0 0 0 0 0 0 0 0 0 0 0 0 0 0 0 0 0 0 0
0.004 0.1 0.6 0 0 0 0 0 0 0 0 0 0 0 0 0 0 0 0 0 0 0 0
0.004 0.1 0.65 0 0 0 0 0 0 0 0 0 0 0 0 0 0 0 0 0 0 0 0
0.004 0.1 0.7 0 0 0 0 0 0 0 0 0 0 0 0 0 0 0 0 0 0 0 0
0.004 0.1 0.75 0 0 0 0 0 0 0 0 0 0 0 0 0 0 0 0 0 0 0 0
0.004 0.15 0.2 0 0 0 0 0 0 0 0 0 0 0 0 0 0 0 0 0 0 0 0
0.004 0.15 0.25 0 0 0 0 0 0 0 0 0 0 0 0 0 0 0 0 0 0 0 0
0.004 0.15 0.3 0 0 0 0 0 0 0 0 0 0 0 0 0 0 0 0 0 0 0 0
0.004 0.15 0.35 0 0 0 0 0 0 0 0 0 0 0 0 0 0 0 0 0 0 0 0
0.004 0.15 0.4 0 0 0 0 0 0 0 0 0 0 0 0 0 0 0 0 0 0 0 0
0.004 0.15 0.45 0 0 0 0 0 0 0 0 0 0 0 0 0 0 0 0 0 0 0 0
0.004 0.15 0.5 0 0 0 0 0 0 0 0 0 0 0 0 0 0 0 0 0 0 0 0
0.004 0.15 0.55 0 0 0 0 0 0 0 0 0 0 0 0 0 0 0 0 0 0 0 0
0.004 0.15 0.6 0 0 0 0 0 0 0 0 0 0 0 0 0 0 0 0 0 0 0 0
0.004 0.15 0.65 0 0 0 0 0 0 0 0 0 0 0 0 0 0 0 0 0 0 0 0
0.004 0.15 0.7 0 0 0 0 0 0 0 0 0 0 0 0 0 0 0 0 0 0 0 0
0.004 0.15 0.75 0 0 0 0 0 0 0 0 0 0 0 0 0 0 0 0 0 0 0 0
0.004 0.2 0.2 0 0 0 0 0 0 0 0 0 0 0 0 0 0 0 0 0 0 0 0
0.004 0.2 0.25 0 0 0 0 0 0 0 0 0 0 0 0 0 0 0 0 0 0 0 0
0.004 0.2 0.3 0 0 0 0 0 0 0 0 0 0 0 0 0 0 0 0 0 0 0 0
0.004 0.2 0.35 0 0 0 0 0 0 0 0 0 0 0 0 0 0 0 0 0 0 0 0
0.004 0.2 0.4 0 0 0 0 0 0 0 0 0 0 0 0 0 0 0 0 0 0 0 0
0.004 0.2 0.45 0 0 0 0 0 0 0 0 0 0 0 0 0 0 0 0 0 0 0 0
0.004 0.2 0.5 0 0 0 0 0 0 0 0 0 0 0 0 0 0 0 0 0 0 0 0
0.004 0.2 0.55 0 0 0 0 0 0 0 0 0 0 0 0 0 0 0 0 0 0 0 0
0.004 0.2 0.6 0 0 0 0 0 0 0 0 0 0 0 0 0 0 0 0 0 0 0 0
0.004 0.2 0.65 0 0 0 0 0 0 0 0 0 0 0 0 0 0 0 0 0 0 0 0
0.004 0.2 0.7 0 0 0 0 0 0 0 0 0 0 0 0 0 0 0 0 0 0 0 0
0.004 0.2 0.75 0 0 0 0 0 0 0 0 0 0 0 0 0 0 0 0 0 0 0 0
0.004 0.3 0.2 0.00865779 0.444772 1.14696 0.222564 0.219375 0.00560292 3.65406e-05 3070.86 228511 1 0.00865779 0.444772 1.14696 0.222564 0.165917 0.00482315 3.0877e-05 2285.91 228511 1
0.004 0.3 0.25 0.00886351 0.434915 1.15 0.272196 0.160652 0.00441146 3.12385e-05 2479.3 254454 1 0.00886351 0.434915 1.15 0.272196 0.123445 0.00387447 2.68849e-05 1887.18 254454 1
0.004 0.3 0.3 0.00879821 0.433061 1.13401 0.323613 0.132559 0.00404675 3.24067e-05 1881.99 254454 1 0.00879821 0.433061 1.13401 0.323613 0.0957421 0.00344344 2.57077e-05 1379.05 254454 1
0.004 0.3 0.35 0.00884235 0.433655 1.14349 0.372782 0.0892093 0.00328536 2.55869e-05 1376.36 254454 1 0.00884235 0.433655 1.14349 0.372782 0.0619328 0.00268161 1.97939e-05 979.979 254454 1
0.004 0.3 0.4 0.00878773 0.433586 1.13853 0.423942 0.0734379 0.00312978 2.46443e-05 1176.48 254454 1 0.00878773 0.433586 1.13853 0.423942 0.0473835 0.0024016 1.76571e-05 810.379 254454 1
0.004 0.3 0.45 0.00860856 0.437126 1.11885 0.473061 0.0607373 0.00301328 2.39476e-05 990.355 243041 1 0.00860856 0.437126 1.11885 0.473061 0.0400117 0.00237328 1.83856e-05 656.598 243041 1
0.004 0.3 0.5 0.0090574 0.411273 1.10196 0.522925 0.0484078 0.00332226 2.61899e-05 567.923 162857 1 0.0090574 0.411273 1.10196 0.522925 0.0310371 0.00260813 2.07394e-05 347.463 162857 1
0.004 0.3 0.55 0.00951616 0.387331 1.09474 0.573995 0.04006 0.0044316 3.63224e-05 264.265 88182 1 0.00951616 0.387331 1.09474 0.573995 0.0235578 0.00308139 2.29199e-05 159.892 88182 1
0.004 0.3 0.6 0.00947603 0.37636 1.04668 0.621645 0.0299017 0.00543456 4.46764e-05 102.802 37786 1 0.00947603 0.37636 1.04668 0.621645 0.018262 0.00420341 3.44531e-05 48.0182 37786 1
0.004 0.3 0.65 0.00975427 0.353693 1.03293 0.677727 0.0210209 0.00931188 8.05412e-05 17.8984 9034 1 0.00975427 0.353693 1.03293 0.677727 0.0198104 0.00748394 8.17373e-05 18.4935 9034 1
0.004 0.3 0.7 0 0 0 0 0 0 0 0 2 0 0 0 0 0 0 0 0 0 2 0
0.004 0.3 0.75 0 0 0 0 0 0 0 0 0 0 0 0 0 0 0 0 0 0 0 0
0.004 0.5 0.2 0.00748821 0.597083 1.32209 0.223033 0.199335 0.00357543 2.34747e-05 5452.29 481498 1 0.00748821 0.597083 1.32209 0.223033 0.168285 0.00332785 2.1717e-05 4524.75 481498 1
0.004 0.5 0.25 0.00753034 0.596267 1.32772 0.273333 0.154656 0.00329572 2.24202e-05 4055.15 481498 1 0.00753034 0.596267 1.32772 0.273333 0.119182 0.00291037 1.88384e-05 3117.35 481498 1
0.004 0.5 0.3 0.007453 0.595687 1.31398 0.324676 0.118071 0.00322272 2.08954e-05 3080.59 475673 1 0.007453 0.595687 1.31398 0.324676 0.0914974 0.00279977 1.77872e-05 2313.85 475673 1
0.004 0.5 0.35 0.00768659 0.567394 1.28967 0.373058 0.0960577 0.00375137 2.52577e-05 1701.83 313848 1 0.00768659 0.567394 1.28967 0.373058 0.0724887 0.00311561 2.05983e-05 1307.41 313848 1
0.004 0.5 0.4 0.00803672 0.52973 1.25701 0.42667 0.090987 0.00582585 4.22745e-05 715.475 142750 1 0.00803672 0.52973 1.25701 0.42667 0.0630812 0.00438734 3.11566e-05 534.338 142750 1
0.004 0.5 0.45 0.00779208 0.511821 1.15232 0.471794 0 0 0 80.4165 20706 0 0.00779208 0.511821 1.15232 0.471794 0 0 0 32.9921 20706 0
0.004 0.5 0.5 0 0 0 0 0 0 0 0 5 0 0 0 0 0 0 0 0 0 5 0
0.004 0.5 0.55 0 0 0 0 0 0 0 0 0 0 0 0 0 0 0 0 0 0 0 0
0.004 0.5 0.6 0 0 0 0 0 0 0 0 0 0 0 0 0 0 0 0 0 0 0 0
0.004 0.5 0.65 0 0 0 0 0 0 0 0 0 0 0 0 0 0 0 0 0 0 0 0
0.004 0.5 0.7 0 0 0 0 0 0 0 0 0 0 0 0 0 0 0 0 0 0 0 0
0.004 0.5 0.75 0 0 0 0 0 0 0 0 0 0 0 0 0 0 0 0 0 0 0 0
0.01 0.1 0.2 0 0 0 0 0 0 0 0 0 0 0 0 0 0 0 0 0 0 0 0
0.01 0.1 0.25 0 0 0 0 0 0 0 0 0 0 0 0 0 0 0 0 0 0 0 0
0.01 0.1 0.3 0 0 0 0 0 0 0 0 0 0 0 0 0 0 0 0 0 0 0 0
0.01 0.1 0.35 0 0 0 0 0 0 0 0 0 0 0 0 0 0 0 0 0 0 0 0
0.01 0.1 0.4 0 0 0 0 0 0 0 0 0 0 0 0 0 0 0 0 0 0 0 0
0.01 0.1 0.45 0 0 0 0 0 0 0 0 0 0 0 0 0 0 0 0 0 0 0 0
0.01 0.1 0.5 0 0 0 0 0 0 0 0 0 0 0 0 0 0 0 0 0 0 0 0
0.01 0.1 0.55 0 0 0 0 0 0 0 0 0 0 0 0 0 0 0 0 0 0 0 0
0.01 0.1 0.6 0 0 0 0 0 0 0 0 0 0 0 0 0 0 0 0 0 0 0 0
0.01 0.1 0.65 0 0 0 0 0 0 0 0 0 0 0 0 0 0 0 0 0 0 0 0
0.01 0.1 0.7 0 0 0 0 0 0 0 0 0 0 0 0 0 0 0 0 0 0 0 0
0.01 0.1 0.75 0 0 0 0 0 0 0 0 0 0 0 0 0 0 0 0 0 0 0 0
0.01 0.15 0.2 0 0 0 0 0 0 0 0 0 0 0 0 0 0 0 0 0 0 0 0
0.01 0.15 0.25 0 0 0 0 0 0 0 0 0 0 0 0 0 0 0 0 0 0 0 0
0.01 0.15 0.3 0 0 0 0 0 0 0 0 0 0 0 0 0 0 0 0 0 0 0 0
0.01 0.15 0.35 0 0 0 0 0 0 0 0 29 0 0 0 0 0 0 0 0 0 29 0
0.01 0.15 0.4 0.0182938 0.191988 1.0643 0.422332 0.0678012 0.0072389 6.18286e-05 183.843 33956 1 0.0182938 0.191988 1.0643 0.422332 0.0449237 0.00615841 4.52651e-05 118.144 33956 1
0.01 0.15 0.45 0.0188302 0.18564 1.06133 0.473672 0.0690456 0.00568473 5.35226e-05 299.889 62174 1 0.0188302 0.18564 1.06133 0.473672 0.0413485 0.0042979 3.76306e-05 187.626 62174 1
0.01 0.15 0.5 0.0188242 0.188549 1.07564 0.52716 0.0452278 0.00440611 3.47601e-05 228.697 62176 1 0.0188242 0.188549 1.07564 0.52716 0.035477 0.0039685 3.09637e-05 153.527 62176 1
0.01 0.15 0.55 0.0191208 0.187442 1.08091 0.572674 0.0398847 0.00406096 3.91057e-05 191.329 62176 1 0.0191208 0.187442 1.08091 0.572674 0.019668 0.002669 2.25356e-05 107.362 62176 1
0.01 0.15 0.6 0.01875 0.187866 1.05959 0.628345 0.0305201 0.00341608 3.0518e-05 149.918 62176 1 0.01875 0.187866 1.05959 0.628345 0.0149775 0.00235364 2.03661e-05 81.4385 62176 1
0.01 0.15 0.65 0.0189574 0.185483 1.03466 0.67049 0.0346336 0.00418985 4.45311e-05 120.217 62176 1 0.0189574 0.185483 1.03466 0.67049 0.014628 0.00260027 2.43792e-05 57.4718 62176 1
0.01 0.15 0.7 0.0189203 0.182689 1.04574 0.726998 0.0161015 0.0026257 2.25117e-05 67.4848 62176 1 0.0189203 0.182689 1.04574 0.726998 0.0102029 0.00224422 1.87262e-05 38.0633 62176 1
0.01 0.15 0.75 0.0189077 0.187711 1.06775 0.806939 0.0177677 0.00207115 2.59356e-05 128.091 62176 1 0.0189077 0.187711 1.06775 0.806939 0.00426061 0.000964546 6.95631e-06 39.1968 62176 1
0.01 0.2 0.2 0 0 0 0 0 0 0 0 0 0 0 0 0 0 0 0 0 0 0 0
0.01 0.2 0.25 0.0153566 0.293883 1.40636 0.273554 0 0 0 168.317 18637 0 0.0153566 0.293883 1.40636 0.273554 0 0 0 146.351 18637 0
0.01 0.2 0.3 0.0156121 0.275422 1.28595 0.323501 0.12972 0.00368814 2.67979e-05 2522.47 299202 1 0.0156121 0.275422 1.28595 0.323501 0.0931415 0.00315628 2.24705e-05 1764.02 299202 1
0.01 0.2 0.35 0.0161207 0.259257 1.24237 0.374449 0.0989697 0.00245211 1.82576e-05 3354.57 489998 1 0.0161207 0.259257 1.24237 0.374449 0.0641947 0.00193641 1.39314e-05 2200.93 489998 1
0.01 0.2 0.4 0.0164845 0.25234 1.2346 0.424543 0.0768991 0.00194343 1.55771e-05 3082.86 553654 1 0.0164845 0.25234 1.2346 0.424543 0.0477172 0.00149538 1.14108e-05 1987.83 553654 1
0.01 0.2 0.45 0.0162802 0.255674 1.23225 0.473263 0.0582829 0.00163872 1.42131e-05 2419.61 553863 1 0.0162802 0.255674 1.23225 0.473263 0.036474 0.00128811 1.08231e-05 1512.93 553863 1
0.01 0.2 0.5 0.0163937 0.252109 1.2239 0.523157 0.0482878 0.00149914 1.36188e-05 1885.49 553863 1 0.0163937 0.252109 1.2239 0.523157 0.0272001 0.00108736 9.40087e-06 1154.99 553863 1
0.01 0.2 0.55 0.0158257 0.259972 1.21776 0.574299 0.0359447 0.00121989 1.12779e-05 1597.38 553863 1 0.0158257 0.259972 1.21776 0.574299 0.0202222 0.00091746 8.00482e-06 907.911 553863 1
0.01 0.2 0.6 0.0168002 0.249183 1.24478 0.623248 0.0283923 0.00114998 1.04255e-05 1166.22 553863 1 0.0168002 0.249183 1.24478 0.623248 0.0139002 0.000787042 6.44362e-06 604.182 553863 1
0.01 0.2 0.65 0.016259 0.24908 1.20495 0.672982 0.0249262 0.00119745 1.0581e-05 871.232 553863 1 0.016259 0.24908 1.20495 0.672982 0.0131025 0.000917721 7.19693e-06 425.099 553863 1
0.01 0.2 0.7 0.0161751 0.250046 1.19855 0.725384 0.0205359 0.00110906 9.76764e-06 760.603 553861 1 0.0161751 0.250046 1.19855 0.725384 0.00934059 0.000768846 5.62295e-06 335.479 553861 1
0.01 0.2 0.75 0.0161128 0.251663 1.20134 0.790712 0.0157432 0.000777141 6.73247e-06 1117.01 515902 1 0.0161128 0.251663 1.20134 0.790712 0.00808263 0.000535594 4.34207e-06 597.716 515902 1
0.01 0.3 0.2 0.0142331 0.430657 1.83119 0.223505 0.222768 0.00391275 2.49583e-05 6517.15 460911 1 0.0142331 0.430657 1.83119 0.223505 0.174204 0.0034658 2.17369e-05 4973.09 460911 1
0.01 0.3 0.25 0.0140931 0.385259 1.61243 0.273447 0.171147 0.00242572 1.6702e-05 9753.69 904124 1 0.0140931 0.385259 1.61243 0.273447 0.12462 0.00205615 1.3504e-05 7144.16 904124 1
0.01 0.3 0.3 0.0142125 0.380698 1.60909 0.323572 0.131231 0.00205141 1.47839e-05 7756.17 940495 1 0.0142125 0.380698 1.60909 0.323572 0.0919909 0.00170556 1.18563e-05 5457.82 940495 1
0.01 0.3 0.35 0.0140825 0.382044 1.60058 0.374624 0.0990988 0.00174446 1.35115e-05 5926.01 940495 1 0.0140825 0.382044 1.60058 0.374624 0.0695777 0.00146852 1.076e-05 4184.12 940495 1
0.01 0.3 0.4 0.0141852 0.380315 1.59684 0.422965 0.0726511 0.00149877 1.13999e-05 4528.45 940494 1 0.0141852 0.380315 1.59684 0.422965 0.0493478 0.00121624 8.93956e-06 3189.01 940494 1
0.01 0.3 0.45 0.0142297 0.377111 1.5879 0.473886 0.0631909 0.00149657 1.18996e-05 3836.79 927504 1 0.0142297 0.377111 1.5879 0.473886 0.0377719 0.00112922 8.03662e-06 2416.19 927504 1
0.01 0.3 0.5 0.0138638 0.365536 1.49589 0.523928 0.0521254 0.00150375 1.24426e-05 2866.95 813327 1 0.0138638 0.365536 1.49589 0.523928 0.0301164 0.00107497 8.19188e-06 1737.85 813327 1
0.01 0.3 0.55 0.0143309 0.356727 1.50207 0.57608 0.0404873 0.00146115 1.20934e-05 1971.31 671475 1 0.0143309 0.356727 1.50207 0.57608 0.0241754 0.00105886 8.33383e-06 1232.48 671475 1
0.01 0.3 0.6 0.0140189 0.337 1.39255 0.624455 0.0365164 0.00165418 1.39305e-05 1311.64 527709 1 0.0140189 0.337 1.39255 0.624455 0.0206081 0.0011641 1.00977e-05 755.36 527709 1
0.01 0.3 0.65 0.0142148 0.331284 1.38843 0.67544 0.0324266 0.00204853 1.80162e-05 757.565 382391 1 0.0142148 0.331284 1.38843 0.67544 0.0175125 0.00137688 1.16335e-05 439.404 382391 1
0.01 0.3 0.7 0.0138113 0.320345 1.30498 0.72877 0.0304175 0.00259442 2.35991e-05 450.445 236997 1 0.0138113 0.320345 1.30498 0.72877 0.0152933 0.00171722 1.5399e-05 226.211 236997 1
0.01 0.3 0.75 0.0150922 0.309972 1.31925 0.826658 0.0301957 0.00794187 8.68199e-05 60.9554 17142 1 0.0150922 0.309972 1.31925 0.826658 0.00701409 0.00295215 2.68356e-05 26.1417 17142 1
0.01 0.5 0.2 0.0138632 0.581425 2.38777 0.222244 0.21988 0.00417852 2.67562e-05 5011.08 381488 1 0.0138632 0.581425 2.38777 0.222244 0.174135 0.00377685 2.28982e-05 3887.99 381488 1
0.01 0.5 0.25 0.0139239 0.583199 2.41104 0.272832 0.171271 0.00384907 2.59225e-05 3663.57 381488 1 0.0139239 0.583199 2.41104 0.272832 0.131964 0.00340783 2.23142e-05 2775.66 381488 1
0.01 0.5 0.3 0.0141827 0.575597 2.426 0.325142 0.133553 0.00370875 2.46e-05 2825.48 378672 1 0.0141827 0.575597 2.426 0.325142 0.0916737 0.00301257 1.81863e-05 1986.23 378672 1
0.01 0.5 0.35 0.0139311 0.555763 2.29157 0.371098 0.101054 0.00395022 2.45406e-05 1701.4 284026 1 0.0139311 0.555763 2.29157 0.371098 0.0691511 0.00321928 1.92963e-05 1110.45 284026 1
0.01 0.5 0.4 0.0137213 0.528487 2.13556 0.425916 0.083785 0.00520298 3.3388e-05 767.314 151946 1 0.0137213 0.528487 2.13556 0.425916 0.0618861 0.00423097 2.90858e-05 553.272 151946 1
0.01 0.5 0.45 0.0136872 0.507138 2.00562 0.47667 0 0 0 126.233 26923 0 0.0136872 0.507138 2.00562 0.47667 0 0 0 83.1111 26923 0
0.01 0.5 0.5 0 0 0 0 0 0 0 0 12 0 0 0 0 0 0 0 0 0 12 0
0.01 0.5 0.55 0 0 0 0 0 0 0 0 0 0 0 0 0 0 0 0 0 0 0 0
0.01 0.5 0.6 0 0 0 0 0 0 0 0 0 0 0 0 0 0 0 0 0 0 0 0
0.01 0.5 0.65 0 0 0 0 0 0 0 0 0 0 0 0 0 0 0 0 0 0 0 0
0.01 0.5 0.7 0 0 0 0 0 0 0 0 0 0 0 0 0 0 0 0 0 0 0 0
0.01 0.5 0.75 0 0 0 0 0 0 0 0 0 0 0 0 0 0 0 0 0 0 0 0
0.02 0.1 0.2 0 0 0 0 0 0 0 0 0 0 0 0 0 0 0 0 0 0 0 0
0.02 0.1 0.25 0 0 0 0 0 0 0 0 0 0 0 0 0 0 0 0 0 0 0 0
0.02 0.1 0.3 0 0 0 0 0 0 0 0 0 0 0 0 0 0 0 0 0 0 0 0
0.02 0.1 0.35 0 0 0 0 0 0 0 0 0 0 0 0 0 0 0 0 0 0 0 0
0.02 0.1 0.4 0 0 0 0 0 0 0 0 0 0 0 0 0 0 0 0 0 0 0 0
0.02 0.1 0.45 0 0 0 0 0 0 0 0 1 0 0 0 0 0 0 0 0 0 1 0
0.02 0.1 0.5 0.025269 0.147868 1.16424 0.524653 0 0 0 42.4719 11065 0 0.025269 0.147868 1.16424 0.524653 0 0 0 30.947 11065 0
0.02 0.1 0.55 0.0261992 0.143088 1.13517 0.576475 0.0361719 0.00344633 2.80869e-05 243.15 84198 1 0.0261992 0.143088 1.13517 0.576475 0.0163947 0.00222191 1.67873e-05 115.285 84198 1
0.02 0.1 0.6 0.0273398 0.138465 1.1364 0.622282 0.0282039 0.00223484 1.73059e-05 322.555 140527 1 0.0273398 0.138465 1.1364 0.622282 0.0129558 0.0015567 1.18215e-05 141.078 140527 1
0.02 0.1 0.65 0.026909 0.137744 1.1048 0.675105 0.0286721 0.00243536 2.01849e-05 286.181 165235 1 0.026909 0.137744 1.1048 0.675105 0.0123167 0.00152956 1.27556e-05 123.83 165235 1
0.02 0.1 0.7 0.0273546 0.137193 1.11666 0.723662 0.0218526 0.00195585 1.51919e-05 259.969 168141 1 0.0273546 0.137193 1.11666 0.723662 0.00742329 0.00112614 6.95474e-06 87.9716 168141 1
0.02 0.1 0.75 0.0270004 0.13561 1.08936 0.800116 0.0144623 0.00108036 8.18754e-06 354.424 168141 1 0.0270004 0.13561 1.08936 0.800116 0.00418953 0.000589088 3.51167e-06 102.025 168141 1
0.02 0.15 0.2 0 0 0 0 0 0 0 0 0 0 0 0 0 0 0 0 0 0 0 0
0.02 0.15 0.25 0 0 0 0 0 0 0 0 0 0 0 0 0 0 0 0 0 0 0 0
0.02 0.15 0.3 0 0 0 0 0 0 0 0 0 0 0 0 0 0 0 0 0 0 0 0
0.02 0.15 0.35 0 0 0 0 0 0 0 0 30 0 0 0 0 0 0 0 0 3.9711e-05 30 0
0.02 0.15 0.4 0.0246667 0.193063 1.43905 0.424053 0.0743153 0.00526937 3.9935e-05 434.265 75979 1 0.0246667 0.193063 1.43905 0.424053 0.0510118 0.00475716 3.76023e-05 263.459 75979 1
0.02 0.15 0.45 0.0247129 0.183143 1.35079 0.472677 0.0582939 0.00251374 2.0559e-05 1091.69 248976 1 0.0247129 0.183143 1.35079 0.472677 0.0394091 0.00218631 1.79765e-05 694.074 248976 1
0.02 0.15 0.5 0.0245606 0.176647 1.29094 0.523045 0.0500147 0.00192999 1.64837e-05 1361.86 380360 1 0.0245606 0.176647 1.29094 0.523045 0.0258995 0.00127843 1.0248e-05 813.23 380360 1
0.02 0.15 0.55 0.0244491 0.173484 1.26068 0.573267 0.0386811 0.00157846 1.32526e-05 1229.08 401403 1 0.0244491 0.173484 1.26068 0.573267 0.0197235 0.00108852 8.87867e-06 636.643 401403 1
0.02 0.15 0.6 0.0245777 0.175239 1.27405 0.623518 0.0317847 0.00144997 1.21822e-05 969.919 401407 1 0.0245777 0.175239 1.27405 0.623518 0.0167013 0.00104187 9.04656e-06 489.404 401407 1
0.02 0.15 0.65 0.0250483 0.174464 1.2977 0.675854 0.0263793 0.00133776 1.14266e-05 738.936 401407 1 0.0250483 0.174464 1.2977 0.675854 0.0107886 0.000844562 6.46567e-06 320.795 401407 1
0.02 0.15 0.7 0.0248754 0.172806 1.277 0.722654 0.0212874 0.00121177 1.03521e-05 565.796 401407 1 0.0248754 0.172806 1.277 0.722654 0.00826173 0.000774645 6.06722e-06 214.955 401407 1
0.02 0.15 0.75 0.0244582 0.171305 1.24313 0.796785 0.0166237 0.000747651 7.18816e-06 882.505 401407 1 0.0244582 0.171305 1.24313 0.796785 0.00461893 0.000406409 2.8432e-06 255.842 401407 1
0.02 0.2 0.2 0 0 0 0 0 0 0 0 0 0 0 0 0 0 0 0 0 0 0 0
0.02 0.2 0.25 0.0244373 0.295069 2.23225 0.278246 0 0 0 104.763 8464 0 0.0244373 0.295069 2.23225 0.278246 0 0 0 68.1956 8464 0
0.02 0.2 0.3 0.0243048 0.27357 1.99469 0.323386 0.13197 0.00482034 3.49059e-05 1531.67 173812 1 0.0243048 0.27357 1.99469 0.323386 0.0928261 0.00408065 2.7469e-05 1075.93 173812 1
0.02 0.2 0.35 0.0243562 0.253815 1.84305 0.373102 0.112209 0.00311952 2.43659e-05 2650.26 356703 1 0.0243562 0.253815 1.84305 0.373102 0.0657456 0.00234634 1.61527e-05 1596.37 356703 1
0.02 0.2 0.4 0.0243343 0.244306 1.77228 0.423865 0.082937 0.00223172 1.76552e-05 2772.71 461081 1 0.0243343 0.244306 1.77228 0.423865 0.0454879 0.00160457 1.15278e-05 1588.59 461081 1
0.02 0.2 0.45 0.0243224 0.240663 1.73922 0.474385 0.0685017 0.00204124 1.73968e-05 2177.45 461822 1 0.0243224 0.240663 1.73922 0.474385 0.0367039 0.00144473 1.13495e-05 1235.48 461822 1
0.02 0.2 0.5 0.0245196 0.237575 1.72805 0.525065 0.0499857 0.0016558 1.47368e-05 1700.56 461822 1 0.0245196 0.237575 1.72805 0.525065 0.0279761 0.00126194 9.86943e-06 947.2 461822 1
0.02 0.2 0.55 0.0242966 0.240189 1.73339 0.575102 0.0387106 0.00143787 1.25131e-05 1322.54 461822 1 0.0242966 0.240189 1.73339 0.575102 0.021206 0.00104 9.1605e-06 788.953 461822 1
0.02 0.2 0.6 0.0244871 0.243482 1.77161 0.624984 0.0316692 0.00131339 1.20247e-05 1090.83 461822 1 0.0244871 0.243482 1.77161 0.624984 0.0154401 0.000928924 7.58731e-06 532.42 461822 1
0.02 0.2 0.65 0.0242223 0.246381 1.78232 0.672353 0.024018 0.00123107 1.06217e-05 749.34 461822 1 0.0242223 0.246381 1.78232 0.672353 0.0105762 0.000814946 5.99478e-06 354.625 461822 1
0.02 0.2 0.7 0.0240948 0.23926 1.70533 0.722099 0.0204724 0.00117809 1.04914e-05 630.164 461822 1 0.0240948 0.23926 1.70533 0.722099 0.00825103 0.000782909 5.90169e-06 244.152 461822 1
0.02 0.2 0.75 0.0240826 0.238133 1.70481 0.797518 0.0159389 0.000793056 7.24968e-06 987.782 444078 1 0.0240826 0.238133 1.70481 0.797518 0.00636244 0.000509126 3.52347e-06 409.331 444078 1
0.02 0.3 0.2 0.0241829 0.429862 3.10401 0.223596 0.243952 0.0068667 4.40601e-05 2535.44 164085 1 0.0241829 0.429862 3.10401 0.223596 0.171792 0.00569266 3.3554e-05 1812.1 164085 1
0.02 0.3 0.25 0.0244374 0.383705 2.78969 0.273784 0.180953 0.00405587 2.72446e-05 3890.14 332683 1 0.0244374 0.383705 2.78969 0.273784 0.135536 0.00354504 2.31011e-05 2831.89 332683 1
0.02 0.3 0.3 0.0243834 0.380431 2.76137 0.324107 0.140969 0.00346917 2.44151e-05 3151.84 350131 1 0.0243834 0.380431 2.76137 0.324107 0.0963965 0.00286189 1.87514e-05 2144.53 350131 1
0.02 0.3 0.35 0.0240585 0.379584 2.71784 0.374705 0.103447 0.00288173 2.11959e-05 2391.99 350131 1 0.0240585 0.379584 2.71784 0.374705 0.0678615 0.00235836 1.59722e-05 1542.4 350131 1
0.02 0.3 0.4 0.0242197 0.377704 2.71041 0.423941 0.0857286 0.00266006 2.05679e-05 1993.63 350131 1 0.0242197 0.377704 2.71041 0.423941 0.0494735 0.00202267 1.32508e-05 1174.14 350131 1
0.02 0.3 0.45 0.0245894 0.381106 2.78859 0.475271 0.0719435 0.00262271 2.03591e-05 1605.69 345587 1 0.0245894 0.381106 2.78859 0.475271 0.0368379 0.00183506 1.18675e-05 866.893 345587 1
0.02 0.3 0.5 0.0240174 0.363297 2.58223 0.522633 0.0558391 0.00251221 1.91567e-05 1173.77 305658 1 0.0240174 0.363297 2.58223 0.522633 0.0306318 0.00178318 1.27731e-05 646.819 305658 1
0.02 0.3 0.55 0.0242657 0.35244 2.53769 0.574564 0.0496094 0.00267347 2.16206e-05 873.681 254893 1 0.0242657 0.35244 2.53769 0.574564 0.0258054 0.0017723 1.30685e-05 490.368 254893 1
0.02 0.3 0.6 0.0243948 0.340487 2.45684 0.623716 0.0387364 0.00260716 2.08379e-05 587.435 203338 1 0.0243948 0.340487 2.45684 0.623716 0.0183946 0.00175293 1.14515e-05 274.592 203338 1
0.02 0.3 0.65 0.0238229 0.333996 2.34877 0.675604 0.0322798 0.00315185 2.36406e-05 354.985 151477 1 0.0238229 0.333996 2.34877 0.675604 0.0160312 0.0020463 1.60438e-05 153.178 151477 1
0.02 0.3 0.7 0.0234341 0.318638 2.17054 0.724611 0.0380601 0.00505963 4.59454e-05 191.115 98419 1 0.0234341 0.318638 2.17054 0.724611 0.0179707 0.00303707 2.6468e-05 95.2559 98419 1
0.02 0.3 0.75 0.0224136 0.313057 1.96505 0.78101 0.0241991 0.00959607 8.66234e-05 28.1062 8614 1 0.0224136 0.313057 1.96505 0.78101 0.00941451 0.00418708 6.17057e-05 12.4527 8614 1
0.02 0.5 0.2 0.0240511 0.585628 4.18895 0.222756 0.227795 0.00742286 4.5826e-05 1697.39 124119 1 0.0240511 0.585628 4.18895 0.222756 0.180478 0.00669348 3.90305e-05 1342.8 124119 1
0.02 0.5 0.25 0.0242439 0.583188 4.19296 0.273342 0.179318 0.00674453 4.34906e-05 1315.57 124119 1 0.0242439 0.583188 4.19296 0.273342 0.125231 0.00566601 3.30943e-05 918.85 124119 1
0.02 0.5 0.3 0.0241889 0.576943 4.12262 0.323683 0.141657 0.00656659 4.1547e-05 1009.63 123293 1 0.0241889 0.576943 4.12262 0.323683 0.0962357 0.00529243 3.07017e-05 700.785 123293 1
0.02 0.5 0.35 0.0242353 0.559382 3.98543 0.375115 0.101295 0.00657305 3.7346e-05 614.876 95038 1 0.0242353 0.559382 3.98543 0.375115 0.0712669 0.00540365 3.03918e-05 419.393 95038 1
0.02 0.5 0.4 0.0242791 0.524455 3.76594 0.429619 0.0948471 0.00916333 5.62472e-05 313.584 52143 1 0.0242791 0.524455 3.76594 0.429619 0.0528916 0.00650503 3.88682e-05 177.98 52143 1
0.02 0.5 0.45 0.0246749 0.517695 3.61698 0.475364 0 0 0 47.331 9297 0 0.0246749 0.517695 3.61698 0.475364 0 0 0 25.8242 9297 0
0.02 0.5 0.5 0 0 0 0 0 0 0 0 4 0 0 0 0 0 0 0 0 0 4 0
0.02 0.5 0.55 0 0 0 0 0 0 0 0 0 0 0 0 0 0 0 0 0 0 0 0
0.02 0.5 0.6 0 0 0 0 0 0 0 0 0 0 0 0 0 0 0 0 0 0 0 0
0.02 0.5 0.65 0 0 0 0 0 0 0 0 0 0 0 0 0 0 0 0 0 0 0 0
0.02 0.5 0.7 0 0 0 0 0 0 0 0 0 0 0 0 0 0 0 0 0 0 0 0
0.02 0.5 0.75 0 0 0 0 0 0 0 0 0 0 0 0 0 0 0 0 0 0 0 0
0.03 0.1 0.2 0 0 0 0 0 0 0 0 0 0 0 0 0 0 0 0 0 0 0 0
0.03 0.1 0.25 0 0 0 0 0 0 0 0 0 0 0 0 0 0 0 0 0 0 0 0
0.03 0.1 0.3 0 0 0 0 0 0 0 0 0 0 0 0 0 0 0 0 0 0 0 0
0.03 0.1 0.35 0 0 0 0 0 0 0 0 0 0 0 0 0 0 0 0 0 0 0 0
0.03 0.1 0.4 0 0 0 0 0 0 0 0 0 0 0 0 0 0 0 0 0 0 0 0
0.03 0.1 0.45 0 0 0 0 0 0 0 0 0 0 0 0 0 0 0 0 0 0 0 0
0.03 0.1 0.5 0.0342685 0.145685 1.56183 0.532288 0 0 0 27.4516 8706 0 0.0342685 0.145685 1.56183 0.532288 0 0 0 15.3783 8706 0
0.03 0.1 0.55 0.0341951 0.142341 1.46692 0.576683 0.0370652 0.00356249 2.85867e-05 232.704 82650 1 0.0341951 0.142341 1.46692 0.576683 0.0169903 0.00231567 1.91587e-05 111.794 82650 1
0.03 0.1 0.6 0.0351665 0.134701 1.41318 0.624543 0.0280712 0.0021507 1.64177e-05 360.431 172222 1 0.0351665 0.134701 1.41318 0.624543 0.0133255 0.00141151 1.08456e-05 178.043 172222 1
0.03 0.1 0.65 0.0350977 0.130576 1.36986 0.676698 0.0274652 0.00179299 1.43202e-05 478.278 258957 1 0.0350977 0.130576 1.36986 0.676698 0.00987793 0.00102443 6.98395e-06 188.136 258957 1
0.03 0.1 0.7 0.034796 0.126055 1.30576 0.723931 0.0233882 0.00148058 1.19842e-05 509.561 338318 1 0.034796 0.126055 1.30576 0.723931 0.0074367 0.000800324 5.42751e-06 169.01 338318 1
0.03 0.1 0.75 0.0347288 0.12396 1.28332 0.796968 0.0155294 0.000766972 5.88518e-06 811.901 390113 1 0.0347288 0.12396 1.28332 0.796968 0.00502656 0.000451226 3.01305e-06 239.2 390113 1
0.03 0.15 0.2 0 0 0 0 0 0 0 0 0 0 0 0 0 0 0 0 0 0 0 0
0.03 0.15 0.25 0 0 0 0 0 0 0 0 0 0 0 0 0 0 0 0 0 0 0 0
0.03 0.15 0.3 0 0 0 0 0 0 0 0 0 0 0 0 0 0 0 0 0 0 0 0
0.03 0.15 0.35 0 0 0 0 0 0 0 -0.00349073 28 0 0 0 0 0 0 0 0 0 28 0
0.03 0.15 0.4 0.0352581 0.191128 2.04957 0.422219 0.0717421 0.00667267 5.401e-05 249.479 41066 1 0.0352581 0.191128 2.04957 0.422219 0.0475368 0.00623325 4.66298e-05 137.302 41066 1
0.03 0.15 0.45 0.0336761 0.185383 1.86025 0.47322 0.0729103 0.00403498 3.48919e-05 666.757 136340 1 0.0336761 0.185383 1.86025 0.47322 0.034344 0.00267293 2.13497e-05 337.109 136340 1
0.03 0.15 0.5 0.0345515 0.176356 1.81738 0.5249 0.0521438 0.00259751 2.21043e-05 838.081 222229 1 0.0345515 0.176356 1.81738 0.5249 0.0228022 0.0016258 1.17151e-05 389.577 222229 1
0.03 0.15 0.55 0.0348825 0.1722 1.79314 0.572915 0.0420642 0.00215898 1.86664e-05 766.233 240236 1 0.0348825 0.1722 1.79314 0.572915 0.0203942 0.00143396 1.20343e-05 388.999 240236 1
0.03 0.15 0.6 0.0341692 0.169665 1.72608 0.622542 0.0365569 0.00204569 1.83433e-05 648.563 240244 1 0.0341692 0.169665 1.72608 0.622542 0.0152915 0.00126767 1.07228e-05 278.927 240244 1
0.03 0.15 0.65 0.03436 0.174737 1.78781 0.674561 0.0235338 0.00160474 1.31416e-05 414.187 240244 1 0.03436 0.174737 1.78781 0.674561 0.0107123 0.00110144 8.36232e-06 182.001 240244 1
0.03 0.15 0.7 0.0341266 0.173793 1.76514 0.723587 0.0227637 0.00164286 1.41842e-05 350.666 240244 1 0.0341266 0.173793 1.76514 0.723587 0.00806511 0.000964988 7.09797e-06 140.127 240244 1
0.03 0.15 0.75 0.0348898 0.171817 1.77143 0.805111 0.0154024 0.000886629 8.43096e-06 546.998 240244 1 0.0348898 0.171817 1.77143 0.805111 0.00482151 0.000552408 4.05732e-06 145.01 240244 1
0.03 0.2 0.2 0 0 0 0 0 0 0 0 0 0 0 0 0 0 0 0 0 0 0 0
0.03 0.2 0.25 0.0327352 0.296373 3.0066 0.275885 0 0 0 48.7962 4187 0 0.0327352 0.296373 3.0066 0.275885 0 0 0 33.3444 4187 0
0.03 0.2 0.3 0.034804 0.27423 2.84845 0.322877 0.133773 0.00677373 4.67601e-05 790.458 88152 1 0.034804 0.27423 2.84845 0.322877 0.0900475 0.00565741 3.72912e-05 522.346 88152 1
0.03 0.2 0.35 0.0350527 0.254685 2.67185 0.374109 0.103647 0.00404651 2.91294e-05 1343.76 183878 1 0.0350527 0.254685 2.67185 0.374109 0.0609723 0.00308363 2.05109e-05 785.499 183878 1
0.03 0.2 0.4 0.034152 0.240497 2.43922 0.425002 0.0913091 0.00339403 2.73692e-05 1438 238386 1 0.034152 0.240497 2.43922 0.425002 0.0462381 0.0022864 1.54977e-05 809.323 238386 1
0.03 0.2 0.45 0.0350067 0.239255 2.49208 0.472184 0.0677671 0.00277534 2.20278e-05 1163.5 238768 1 0.0350067 0.239255 2.49208 0.472184 0.037145 0.0020173 1.54711e-05 646.227 238768 1
0.03 0.2 0.5 0.0345722 0.238114 2.45548 0.524952 0.0532889 0.00236877 2.11417e-05 934.885 238768 1 0.0345722 0.238114 2.45548 0.524952 0.0250801 0.00164998 1.16683e-05 441.135 238768 1
0.03 0.2 0.55 0.034597 0.245139 2.51103 0.574547 0.0377309 0.0019754 1.67142e-05 676.848 238768 1 0.034597 0.245139 2.51103 0.574547 0.0188132 0.00140129 1.05574e-05 343.453 238768 1
0.03 0.2 0.6 0.0344963 0.241642 2.46662 0.624121 0.0366967 0.00203342 1.90546e-05 602.681 238768 1 0.0344963 0.241642 2.46662 0.624121 0.0145895 0.00124934 9.42291e-06 263.919 238768 1
0.03 0.2 0.65 0.0344432 0.238532 2.43183 0.670807 0.0256678 0.0016447 1.39917e-05 468.587 238768 1 0.0344432 0.238532 2.43183 0.670807 0.0101617 0.0011008 7.65055e-06 177.572 238768 1
0.03 0.2 0.7 0.0343446 0.244036 2.47659 0.728321 0.0209186 0.00158696 1.35059e-05 364.016 238768 1 0.0343446 0.244036 2.47659 0.728321 0.0081232 0.00106234 7.29088e-06 134.882 238768 1
0.03 0.2 0.75 0.03412 0.233767 2.37929 0.790669 0.0173544 0.001165 1.03173e-05 587.836 229911 1 0.03412 0.233767 2.37929 0.790669 0.00429514 0.000570088 3.46323e-06 155.828 229911 1
0.03 0.3 0.2 0.0343992 0.432713 4.43916 0.222239 0.249022 0.00957868 6.00425e-05 1348 83092 1 0.0343992 0.432713 4.43916 0.222239 0.157097 0.00726575 3.97983e-05 941.358 83092 1
0.03 0.3 0.25 0.0347098 0.380603 3.9319 0.273829 0.177558 0.00549519 3.67438e-05 2036.99 168603 1 0.0347098 0.380603 3.9319 0.273829 0.125627 0.00457279 2.82593e-05 1458.93 168603 1
0.03 0.3 0.3 0.0345671 0.381272 3.9128 0.324379 0.144975 0.00481962 3.4141e-05 1712.84 177258 1 0.0345671 0.381272 3.9128 0.324379 0.0966705 0.00400981 2.66639e-05 1090.98 177258 1
0.03 0.3 0.35 0.0346274 0.372271 3.81916 0.375055 0.109147 0.00403367 2.94275e-05 1350.23 177258 1 0.0346274 0.372271 3.81916 0.375055 0.069171 0.0032796 2.17116e-05 835.688 177258 1
0.03 0.3 0.4 0.0347666 0.381848 3.94567 0.426243 0.0900154 0.00382921 2.88864e-05 1057.05 177258 1 0.0347666 0.381848 3.94567 0.426243 0.0475885 0.0028093 1.81792e-05 556.384 177258 1
0.03 0.3 0.45 0.0343257 0.369808 3.76815 0.474383 0.075635 0.00376293 2.89552e-05 846.78 175040 1 0.0343257 0.369808 3.76815 0.474383 0.0372231 0.00254911 1.61663e-05 446.224 175040 1
0.03 0.3 0.5 0.0337209 0.363029 3.64027 0.52453 0.062979 0.00374059 2.86819e-05 672.326 155017 1 0.0337209 0.363029 3.64027 0.52453 0.0297964 0.00242657 1.56065e-05 324.26 155017 1
0.03 0.3 0.55 0.0338085 0.356215 3.54968 0.576532 0.0438269 0.00346229 2.40899e-05 407.177 129153 1 0.0338085 0.356215 3.54968 0.576532 0.0204986 0.0023793 1.50621e-05 174.437 129153 1
0.03 0.3 0.6 0.0351585 0.334958 3.52825 0.629884 0.0432761 0.00415747 3.20962e-05 308.812 103036 1 0.0351585 0.334958 3.52825 0.629884 0.0197253 0.00260766 1.94637e-05 127.702 103036 1
0.03 0.3 0.65 0.0345247 0.341035 3.44983 0.684441 0.0346504 0.00477715 3.55561e-05 181.851 76249 1 0.0345247 0.341035 3.44983 0.684441 0.0136802 0.00248034 1.54073e-05 80.9658 76249 1
0.03 0.3 0.7 0.0326311 0.323145 3.10632 0.72754 0.0341342 0.00600518 4.85477e-05 115.373 49549 1 0.0326311 0.323145 3.10632 0.72754 0.0142944 0.00344396 2.758e-05 41.0415 49549 1
0.03 0.3 0.75 0.0354475 0.310488 3.0971 0.804253 0.0135086 0.0105856 9.27225e-05 7.86479 4185 1 0.0354475 0.310488 3.0971 0.804253 0 0 0 2.0446 4185 0
0.03 0.5 0.2 0.0340138 0.578401 5.86766 0.221853 0.252695 0.0112092 7.05159e-05 902.03 58259 1 0.0340138 0.578401 5.86766 0.221853 0.185367 0.0100098 6.04516e-05 634.231 58259 1
0.03 0.5 0.25 0.0346292 0.583571 6.02485 0.27336 0.184199 0.00975741 6.19352e-05 656.104 58259 1 0.0346292 0.583571 6.02485 0.27336 0.12993 0.00822633 4.75402e-05 469.23 58259 1
0.03 0.5 0.3 0.0344022 0.580513 5.89949 0.323178 0.153958 0.00969936 6.34965e-05 552.191 57859 1 0.0344022 0.580513 5.89949 0.323178 0.0906264 0.0077321 4.59272e-05 281.632 57859 1
0.03 0.5 0.35 0.0332678 0.555411 5.46454 0.370727 0.119131 0.0104897 6.61729e-05 330.577 43911 1 0.0332678 0.555411 5.46454 0.370727 0.0752372 0.00829078 5.15131e-05 183.265 43911 1
0.03 0.5 0.4 0.0348841 0.533275 5.50691 0.422924 0.0851178 0.0120839 6.85976e-05 157.382 24066 1 0.0348841 0.533275 5.50691 0.422924 0.0471823 0.0090688 4.5407e-05 76.994 24066 1
0.03 0.5 0.45 0.0316682 0.500143 4.6511 0.49779 0 0 0 24.3255 4340 0 0.0316682 0.500143 4.6511 0.49779 0 0 0 10.0476 4340 0
0.03 0.5 0.5 0 0 0 0 0 0 0 0 2 0 0 0 0 0 0 0 0 0 2 0
0.03 0.5 0.55 0 0 0 0 0 0 0 0 0 0 0 0 0 0 0 0 0 0 0 0
0.03 0.5 0.6 0 0 0 0 0 0 0 0 0 0 0 0 0 0 0 0 0 0 0 0
0.03 0.5 0.65 0 0 0 0 0 0 0 0 0 0 0 0 0 0 0 0 0 0 0 0
0.03 0.5 0.7 0 0 0 0 0 0 0 0 0 0 0 0 0 0 0 0 0 0 0 0
0.03 0.5 0.75 0 0 0 0 0 0 0 0 0 0 0 0 0 0 0 0 0 0 0 0
0.04 0.1 0.2 0 0 0 0 0 0 0 0 0 0 0 0 0 0 0 0 0 0 0 0
0.04 0.1 0.25 0 0 0 0 0 0 0 0 0 0 0 0 0 0 0 0 0 0 0 0
0.04 0.1 0.3 0 0 0 0 0 0 0 0 0 0 0 0 0 0 0 0 0 0 0 0
0.04 0.1 0.35 0 0 0 0 0 0 0 0 0 0 0 0 0 0 0 0 0 0 0 0
0.04 0.1 0.4 0 0 0 0 0 0 0 0 0 0 0 0 0 0 0 0 0 0 0 0
0.04 0.1 0.45 0 0 0 0 0 0 0 0 0 0 0 0 0 0 0 0 0 0 0 0
0.04 0.1 0.5 0.0571495 0.149165 2.65023 0.522204 0 0 0 28.6631 9208 0 0.0571495 0.149165 2.65023 0.522204 0 0 0 7.10589 9208 0
0.04 0.1 0.55 0.0473268 0.14347 2.0406 0.573281 0.0408627 0.00367658 2.88905e-05 268.287 87953 1 0.0473268 0.14347 2.0406 0.573281 0.0189948 0.00270538 1.92394e-05 111.084 87953 1
0.04 0.1 0.6 0.0476642 0.138922 1.97765 0.625597 0.0302505 0.0021276 1.6816e-05 410.554 185097 1 0.0476642 0.138922 1.97765 0.625597 0.0127366 0.00139046 1.01084e-05 166.765 185097 1
0.04 0.1 0.65 0.047981 0.130495 1.88411 0.675275 0.0242818 0.00160615 1.1553e-05 459.833 281053 1 0.047981 0.130495 1.88411 0.675275 0.0104551 0.00110729 8.26895e-06 180.875 281053 1
0.04 0.1 0.7 0.0478464 0.127883 1.81605 0.722316 0.0210961 0.00133543 9.52819e-06 509.63 376035 1 0.0478464 0.127883 1.81605 0.722316 0.00613726 0.000722014 4.19946e-06 147.222 376035 1
0.04 0.1 0.75 0.0482835 0.122049 1.75344 0.793973 0.0157495 0.000721501 5.35015e-06 935.608 456725 1 0.0482835 0.122049 1.75344 0.793973 0.00357367 0.000346248 1.87582e-06 214.054 456725 1
0.04 0.15 0.2 0 0 0 0 0 0 0 0 0 0 0 0 0 0 0 0 0 0 0 0
0.04 0.15 0.25 0 0 0 0 0 0 0 0 0 0 0 0 0 0 0 0 0 0 0 0
0.04 0.15 0.3 0 0 0 0 0 0 0 0 0 0 0 0 0 0 0 0 0 0 0 0
0.04 0.15 0.35 0 0 0 0 0 0 0 0 29 0 0 0 0 0 0 0 0 0 29 0
0.04 0.15 0.4 0.0468875 0.193123 2.74053 0.424216 0.0932354 0.0084046 6.83977e-05 255.082 41690 1 0.0468875 0.193123 2.74053 0.424216 0.0510986 0.00674746 5.19583e-05 127.206 41690 1
0.04 0.15 0.45 0.0491268 0.181377 2.65733 0.474655 0.0643532 0.0036251 2.93337e-05 623.797 140078 1 0.0491268 0.181377 2.65733 0.474655 0.0321032 0.00254472 1.8164e-05 326.341 140078 1
0.04 0.15 0.5 0.0492414 0.174524 2.57243 0.520869 0.0565467 0.00272122 2.31826e-05 874.351 229460 1 0.0492414 0.174524 2.57243 0.520869 0.0229939 0.00162661 1.1575e-05 399.795 229460 1
0.04 0.15 0.55 0.0481005 0.174027 2.48405 0.575467 0.0414274 0.00218273 1.80201e-05 738.527 248476 1 0.0481005 0.174027 2.48405 0.575467 0.0183691 0.001356 9.99804e-06 351.727 248476 1
0.04 0.15 0.6 0.0477449 0.173803 2.44604 0.627391 0.0303524 0.00182439 1.4474e-05 551.958 248490 1 0.0477449 0.173803 2.44604 0.627391 0.0153319 0.00123546 9.95615e-06 298.604 248490 1
0.04 0.15 0.65 0.0485682 0.177527 2.5715 0.675389 0.0277664 0.00175496 1.47426e-05 477.764 248490 1 0.0485682 0.177527 2.5715 0.675389 0.0104417 0.00104461 7.95218e-06 189.128 248490 1
0.04 0.15 0.7 0.0483924 0.17544 2.50577 0.720042 0.020116 0.00143078 1.23128e-05 356.545 248490 1 0.0483924 0.17544 2.50577 0.720042 0.00731201 0.000887943 6.61827e-06 133.208 248490 1
0.04 0.15 0.75 0.04757 0.169825 2.40155 0.798755 0.0146216 0.000845725 7.2402e-06 546.959 248490 1 0.04757 0.169825 2.40155 0.798755 0.00368073 0.000438989 2.87683e-06 141.001 248490 1
0.04 0.2 0.2 0 0 0 0 0 0 0 0 0 0 0 0 0 0 0 0 0 0 0 0
0.04 0.2 0.25 0.0485148 0.295282 4.43354 0.268916 0 0 0 33.1754 4194 0 0.0485148 0.295282 4.43354 0.268916 0 0 0 34.2595 4194 0
0.04 0.2 0.3 0.049011 0.271727 4.01556 0.321735 0.147616 0.00695934 5.02499e-05 895.173 88349 1 0.049011 0.271727 4.01556 0.321735 0.0904553 0.0057835 3.79603e-05 493.518 88349 1
0.04 0.2 0.35 0.0483203 0.250275 3.59934 0.374307 0.12127 0.00444756 3.30837e-05 1500.7 183190 1 0.0483203 0.250275 3.59934 0.374307 0.066668 0.00324697 2.24681e-05 823.591 183190 1
0.04 0.2 0.4 0.0488991 0.240609 3.50363 0.422918 0.0890129 0.00326015 2.45405e-05 1470.58 238723 1 0.0488991 0.240609 3.50363 0.422918 0.0416203 0.00217948 1.39314e-05 719.788 238723 1
0.04 0.2 0.45 0.0492269 0.239665 3.49547 0.473885 0.0636518 0.00261756 2.00427e-05 1140.28 239111 1 0.0492269 0.239665 3.49547 0.473885 0.0379699 0.00211134 1.54145e-05 613.943 239111 1
0.04 0.2 0.5 0.0478098 0.240782 3.41724 0.522855 0.0567424 0.0024672 2.15374e-05 951.579 239111 1 0.0478098 0.240782 3.41724 0.522855 0.0253927 0.00168391 1.26515e-05 423.396 239111 1
0.04 0.2 0.55 0.0483223 0.23543 3.40083 0.57214 0.0451828 0.00218452 1.88477e-05 778.428 239111 1 0.0483223 0.23543 3.40083 0.57214 0.0196967 0.00145505 1.07718e-05 341.889 239111 1
0.04 0.2 0.6 0.0498916 0.243073 3.59707 0.624136 0.0385725 0.00205457 1.83486e-05 651.673 239111 1 0.0498916 0.243073 3.59707 0.624136 0.014251 0.00126047 8.42672e-06 248.923 239111 1
0.04 0.2 0.65 0.0474521 0.239184 3.34023 0.672323 0.0265692 0.00168549 1.3902e-05 482.075 239111 1 0.0474521 0.239184 3.34023 0.672323 0.00957635 0.00107449 7.68539e-06 167.687 239111 1
0.04 0.2 0.7 0.0494052 0.236027 3.46473 0.727536 0.0215584 0.00156664 1.26443e-05 394.981 239111 1 0.0494052 0.236027 3.46473 0.727536 0.00621806 0.000881277 5.58844e-06 109.262 239111 1
0.04 0.2 0.75 0.0503166 0.242549 3.62541 0.790807 0.0156985 0.00112771 9.14514e-06 512.433 230285 1 0.0503166 0.242549 3.62541 0.790807 0.00516768 0.000617233 4.17361e-06 162.41 230285 1
0.04 0.3 0.2 0.0480347 0.428441 6.14051 0.22264 0.26585 0.0101594 6.45674e-05 1354.37 78129 1 0.0480347 0.428441 6.14051 0.22264 0.177207 0.00830184 4.91251e-05 892.307 78129 1
0.04 0.3 0.25 0.0489873 0.381508 5.55867 0.274363 0.193931 0.00581033 3.7053e-05 2161.85 164695 1 0.0489873 0.381508 5.55867 0.274363 0.12447 0.00466564 2.73576e-05 1353.12 164695 1
0.04 0.3 0.3 0.048039 0.382719 5.45754 0.322654 0.156734 0.00502063 3.6195e-05 1834.08 173700 1 0.048039 0.382719 5.45754 0.322654 0.0892634 0.00378957 2.34627e-05 1038.26 173700 1
0.04 0.3 0.35 0.0489105 0.379624 5.49857 0.373818 0.112613 0.0040492 2.89645e-05 1408.88 173700 1 0.0489105 0.379624 5.49857 0.373818 0.0611183 0.0030556 1.87164e-05 756.817 173700 1
0.04 0.3 0.4 0.0478738 0.366824 5.21623 0.422871 0.0944866 0.00390716 3.04979e-05 1097.26 173700 1 0.0478738 0.366824 5.21623 0.422871 0.0457935 0.00271693 1.61193e-05 563.263 173700 1
0.04 0.3 0.45 0.0485745 0.375722 5.42453 0.471478 0.0742383 0.00362002 2.59714e-05 893.846 171686 1 0.0485745 0.375722 5.42453 0.471478 0.0360026 0.00253908 1.56759e-05 419.911 171686 1
0.04 0.3 0.5 0.0489321 0.357544 5.22505 0.523711 0.0614839 0.00371009 2.69192e-05 666.068 153410 1 0.0489321 0.357544 5.22505 0.523711 0.0253895 0.00221566 1.31333e-05 297.036 153410 1
0.04 0.3 0.55 0.0489949 0.356716 5.15686 0.571862 0.0489134 0.00386073 2.76012e-05 440.113 129418 1 0.0489949 0.356716 5.15686 0.571862 0.0231841 0.00248674 1.54136e-05 213.009 129418 1
0.04 0.3 0.6 0.0478453 0.335825 4.68695 0.622718 0.0433832 0.00437772 3.07409e-05 308.671 104327 1 0.0478453 0.335825 4.68695 0.622718 0.0218211 0.00262146 1.97819e-05 154.777 104327 1
0.04 0.3 0.65 0.0479963 0.327853 4.64779 0.677632 0.0351615 0.0047847 3.00303e-05 185.583 77624 1 0.0479963 0.327853 4.64779 0.677632 0.0191679 0.00304313 2.41615e-05 89.272 77624 1
0.04 0.3 0.7 0.0459427 0.316424 4.28215 0.727263 0.0276492 0.00576888 3.69978e-05 100.941 50411 1 0.0459427 0.316424 4.28215 0.727263 0.00852225 0.00260388 1.66834e-05 36.7381 50411 1
0.04 0.3 0.75 0.0424383 0.303121 3.6765 0.839981 0.0195268 0.00963642 8.45527e-05 19.6942 4397 1 0.0424383 0.303121 3.6765 0.839981 0.0103901 0.00630326 0.000122866 6.07158 4397 1
0.04 0.5 0.2 0.048181 0.587186 8.44057 0.22505 0.233134 0.0106218 6.20059e-05 859.26 56689 1 0.048181 0.587186 8.44057 0.22505 0.1882 0.00991644 5.8075e-05 655.453 56689 1
0.04 0.5 0.25 0.0501875 0.581002 8.65525 0.272349 0.197467 0.00995578 6.45899e-05 713.392 56689 1 0.0501875 0.581002 8.65525 0.272349 0.123941 0.00801394 4.48619e-05 445.677 56689 1
0.04 0.5 0.3 0.0497858 0.57808 8.56968 0.322526 0.156885 0.00994807 6.01961e-05 560.976 56255 1 0.0497858 0.57808 8.56968 0.322526 0.091345 0.00751094 4.2018e-05 324.164 56255 1
0.04 0.5 0.35 0.049764 0.557292 8.2588 0.375127 0.132044 0.0110921 6.98778e-05 360.043 41672 1 0.049764 0.557292 8.2588 0.375127 0.0545231 0.00679881 3.16653e-05 166.587 41672 1
0.04 0.5 0.4 0.0473561 0.534054 7.60014 0.427959 0.104183 0.0157978 0.000103663 144.205 22276 1 0.0473561 0.534054 7.60014 0.427959 0.0574536 0.00995308 6.19015e-05 85.2594 22276 1
0.04 0.5 0.45 0.0431949 0.513446 6.18754 0.484098 0 0 0 19.2075 3951 0 0.0431949 0.513446 6.18754 0.484098 0 0 0 11.4471 3951 0
0.04 0.5 0.5 0 0 0 0 0 0 0 0 3 0 0 0 0 0 0 0 0 0 3 0
0.04 0.5 0.55 0 0 0 0 0 0 0 0 0 0 0 0 0 0 0 0 0 0 0 0
0.04 0.5 0.6 0 0 0 0 0 0 0 0 0 0 0 0 0 0 0 0 0 0 0 0
0.04 0.5 0.65 0 0 0 0 0 0 0 0 0 0 0 0 0 0 0 0 0 0 0 0
0.04 0.5 0.7 0 0 0 0 0 0 0 0 0 0 0 0 0 0 0 0 0 0 0 0
0.04 0.5 0.75 0 0 0 0 0 0 0 0 0 0 0 0 0 0 0 0 0 0 0 0
0.06 0.1 0.2 0 0 0 0 0 0 0 0 0 0 0 0 0 0 0 0 0 0 0 0
0.06 0.1 0.25 0 0 0 0 0 0 0 0 0 0 0 0 0 0 0 0 0 0 0 0
0.06 0.1 0.3 0 0 0 0 0 0 0 0 0 0 0 0 0 0 0 0 0 0 0 0
0.06 0.1 0.35 0 0 0 0 0 0 0 0 0 0 0 0 0 0 0 0 0 0 0 0
0.06 0.1 0.4 0 0 0 0 0 0 0 0 0 0 0 0 0 0 0 0 0 0 0 0
0.06 0.1 0.45 0 0 0 0 0 0 0 0 0 0 0 0 0 0 0 0 0 0 0 0
0.06 0.1 0.5 0.0681917 0.148552 3.15675 0.519993 0 0 0 28.8447 7478 0 0.0681917 0.148552 3.15675 0.519993 0 0 0 8.67561 7478 0
0.06 0.1 0.55 0.0755611 0.140575 3.19181 0.573318 0.0403384 0.00444114 3.21016e-05 182.127 72251 1 0.0755611 0.140575 3.19181 0.573318 0.0191604 0.00322103 2.58359e-05 67.4777 72251 1
0.06 0.1 0.6 0.0763917 0.138182 3.1515 0.626367 0.031211 0.00262831 2.04936e-05 276.421 153026 1 0.0763917 0.138182 3.1515 0.626367 0.0107892 0.00155064 1.13271e-05 100.304 153026 1
0.06 0.1 0.65 0.077371 0.134564 3.11802 0.674577 0.0279498 0.00204462 1.54368e-05 373.588 233603 1 0.077371 0.134564 3.11802 0.674577 0.00780587 0.00108635 6.96585e-06 105.218 233603 1
0.06 0.1 0.7 0.0753191 0.127456 2.84491 0.727491 0.0206668 0.00147845 1.05307e-05 392.722 313992 1 0.0753191 0.127456 2.84491 0.727491 0.00554394 0.000782261 4.52478e-06 100.194 313992 1
0.06 0.1 0.75 0.0731664 0.124755 2.71493 0.799054 0.0152842 0.000793081 5.54294e-06 742.306 383156 1 0.0731664 0.124755 2.71493 0.799054 0.00388402 0.000433794 2.62386e-06 153.113 383156 1
0.06 0.15 0.2 0 0 0 0 0 0 0 0 0 0 0 0 0 0 0 0 0 0 0 0
0.06 0.15 0.25 0 0 0 0 0 0 0 0 0 0 0 0 0 0 0 0 0 0 0 0
0.06 0.15 0.3 0 0 0 0 0 0 0 0 0 0 0 0 0 0 0 0 0 0 0 0
0.06 0.15 0.35 0 0 0 0 0 0 0 0 15 0 0 0 0 0 0 0 0 -0.0030831 15 0
0.06 0.15 0.4 0.0778128 0.193433 4.57604 0.425112 0.0867883 0.00988397 7.64194e-05 160.95 32582 1 0.0778128 0.193433 4.57604 0.425112 0.0387073 0.00602711 3.9031e-05 87.9275 32582 1
0.06 0.15 0.45 0.073375 0.181154 4.01371 0.473408 0.0728284 0.00465554 3.81365e-05 488.022 109969 1 0.073375 0.181154 4.01371 0.473408 0.0312443 0.00319264 2.1339e-05 202.444 109969 1
0.06 0.15 0.5 0.0735335 0.173017 3.78561 0.522255 0.049402 0.00274273 2.0991e-05 659.245 181173 1 0.0735335 0.173017 3.78561 0.522255 0.0200905 0.00176936 1.27127e-05 246.704 181173 1
0.06 0.15 0.55 0.0759588 0.172313 3.86304 0.576914 0.0350337 0.00220179 1.5711e-05 500.277 196402 1 0.0759588 0.172313 3.86304 0.576914 0.0152532 0.00146044 1.01016e-05 212.446 196402 1
0.06 0.15 0.6 0.0776981 0.176307 4.02249 0.626503 0.0269569 0.00186452 1.29835e-05 422.235 196410 1 0.0776981 0.176307 4.02249 0.626503 0.0115045 0.00130914 9.17625e-06 148.975 196410 1
0.06 0.15 0.65 0.0754593 0.170876 3.83341 0.670186 0.0259838 0.00180845 1.41677e-05 384.835 196410 1 0.0754593 0.170876 3.83341 0.670186 0.00902079 0.00119205 8.57574e-06 111.442 196410 1
0.06 0.15 0.7 0.0711405 0.17165 3.6541 0.7271 0.0233791 0.00171203 1.52823e-05 323.343 196410 1 0.0711405 0.17165 3.6541 0.7271 0.00683115 0.00102694 8.14584e-06 80.2234 196410 1
0.06 0.15 0.75 0.0775087 0.173025 3.9784 0.799683 0.0136849 0.000900627 7.3396e-06 413.273 196410 1 0.0775087 0.173025 3.9784 0.799683 0.00278909 0.000434783 2.49807e-06 81.9754 196410 1
0.06 0.2 0.2 0 0 0 0 0 0 0 0 0 0 0 0 0 0 0 0 0 0 0 0
0.06 0.2 0.25 0.0798588 0.295957 7.29547 0.276915 0 0 0 56.0865 3374 0 0.0798588 0.295957 7.29547 0.276915 0 0 0 24.5378 3374 0
0.06 0.2 0.3 0.0753775 0.275377 6.23183 0.324226 0.14418 0.00766185 5.5372e-05 696.662 69843 1 0.0753775 0.275377 6.23183 0.324226 0.0868514 0.00593261 3.88026e-05 410.671 69843 1
0.06 0.2 0.35 0.0741702 0.25517 5.6424 0.374194 0.112487 0.0046298 3.25208e-05 1173.01 145974 1 0.0741702 0.25517 5.6424 0.374194 0.0579039 0.00346499 2.22386e-05 553.722 145974 1
0.06 0.2 0.4 0.076385 0.243403 5.55628 0.42073 0.0956068 0.00379841 2.87996e-05 1220.95 189596 1 0.076385 0.243403 5.55628 0.42073 0.0451895 0.00261261 1.76786e-05 565.282 189596 1
0.06 0.2 0.45 0.0759877 0.243572 5.48708 0.474097 0.0779459 0.00335199 2.69888e-05 1015.36 189898 1 0.0759877 0.243572 5.48708 0.474097 0.028487 0.00205987 1.34006e-05 359.387 189898 1
0.06 0.2 0.5 0.0744891 0.244024 5.41272 0.52562 0.0585434 0.00278344 2.35557e-05 785.958 189898 1 0.0744891 0.244024 5.41272 0.52562 0.0221368 0.00181977 1.1975e-05 278.752 189898 1
0.06 0.2 0.55 0.0751284 0.242027 5.41011 0.575527 0.0438528 0.00240236 1.9597e-05 603.8 189898 1 0.0751284 0.242027 5.41011 0.575527 0.0141639 0.00133664 7.64054e-06 220.778 189898 1
0.06 0.2 0.6 0.0745997 0.23688 5.26 0.622627 0.0322553 0.00208116 1.59533e-05 447.645 189898 1 0.0745997 0.23688 5.26 0.622627 0.0101718 0.00113485 6.74945e-06 162.102 189898 1
0.06 0.2 0.65 0.0803317 0.247417 5.85342 0.676017 0.0285898 0.00203284 1.77694e-05 372.499 189898 1 0.0803317 0.247417 5.85342 0.676017 0.00779014 0.00111767 6.95572e-06 104.341 189898 1
0.06 0.2 0.7 0.073219 0.242748 5.26076 0.721133 0.024263 0.00190183 1.62874e-05 338.928 189898 1 0.073219 0.242748 5.26076 0.721133 0.00529355 0.000838689 4.52607e-06 90.0282 189898 1
0.06 0.2 0.75 0.0780548 0.234422 5.455 0.7962 0.0179749 0.0013014 1.0536e-05 475.097 182901 1 0.0780548 0.234422 5.455 0.7962 0.00375628 0.000600739 3.55402e-06 93.4687 182901 1
0.06 0.3 0.2 0.0760442 0.434711 9.85545 0.222464 0.267415 0.0116166 7.28246e-05 1027.12 55786 1 0.0760442 0.434711 9.85545 0.222464 0.181662 0.00953031 5.50611e-05 687.36 55786 1
0.06 0.3 0.25 0.0769296 0.372915 8.53175 0.27339 0.198159 0.00676271 4.3277e-05 1641.78 119740 1 0.0769296 0.372915 8.53175 0.27339 0.124066 0.00548816 3.25986e-05 963.353 119740 1
0.06 0.3 0.3 0.0746986 0.383642 8.51542 0.323078 0.156867 0.0056796 3.94327e-05 1412.69 126497 1 0.0746986 0.383642 8.51542 0.323078 0.0839826 0.00415338 2.43067e-05 763.089 126497 1
0.06 0.3 0.35 0.0761364 0.377372 8.59496 0.373929 0.114486 0.00473808 3.29571e-05 1062.12 126497 1 0.0761364 0.377372 8.59496 0.373929 0.0560713 0.00346679 1.99841e-05 501.222 126497 1
0.06 0.3 0.4 0.0780134 0.374121 8.73356 0.424346 0.0894434 0.00433046 3.03978e-05 822.439 126497 1 0.0780134 0.374121 8.73356 0.424346 0.0398495 0.00284149 1.62427e-05 382.612 126497 1
0.06 0.3 0.45 0.0775185 0.371097 8.52058 0.470288 0.0760326 0.00420874 3.01696e-05 720.541 124919 1 0.0775185 0.371097 8.52058 0.470288 0.0332418 0.00291642 1.58184e-05 275.377 124919 1
0.06 0.3 0.5 0.0702178 0.375178 7.75419 0.526685 0.0705667 0.0046526 3.46569e-05 534.579 111646 1 0.0702178 0.375178 7.75419 0.526685 0.0245694 0.00260861 1.62729e-05 193.818 111646 1
0.06 0.3 0.55 0.0717125 0.352329 7.4494 0.57476 0.0492096 0.00434891 2.88113e-05 368.143 94466 1 0.0717125 0.352329 7.4494 0.57476 0.0125362 0.00188192 8.11722e-06 119.346 94466 1
0.06 0.3 0.6 0.0832534 0.334773 8.36757 0.631616 0.0321737 0.00432191 2.27072e-05 200.381 76790 1 0.0832534 0.334773 8.36757 0.631616 0.0175609 0.00272556 1.8244e-05 94.1836 76790 1
0.06 0.3 0.65 0.0693995 0.33899 7.06802 0.666133 0.0353119 0.0057272 3.64441e-05 137.567 57817 1 0.0693995 0.33899 7.06802 0.666133 0.00716552 0.00203271 1.20768e-05 28.2635 57817 1
0.06 0.3 0.7 0.0760897 0.324686 7.2845 0.71787 0.0315502 0.00715169 4.14661e-05 91.7161 38374 1 0.0760897 0.324686 7.2845 0.71787 0.0120966 0.00390114 2.64421e-05 20.8778 38374 1
0.06 0.3 0.75 0 0 0 0 0.0220243 0.0140573 0.000100496 13.0223 3280 1 0 0 0 0 0.00908523 0.0072974 0.000108328 3.89184 3280 1
0.06 0.5 0.2 0.0784751 0.586829 13.6946 0.221717 0.266783 0.0127709 7.98362e-05 753.167 45525 1 0.0784751 0.586829 13.6946 0.221717 0.185673 0.0108882 6.07822e-05 517.283 45525 1
0.06 0.5 0.25 0.0776836 0.591293 13.6642 0.274826 0.197957 0.0110599 6.91753e-05 580.786 45525 1 0.0776836 0.591293 13.6642 0.274826 0.117862 0.0086647 4.809e-05 350.029 45525 1
0.06 0.5 0.3 0.0778609 0.577007 13.2515 0.327211 0.171444 0.0114225 7.24728e-05 510.827 45207 1 0.0778609 0.577007 13.2515 0.327211 0.105642 0.00888662 5.44795e-05 292.837 45207 1
0.06 0.5 0.35 0.0788081 0.563524 13.1646 0.372105 0.142439 0.0127875 7.58171e-05 326.48 33569 1 0.0788081 0.563524 13.1646 0.372105 0.0786911 0.0088684 5.59831e-05 179.945 33569 1
0.06 0.5 0.4 0.0679033 0.529926 10.675 0.431221 0.123855 0.0182917 0.000117055 153.956 17718 1 0.0679033 0.529926 10.675 0.431221 0.0402503 0.00940653 5.48174e-05 52.7429 17718 1
0.06 0.5 0.45 0.0754485 0.51488 11.0948 0.462337 0 0 0 18.736 3196 0 0.0754485 0.51488 11.0948 0.462337 0 0 0 5.3112 3196 0
0.06 0.5 0.5 0 0 0 0 0 0 0 0 0 0 0 0 0 0 0 0 0 0 0 0
0.06 0.5 0.55 0 0 0 0 0 0 0 0 0 0 0 0 0 0 0 0 0 0 0 0
0.06 0.5 0.6 0 0 0 0 0 0 0 0 0 0 0 0 0 0 0 0 0 0 0 0
0.06 0.5 0.65 0 0 0 0 0 0 0 0 0 0 0 0 0 0 0 0 0 0 0 0
0.06 0.5 0.7 0 0 0 0 0 0 0 0 0 0 0 0 0 0 0 0 0 0 0 0
0.06 0.5 0.75 0 0 0 0 0 0 0 0 0 0 0 0 0 0 0 0 0 0 0 0
0.1 0.1 0.2 0 0 0 0 0 0 0 0 0 0 0 0 0 0 0 0 0 0 0 0
0.1 0.1 0.25 0 0 0 0 0 0 0 0 0 0 0 0 0 0 0 0 0 0 0 0
0.1 0.1 0.3 0 0 0 0 0 0 0 0 0 0 0 0 0 0 0 0 0 0 0 0
0.1 0.1 0.35 0 0 0 0 0 0 0 0 0 0 0 0 0 0 0 0 0 0 0 0
0.1 0.1 0.4 0 0 0 0 0 0 0 0 0 0 0 0 0 0 0 0 0 0 0 0
0.1 0.1 0.45 0 0 0 0 0 0 0 0 0 0 0 0 0 0 0 0 0 0 0 0
0.1 0.1 0.5 0 0 0 0 0 0 0 10.8114 3031 0 0 0 0 0 0 0 0 4.31338 3031 0
0.1 0.1 0.55 0.126044 0.143513 5.48695 0.57701 0.0384683 0.00763375 5.57704e-05 50.3344 29388 1 0.126044 0.143513 5.48695 0.57701 0.00998292 0.00317357 1.84757e-05 23.0446 29388 1
0.1 0.1 0.6 0.119462 0.135059 4.81535 0.615394 0.0232186 0.00343915 2.40626e-05 92.2317 62445 1 0.119462 0.135059 4.81535 0.615394 0.00394095 0.00115366 6.47559e-06 23.5101 62445 1
0.1 0.1 0.65 0.115347 0.133867 4.60482 0.668269 0.0244756 0.00313392 2.06662e-05 121.583 95680 1 0.115347 0.133867 4.60482 0.668269 0.00699163 0.00183369 1.07444e-05 29.9168 95680 1
0.1 0.1 0.7 0.114347 0.124808 4.3097 0.713678 0.0170521 0.00220586 1.31089e-05 120.91 129433 1 0.114347 0.124808 4.3097 0.713678 0.00365111 0.00108928 5.31432e-06 24.2987 129433 1
0.1 0.1 0.75 0.115554 0.122695 4.23206 0.777843 0.0121154 0.00119628 7.23807e-06 203.464 158962 1 0.115554 0.122695 4.23206 0.777843 0.00214179 0.000482461 2.09579e-06 38.3203 158962 1
0.1 0.15 0.2 0 0 0 0 0 0 0 0 0 0 0 0 0 0 0 0 0 0 0 0
0.1 0.15 0.25 0 0 0 0 0 0 0 0 0 0 0 0 0 0 0 0 0 0 0 0
0.1 0.15 0.3 0 0 0 0 0 0 0 0 0 0 0 0 0 0 0 0 0 0 0 0
0.1 0.15 0.35 0 0 0 0 0 0 0 -0.00169178 8 0 0 0 0 0 0 0 0 0 8 0
0.1 0.15 0.4 0.123523 0.193801 7.2311 0.416366 0.0706887 0.0126393 8.33353e-05 63.5207 14023 1 0.123523 0.193801 7.2311 0.416366 0.0407154 0.00971322 7.03868e-05 37.4412 14023 1
0.1 0.15 0.45 0.114964 0.181052 6.23074 0.470801 0.0697802 0.00671094 5.49388e-05 207.971 46860 1 0.114964 0.181052 6.23074 0.470801 0.0200321 0.00363265 2.15193e-05 66.0321 46860 1
0.1 0.15 0.5 0.118864 0.173739 6.10035 0.525379 0.0484378 0.00443245 3.31473e-05 235.213 76958 1 0.118864 0.173739 6.10035 0.525379 0.016658 0.00260602 1.79969e-05 76.674 76958 1
0.1 0.15 0.55 0.115158 0.170372 5.8335 0.571191 0.0380462 0.0038947 2.75832e-05 186.705 83473 1 0.115158 0.170372 5.8335 0.571191 0.0131114 0.00236984 1.61913e-05 56.2329 83473 1
0.1 0.15 0.6 0.11918 0.173036 6.16712 0.63294 0.0299796 0.00330093 2.43873e-05 161.487 83478 1 0.11918 0.173036 6.16712 0.63294 0.00725182 0.00159076 1.08152e-05 40.5385 83478 1
0.1 0.15 0.65 0.120221 0.175875 6.25678 0.677231 0.0230315 0.00275952 2.05867e-05 132.757 83478 1 0.120221 0.175875 6.25678 0.677231 0.00537893 0.00123593 6.54756e-06 37.3527 83478 1
0.1 0.15 0.7 0.11317 0.171655 5.89002 0.7244 0.0192154 0.00242596 1.87159e-05 108.919 83478 1 0.11317 0.171655 5.89002 0.7244 0.00355905 0.00109628 6.69069e-06 19.7515 83478 1
0.1 0.15 0.75 0.113356 0.170577 5.7341 0.815918 0.0176945 0.00175693 1.59398e-05 173.364 83478 1 0.113356 0.170577 5.7341 0.815918 0.00173532 0.000445337 2.56073e-06 27.8264 83478 1
0.1 0.2 0.2 0 0 0 0 0 0 0 0 0 0 0 0 0 0 0 0 0 0 0 0
0.1 0.2 0.25 0 0 0 0 0 0 0 12.2735 1216 0 0 0 0 0 0 0 0 4.98283 1216 0
0.1 0.2 0.3 0.121433 0.273796 9.92825 0.324569 0.158038 0.0131319 0.00010072 280.723 26365 1 0.121433 0.273796 9.92825 0.324569 0.0841092 0.0103792 7.82516e-05 119.053 26365 1
0.1 0.2 0.35 0.118027 0.257206 9.05538 0.376406 0.128477 0.00825167 6.33344e-05 463.473 57006 1 0.118027 0.257206 9.05538 0.376406 0.0520237 0.00531503 3.34303e-05 177.187 57006 1
0.1 0.2 0.4 0.114589 0.254577 8.65023 0.422295 0.0895076 0.00583269 4.37238e-05 458.268 75051 1 0.114589 0.254577 8.65023 0.422295 0.0284623 0.00319833 1.83803e-05 155.585 75051 1
0.1 0.2 0.45 0.115738 0.246015 8.42362 0.474877 0.0716555 0.00515394 3.98851e-05 364.104 75179 1 0.115738 0.246015 8.42362 0.474877 0.0248351 0.00308634 1.98073e-05 124.791 75179 1
0.1 0.2 0.5 0.110226 0.237076 7.73306 0.523841 0.0582755 0.00450194 3.55657e-05 300.816 75179 1 0.110226 0.237076 7.73306 0.523841 0.0156216 0.0023395 1.38128e-05 85.3826 75179 1
0.1 0.2 0.55 0.113176 0.246709 8.23929 0.569086 0.0431304 0.00372734 3.21001e-05 245.347 75179 1 0.113176 0.246709 8.23929 0.569086 0.0148996 0.00234006 1.62832e-05 73.1379 75179 1
0.1 0.2 0.6 0.121716 0.236939 8.50775 0.627069 0.0357256 0.00353208 2.93188e-05 187.719 75179 1 0.121716 0.236939 8.50775 0.627069 0.0107331 0.0018973 1.23318e-05 62.8476 75179 1
0.1 0.2 0.65 0.118658 0.230257 8.35577 0.669177 0.0255534 0.00287166 2.18987e-05 151.621 75179 1 0.118658 0.230257 8.35577 0.669177 0.00477457 0.00126121 7.47084e-06 32.0218 75179 1
0.1 0.2 0.7 0.113573 0.256435 8.62921 0.724411 0.025151 0.00288333 2.45835e-05 148.013 75179 1 0.113573 0.256435 8.62921 0.724411 0.00376609 0.00127363 7.22897e-06 19.4998 75179 1
0.1 0.2 0.75 0.121756 0.235375 8.62927 0.800357 0.0162115 0.00192109 1.42361e-05 184.04 72635 1 0.121756 0.235375 8.62927 0.800357 0.00311505 0.000806413 4.92132e-06 41.698 72635 1
0.1 0.3 0.2 0.118666 0.429478 15.2991 0.223904 0.267552 0.0180892 0.000116735 413.144 22776 1 0.118666 0.429478 15.2991 0.223904 0.152044 0.0136585 7.62159e-05 231.373 22776 1
0.1 0.3 0.25 0.11638 0.377721 13.1293 0.274448 0.207526 0.0108233 7.36903e-05 683.916 46795 1 0.11638 0.377721 13.1293 0.274448 0.128412 0.00884059 5.58123e-05 385.999 46795 1
0.1 0.3 0.3 0.116804 0.375325 12.9827 0.323417 0.159627 0.00913655 6.51214e-05 561.734 49290 1 0.116804 0.375325 12.9827 0.323417 0.0708574 0.00629181 3.77735e-05 235.312 49290 1
0.1 0.3 0.35 0.118135 0.3803 13.3223 0.369547 0.120196 0.00772707 5.48822e-05 438.157 49290 1 0.118135 0.3803 13.3223 0.369547 0.0548096 0.00533114 3.21564e-05 196.546 49290 1
0.1 0.3 0.4 0.117928 0.380417 13.3069 0.425807 0.0937903 0.00692126 5.00559e-05 359.972 49290 1 0.117928 0.380417 13.3069 0.425807 0.0336434 0.00435801 2.40932e-05 118.575 49290 1
0.1 0.3 0.45 0.117243 0.37834 13.1636 0.468345 0.0901096 0.00715639 5.31833e-05 332.368 48653 1 0.117243 0.37834 13.1636 0.468345 0.023432 0.00354736 1.89766e-05 102.815 48653 1
0.1 0.3 0.5 0.118501 0.36635 12.7351 0.527745 0.0653584 0.00694289 4.77634e-05 228.73 43142 1 0.118501 0.36635 12.7351 0.527745 0.022293 0.00394861 2.40895e-05 66.9647 43142 1
0.1 0.3 0.55 0.11253 0.334945 11.1941 0.577192 0.0472865 0.00712173 4.196e-05 135.127 36077 1 0.11253 0.334945 11.1941 0.577192 0.0143564 0.00374682 1.53766e-05 37.8505 36077 1
0.1 0.3 0.6 0.118614 0.336166 11.5656 0.624147 0.0422944 0.00749812 4.5363e-05 109.836 28887 1 0.118614 0.336166 11.5656 0.624147 0.0103551 0.00294264 1.89174e-05 30.1056 28887 1
0.1 0.3 0.65 0.110188 0.329615 10.8942 0.680273 0.0353064 0.0091042 5.47511e-05 67.6799 21622 1 0.110188 0.329615 10.8942 0.680273 0.00781799 0.00305007 2.28377e-05 13.4239 21622 1
0.1 0.3 0.7 0.107454 0.326919 10.2721 0.72851 0.0167003 0.00703539 4.02541e-05 31.4385 14266 1 0.107454 0.326919 10.2721 0.72851 0.00166632 0.00295528 2.33085e-05 5.67438 14266 1
0.1 0.3 0.75 0 0 0 0 0 0 0 4.79011 1199 0 0 0 0 0 0 0 0 0.689366 1199 0
0.1 0.5 0.2 0.119488 0.584816 20.6014 0.22229 0.294381 0.0202573 0.000129153 364.274 19008 1 0.119488 0.584816 20.6014 0.22229 0.1686 0.0155907 8.2613e-05 214.859 19008 1
0.1 0.5 0.25 0.121134 0.578484 20.8231 0.273825 0.215987 0.017457 0.000110727 278.373 19008 1 0.121134 0.578484 20.8231 0.273825 0.127358 0.013632 7.26086e-05 172.563 19008 1
0.1 0.5 0.3 0.115836 0.574022 19.8261 0.319969 0.169314 0.0168067 0.000104009 225.625 18878 1 0.115836 0.574022 19.8261 0.319969 0.0777741 0.0113017 5.3539e-05 103.325 18878 1
0.1 0.5 0.35 0.12005 0.559527 19.8403 0.375129 0.181413 0.0234676 0.000170584 152.556 14171 1 0.12005 0.559527 19.8403 0.375129 0.0669061 0.012732 6.31221e-05 63.7572 14171 1
0.1 0.5 0.4 0.110179 0.533723 17.5718 0.423723 0.129696 0.0279997 0.000215463 65.632 7424 1 0.110179 0.533723 17.5718 0.423723 0.0583347 0.0160368 0.000103739 29.9079 7424 1
0.1 0.5 0.45 0 0 0 0 0 0 0 8.46281 1353 0 0 0 0 0 0 0 0 5.85484 1353 0
0.1 0.5 0.5 0 0 0 0 0 0 0 0 0 0 0 0 0 0 0 0 0 0 0 0
0.1 0.5 0.55 0 0 0 0 0 0 0 0 0 0 0 0 0 0 0 0 0 0 0 0
0.1 0.5 0.6 0 0 0 0 0 0 0 0 0 0 0 0 0 0 0 0 0 0 0 0
0.1 0.5 0.65 0 0 0 0 0 0 0 0 0 0 0 0 0 0 0 0 0 0 0 0
0.1 0.5 0.7 0 0 0 0 0 0 0 0 0 0 0 0 0 0 0 0 0 0 0 0
0.1 0.5 0.75 0 0 0 0 0 0 0 0 0 0 0 0 0 0 0 0 0 0 0 0
0.14 0.1 0.2 0 0 0 0 0 0 0 0 0 0 0 0 0 0 0 0 0 0 0 0
0.14 0.1 0.25 0 0 0 0 0 0 0 0 0 0 0 0 0 0 0 0 0 0 0 0
0.14 0.1 0.3 0 0 0 0 0 0 0 0 0 0 0 0 0 0 0 0 0 0 0 0
0.14 0.1 0.35 0 0 0 0 0 0 0 0 0 0 0 0 0 0 0 0 0 0 0 0
0.14 0.1 0.4 0 0 0 0 0 0 0 0 0 0 0 0 0 0 0 0 0 0 0 0
0.14 0.1 0.45 0 0 0 0 0 0 0 0 0 0 0 0 0 0 0 0 0 0 0 0
0.14 0.1 0.5 0.140815 0.147582 6.42231 0.546805 0 0 0 4.47494 1597 0 0.140815 0.147582 6.42231 0.546805 0 0 0 2.0854 1597 0
0.14 0.1 0.55 0.166783 0.147831 7.30295 0.58106 0.0228209 0.00847947 6.23459e-05 14.1741 15977 1 0.166783 0.147831 7.30295 0.58106 0.0246062 0.0098795 0.000120347 10.2838 15977 1
0.14 0.1 0.6 0.143408 0.137829 5.8782 0.611187 0.034944 0.00717321 5.11767e-05 45.5676 33706 1 0.143408 0.137829 5.8782 0.611187 0.00127815 0.00106849 6.81839e-06 3.41544 33706 1
0.14 0.1 0.65 0.158035 0.136433 6.50555 0.686965 0.0200316 0.00452156 3.1497e-05 38.6179 51313 1 0.158035 0.136433 6.50555 0.686965 0.00502704 0.0025413 1.41289e-05 9.04589 51313 1
0.14 0.1 0.7 0.148388 0.130277 5.8188 0.722222 0.0169891 0.00388735 2.38564e-05 39.6165 69003 1 0.148388 0.130277 5.8188 0.722222 0.00441862 0.00188183 1.28313e-05 11.2504 69003 1
0.14 0.1 0.75 0.153457 0.114589 5.24314 0.79895 0.0131985 0.00202125 1.23979e-05 78.4637 84321 1 0.153457 0.114589 5.24314 0.79895 0.00195267 0.000862244 5.25239e-06 8.92191 84321 1
0.14 0.15 0.2 0 0 0 0 0 0 0 0 0 0 0 0 0 0 0 0 0 0 0 0
0.14 0.15 0.25 0 0 0 0 0 0 0 0 0 0 0 0 0 0 0 0 0 0 0 0
0.14 0.15 0.3 0 0 0 0 0 0 0 0 0 0 0 0 0 0 0 0 0 0 0 0
0.14 0.15 0.35 0 0 0 0 0 0 0 0 3 0 0 0 0 0 0 0 0 0 3 0
0.14 0.15 0.4 0.162727 0.194456 9.4995 0.429185 0.0532113 0.0156785 9.75521e-05 23.4747 6858 1 0.162727 0.194456 9.4995 0.429185 0.0216866 0.0115859 6.71518e-05 8.32751 6858 1
0.14 0.15 0.45 0.157623 0.184369 8.68487 0.465711 0.0624877 0.00917477 7.10175e-05 91.4857 23772 1 0.157623 0.184369 8.68487 0.465711 0.0271811 0.00664743 4.85954e-05 28.6679 23772 1
0.14 0.15 0.5 0.15393 0.184738 8.2791 0.532472 0.0403767 0.00606478 4.017e-05 92.7668 39575 1 0.15393 0.184738 8.2791 0.532472 0.0133514 0.00355345 2.19027e-05 29.0536 39575 1
0.14 0.15 0.55 0.154076 0.166578 7.67553 0.57855 0.0368646 0.00575072 3.96886e-05 80.5987 42981 1 0.154076 0.166578 7.67553 0.57855 0.00758996 0.00271815 1.55126e-05 13.9969 42981 1
0.14 0.15 0.6 0 0 0 0 0.0291212 0.00452078 3.05584e-05 75.4163 42981 1 0 0 0 0 0.00713873 0.00242219 1.43158e-05 14.7571 42981 1
0.14 0.15 0.65 0.153895 0.176988 7.99815 0.67015 0.0264316 0.0046937 3.68106e-05 60.1115 42981 1 0.153895 0.176988 7.99815 0.67015 0.00731473 0.00281515 1.94785e-05 11.8023 42981 1
0.14 0.15 0.7 0.16998 0.168076 8.6288 0.71697 0.0207308 0.00372443 2.87214e-05 52.952 42981 1 0.16998 0.168076 8.6288 0.71697 0.00159853 0.00127384 6.06144e-06 4.90077 42981 1
0.14 0.15 0.75 0.17351 0.168055 9.05972 0.834679 0.00999978 0.00184529 1.20824e-05 50.8674 42981 1 0.17351 0.168055 9.05972 0.834679 0.00113367 0.000617931 2.72408e-06 7.26039 42981 1
0.14 0.2 0.2 0 0 0 0 0 0 0 0 0 0 0 0 0 0 0 0 0 0 0 0
0.14 0.2 0.25 0 0 0 0 0 0 0 7.00525 589 0 0 0 0 0 0 0 0 3.11004 589 0
0.14 0.2 0.3 0.160374 0.270563 13.1799 0.325305 0.15901 0.0194679 0.00014126 131.912 12873 1 0.160374 0.270563 13.1799 0.325305 0.0748814 0.0123637 8.46109e-05 64.5462 12873 1
0.14 0.2 0.35 0.156768 0.251862 11.7598 0.377195 0.112949 0.0111196 7.92862e-05 197.23 27634 1 0.156768 0.251862 11.7598 0.377195 0.0456312 0.00702143 4.41169e-05 76.9226 27634 1
0.14 0.2 0.4 0.155367 0.234461 10.937 0.419523 0.0874209 0.00807854 5.86133e-05 226.607 36643 1 0.155367 0.234461 10.937 0.419523 0.0235532 0.00452238 2.49705e-05 52.8421 36643 1
0.14 0.2 0.45 0.155959 0.238251 10.8921 0.464458 0.0691831 0.00709421 5.84862e-05 177.319 36718 1 0.155959 0.238251 10.8921 0.464458 0.0161604 0.00352622 2.01666e-05 43.4188 36718 1
0.14 0.2 0.5 0.15327 0.249903 11.1816 0.519775 0.0572805 0.00636191 5.0279e-05 141.931 36718 1 0.15327 0.249903 11.1816 0.519775 0.00883413 0.00228119 1.16349e-05 28.1402 36718 1
0.14 0.2 0.55 0.145191 0.22542 10.002 0.579362 0.0398738 0.00519189 3.94696e-05 108.241 36718 1 0.145191 0.22542 10.002 0.579362 0.00924016 0.0027272 1.43817e-05 23.4976 36718 1
0.14 0.2 0.6 0.147258 0.212701 9.39755 0.626865 0.0349783 0.0049134 5.00342e-05 97.109 36718 1 0.147258 0.212701 9.39755 0.626865 0.00434198 0.00158789 7.531e-06 14.8156 36718 1
0.14 0.2 0.65 0.152409 0.247729 11.3206 0.677517 0.0249855 0.004459 3.0175e-05 67.1108 36718 1 0.152409 0.247729 11.3206 0.677517 0.0110228 0.00313286 2.90838e-05 23.2955 36718 1
0.14 0.2 0.7 0 0 0 0 0.0243902 0.00428491 3.62094e-05 68.5073 36718 1 0 0 0 0 0.00319383 0.0016698 1.13657e-05 8.5666 36718 1
0.14 0.2 0.75 0.149177 0.248913 11.2338 0.821975 0.0194294 0.00307797 3.17808e-05 100.729 35450 1 0.149177 0.248913 11.2338 0.821975 0.00147147 0.000952619 4.72456e-06 9.78431 35450 1
0.14 0.3 0.2 0.159718 0.414679 19.8251 0.22464 0.27416 0.0242267 0.000161291 235.374 12285 1 0.159718 0.414679 19.8251 0.22464 0.136641 0.0185421 0.000110025 105.189 12285 1
0.14 0.3 0.25 0.156324 0.385905 17.9602 0.270642 0.217213 0.0155806 0.000116227 348.758 24793 1 0.156324 0.385905 17.9602 0.270642 0.106881 0.0108531 6.81375e-05 176.386 24793 1
0.14 0.3 0.3 0.159 0.387848 18.2333 0.317821 0.168642 0.0129167 9.33975e-05 314.536 26157 1 0.159 0.387848 18.2333 0.317821 0.0585736 0.00755778 4.05704e-05 111.217 26157 1
0.14 0.3 0.35 0.153613 0.367607 16.7752 0.382076 0.110425 0.00992009 6.8985e-05 224.582 26157 1 0.153613 0.367607 16.7752 0.382076 0.0424016 0.00657521 3.59789e-05 82.0648 26157 1
0.14 0.3 0.4 0.154828 0.404207 18.6806 0.431948 0.107094 0.0100402 8.14473e-05 214.873 26157 1 0.154828 0.404207 18.6806 0.431948 0.0303093 0.00545031 3.36807e-05 56.389 26157 1
0.14 0.3 0.45 0.159621 0.388346 18.3334 0.477534 0.0814606 0.00980127 7.60469e-05 164.652 25850 1 0.159621 0.388346 18.3334 0.477534 0.0214164 0.00473685 2.32871e-05 48.6017 25850 1
0.14 0.3 0.5 0.160709 0.385339 18.0891 0.519111 0.0723673 0.00945481 6.47821e-05 143.018 22862 1 0.160709 0.385339 18.0891 0.519111 0.019201 0.00533715 3.0948e-05 29.173 22862 1
0.14 0.3 0.55 0.150456 0.368543 16.7934 0.568727 0.0367418 0.00738608 3.9356e-05 76.6716 19071 1 0.150456 0.368543 16.7934 0.568727 0.0129427 0.004067 2.38068e-05 23.1217 19071 1
0.14 0.3 0.6 0.165003 0.325927 16.1072 0.615997 0.0489475 0.0120419 8.26409e-05 51.7253 15218 1 0.165003 0.325927 16.1072 0.615997 0.0118043 0.00472872 3.4624e-05 14.5546 15218 1
0.14 0.3 0.65 0.153189 0.323097 14.9614 0.675487 0.0395042 0.0129101 7.80214e-05 43.2592 11304 1 0.153189 0.323097 14.9614 0.675487 0.00407827 0.00270883 3.17634e-05 5.74195 11304 1
0.14 0.3 0.7 0.150526 0.302919 14.1937 0.705443 0.0375421 0.0199588 0.000135314 22.9494 7365 1 0.150526 0.302919 14.1937 0.705443 0 0 0 -0.499206 7365 0
0.14 0.3 0.75 0 0 0 0 0 0 0 1.20742 666 0 0 0 0 0 0 0 0 -0.201561 666 0
0.14 0.5 0.2 0.158365 0.563766 26.3298 0.218581 0 0 0 182.551 9543 0 0.158365 0.563766 26.3298 0.218581 0 0 0 117.425 9543 0
0.14 0.5 0.25 0.162081 0.61011 29.5496 0.276007 0 0 0 134.352 9543 0 0.162081 0.61011 29.5496 0.276007 0 0 0 69.1197 9543 0
0.14 0.5 0.3 0.161691 0.5674 27.4662 0.321106 0 0 0 121.019 9488 0 0.161691 0.5674 27.4662 0.321106 0 0 0 49.7792 9488 0
0.14 0.5 0.35 0.159854 0.561248 26.516 0.379689 0 0 0 89.7406 7273 0 0.159854 0.561248 26.516 0.379689 0 0 0 21.7335 7273 0
0.14 0.5 0.4 0.171444 0.528215 26.7093 0.417797 0 0 0 37.6506 3961 0 0.171444 0.528215 26.7093 0.417797 0 0 0 10.443 3961 0
0.14 0.5 0.45 0 0 0 0 0 0 0 9.62318 741 0 0 0 0 0 0 0 0 0.745782 741 0
0.14 0.5 0.5 0 0 0 0 0 0 0 0 0 0 0 0 0 0 0 0 0 0 0 0
0.14 0.5 0.55 0 0 0 0 0 0 0 0 0 0 0 0 0 0 0 0 0 0 0 0
0.14 0.5 0.6 0 0 0 0 0 0 0 0 0 0 0 0 0 0 0 0 0 0 0 0
0.14 0.5 0.65 0 0 0 0 0 0 0 0 0 0 0 0 0 0 0 0 0 0 0 0
0.14 0.5 0.7 0 0 0 0 0 0 0 0 0 0 0 0 0 0 0 0 0 0 0 0
0.14 0.5 0.75 0 0 0 0 0 0 0 0 0 0 0 0 0 0 0 0 0 0 0 0
0.18 0.1 0.2 0 0 0 0 0 0 0 0 0 0 0 0 0 0 0 0 0 0 0 0
0.18 0.1 0.25 0 0 0 0 0 0 0 0 0 0 0 0 0 0 0 0 0 0 0 0
0.18 0.1 0.3 0 0 0 0 0 0 0 0 0 0 0 0 0 0 0 0 0 0 0 0
0.18 0.1 0.35 0 0 0 0 0 0 0 0 0 0 0 0 0 0 0 0 0 0 0 0
0.18 0.1 0.4 0 0 0 0 0 0 0 0 0 0 0 0 0 0 0 0 0 0 0 0
0.18 0.1 0.45 0 0 0 0 0 0 0 0 0 0 0 0 0 0 0 0 0 0 0 0
0.18 0.1 0.5 0 0 0 0 0 0 0 1.93244 2275 0 0 0 0 0 0 0 0 -0.127402 2275 0
0.18 0.1 0.55 0 0 0 0 0 0 0 17.1238 22569 0 0 0 0 0 0 0 0 10.5903 22569 0
0.18 0.1 0.6 0.180833 0.141933 8.19881 0.647681 0 0 0 28.6875 48069 0 0.180833 0.141933 8.19881 0.647681 0 0 0 6.53812 48069 0
0.18 0.1 0.65 0.209679 0.133499 8.23968 0.668347 0 0 0 31.3626 71842 0 0.209679 0.133499 8.23968 0.668347 0 0 0 2.40378 71842 0
0.18 0.1 0.7 0.242805 0.127966 9.0299 0.71501 0 0 0 23.0343 91380 0 0.242805 0.127966 9.0299 0.71501 0 0 0 4.48658 91380 0
0.18 0.1 0.75 0.236866 0.111717 7.9311 0.76305 0 0 0 53.3408 101528 0 0.236866 0.111717 7.9311 0.76305 0 0 0 7.59802 101528 0
0.18 0.15 0.2 0 0 0 0 0 0 0 0 0 0 0 0 0 0 0 0 0 0 0 0
0.18 0.15 0.25 0 0 0 0 0 0 0 0 0 0 0 0 0 0 0 0 0 0 0 0
0.18 0.15 0.3 0 0 0 0 0 0 0 0 0 0 0 0 0 0 0 0 0 0 0 0
0.18 0.15 0.35 0 0 0 0 0 0 0 0 3 0 0 0 0 0 0 0 0 0 3 0
0.18 0.15 0.4 0.202176 0.189989 12.2053 0.448347 0.0602668 0.0166157 0.000124564 25.6267 9404 1 0.202176 0.189989 12.2053 0.448347 0.0472122 0.0199301 0.000174283 12.2431 9404 1
0.18 0.15 0.45 0.23064 0.184553 12.9881 0.471841 0.0509596 0.00854015 6.12554e-05 70.2857 32049 1 0.23064 0.184553 12.9881 0.471841 0.0115159 0.00474421 3.17857e-05 9.97126 32049 1
0.18 0.15 0.5 0.209413 0.183937 11.6282 0.518637 0.0483383 0.00727608 5.51285e-05 87.0143 53807 1 0.209413 0.183937 11.6282 0.518637 0.00987769 0.00265303 1.43721e-05 28.5613 53807 1
0.18 0.15 0.55 0.262665 0.177807 14.325 0.560932 0.0297521 0.00503029 3.29166e-05 69.3855 58404 1 0.262665 0.177807 14.325 0.560932 0.00613685 0.00256567 1.25451e-05 11.8391 58404 1
0.18 0.15 0.6 0.257657 0.163322 13.0007 0.61375 0.0335492 0.00536707 4.81975e-05 68.7515 58407 1 0.257657 0.163322 13.0007 0.61375 0.00136711 0.000700877 6.20404e-06 6.2355 58407 1
0.18 0.15 0.65 0.21744 0.172991 11.3896 0.67249 0.0216724 0.00398888 2.78664e-05 51.2037 58407 1 0.21744 0.172991 11.3896 0.67249 0.00273238 0.00153911 8.6839e-06 6.81293 58407 1
0.18 0.15 0.7 0.215932 0.196422 12.675 0.708416 0.0166668 0.00357054 2.89683e-05 37.2471 58407 1 0.215932 0.196422 12.675 0.708416 0.00534973 0.00243379 2.90123e-05 7.85323 58407 1
0.18 0.15 0.75 0.215344 0.183301 12.079 0.794604 0.0107314 0.00177364 1.16876e-05 64.8685 58407 1 0.215344 0.183301 12.079 0.794604 0.00161947 0.000785657 5.38795e-06 8.56511 58407 1
0.18 0.2 0.2 0 0 0 0 0 0 0 0 0 0 0 0 0 0 0 0 0 0 0 0
0.18 0.2 0.25 0.237877 0.297866 22.3035 0.2845 0 0 0 6.68736 920 0 0.237877 0.297866 22.3035 0.2845 0 0 0 5.26181 920 0
0.18 0.2 0.3 0.225181 0.272742 18.4062 0.322358 0.120452 0.0140516 0.000115506 137.604 19433 1 0.225181 0.272742 18.4062 0.322358 0.0510016 0.00878105 5.8885e-05 63.2796 19433 1
0.18 0.2 0.35 0.243467 0.255925 18.6916 0.37311 0.101852 0.00939367 7.59187e-05 235.469 40676 1 0.243467 0.255925 18.6916 0.37311 0.0544304 0.00671044 5.7272e-05 119.979 40676 1
0.18 0.2 0.4 0.258317 0.242222 18.2948 0.427058 0.0846144 0.00725093 6.43316e-05 257.374 52973 1 0.258317 0.242222 18.2948 0.427058 0.0215483 0.00381384 2.40025e-05 64.4467 52973 1
0.18 0.2 0.45 0.221321 0.260182 17.3305 0.476401 0.0673242 0.00664569 5.87104e-05 185.561 53073 1 0.221321 0.260182 17.3305 0.476401 0.0117022 0.00278233 1.76878e-05 34.7104 53073 1
0.18 0.2 0.5 0.271889 0.246779 20.0695 0.523937 0.0469244 0.00499469 4.27027e-05 157.168 53073 1 0.271889 0.246779 20.0695 0.523937 0.0112496 0.00256396 1.72538e-05 36.7905 53073 1
0.18 0.2 0.55 0.210562 0.283462 18.2523 0.588077 0.0303575 0.00368008 2.69264e-05 123.527 53073 1 0.210562 0.283462 18.2523 0.588077 0.00604812 0.00180472 1.06595e-05 22.062 53073 1
0.18 0.2 0.6 0.219578 0.230122 14.9038 0.619118 0.0371465 0.00478643 4.48365e-05 111.804 53073 1 0.219578 0.230122 14.9038 0.619118 0.00596431 0.00195007 1.176e-05 19.0675 53073 1
0.18 0.2 0.65 0.198486 0.219468 13.1377 0.676875 0.0328154 0.00451569 4.31019e-05 103.22 53073 1 0.198486 0.219468 13.1377 0.676875 0.00347407 0.00145828 9.47786e-06 12.4406 53073 1
0.18 0.2 0.7 0.255595 0.272085 20.0676 0.743679 0.031012 0.00457097 4.74962e-05 91.1595 53073 1 0.255595 0.272085 20.0676 0.743679 0.00433957 0.00139638 1.161e-05 19.906 53073 1
0.18 0.2 0.75 0.313511 0.273985 27.0362 0.789931 0.0145866 0.00224696 1.97717e-05 107.203 51118 1 0.313511 0.273985 27.0362 0.789931 0.00221949 0.000883452 6.71444e-06 15.5708 51118 1
0.18 0.3 0.2 0.252126 0.426594 31.955 0.22378 0.254964 0.0192387 0.000145725 319.071 18024 1 0.252126 0.426594 31.955 0.22378 0.152437 0.0162434 0.000111359 165.668 18024 1
0.18 0.3 0.25 0.265717 0.394768 31.1037 0.274802 0.180735 0.0112752 8.30302e-05 476.582 37259 1 0.265717 0.394768 31.1037 0.274802 0.0909243 0.00824613 5.44881e-05 230.252 37259 1
0.18 0.3 0.3 0.241593 0.396173 28.0143 0.322339 0.163825 0.0107241 9.16327e-05 425.061 39255 1 0.241593 0.396173 28.0143 0.322339 0.0564954 0.00618589 4.02941e-05 157.269 39255 1
0.18 0.3 0.35 0.244426 0.365191 26.1877 0.37597 0.117388 0.00846897 6.99149e-05 358.072 39255 1 0.244426 0.365191 26.1877 0.37597 0.040447 0.00524344 3.13699e-05 118.564 39255 1
0.18 0.3 0.4 0.263877 0.393988 31.001 0.417639 0.107977 0.00856946 7.77951e-05 302.698 39255 1 0.263877 0.393988 31.001 0.417639 0.0330889 0.00507389 3.1142e-05 91.2933 39255 1
0.18 0.3 0.45 0.256881 0.376251 28.2991 0.474322 0.0980664 0.00888379 7.66076e-05 269.599 38780 1 0.256881 0.376251 28.2991 0.474322 0.0181833 0.00363903 1.94201e-05 54.8827 38780 1
0.18 0.3 0.5 0.243524 0.37856 27.5445 0.524559 0.0759065 0.0085886 7.60401e-05 193.394 34481 1 0.243524 0.37856 27.5445 0.524559 0.0176443 0.00399548 3.34526e-05 41.5556 34481 1
0.18 0.3 0.55 0.224898 0.352726 24.1468 0.569934 0.0658127 0.00926433 9.18345e-05 140.051 28857 1 0.224898 0.352726 24.1468 0.569934 0.00840403 0.00342335 1.41755e-05 19.8259 28857 1
0.18 0.3 0.6 0.23682 0.335593 23.5732 0.6243 0.0638349 0.0128882 0.000104187 91.4486 23067 1 0.23682 0.335593 23.5732 0.6243 0.0109384 0.00377291 2.59241e-05 18.1249 23067 1
0.18 0.3 0.65 0.35575 0.308476 33.9351 0.666655 0 0 0 59.5436 17141 0 0.35575 0.308476 33.9351 0.666655 0 0 0 10.1346 17141 0
0.18 0.3 0.7 0.370454 0.302718 34.1372 0.723554 0 0 0 27.7885 11271 0 0.370454 0.302718 34.1372 0.723554 0 0 0 2.59834 11271 0
0.18 0.3 0.75 0 0 0 0 0 0 0 3.56554 1023 0 0 0 0 0 0 0 0 0.798439 1023 0
0.18 0.5 0.2 0.246762 0.564292 41.9436 0.219493 0 0 0 272.717 13270 0 0.246762 0.564292 41.9436 0.219493 0 0 0 152.652 13270 0
0.18 0.5 0.25 0.223715 0.575 38.0605 0.270545 0 0 0 241.396 13270 0 0.223715 0.575 38.0605 0.270545 0 0 0 87.1801 13270 0
0.18 0.5 0.3 0.24527 0.614002 43.7992 0.331634 0 0 0 162.488 13174 0 0.24527 0.614002 43.7992 0.331634 0 0 0 73.6755 13174 0
0.18 0.5 0.35 0.238376 0.57383 40.4477 0.377926 0 0 0 128.42 9878 0 0.238376 0.57383 40.4477 0.377926 0 0 0 26.6459 9878 0
0.18 0.5 0.4 0.205238 0.516852 30.3288 0.441922 0 0 0 63.6069 5329 0 0.205238 0.516852 30.3288 0.441922 0 0 0 5.16153 5329 0
0.18 0.5 0.45 0 0 0 0 0 0 0 8.10365 982 0 0 0 0 0 0 0 0 0.807421 982 0
0.18 0.5 0.5 0 0 0 0 0 0 0 0 0 0 0 0 0 0 0 0 0 0 0 0
0.18 0.5 0.55 0 0 0 0 0 0 0 0 0 0 0 0 0 0 0 0 0 0 0 0
0.18 0.5 0.6 0 0 0 0 0 0 0 0 0 0 0 0 0 0 0 0 0 0 0 0
0.18 0.5 0.65 0 0 0 0 0 0 0 0 0 0 0 0 0 0 0 0 0 0 0 0
0.18 0.5 0.7 0 0 0 0 0 0 0 0 0 0 0 0 0 0 0 0 0 0 0 0
0.18 0.5 0.75 0 0 0 0 0 0 0 0 0 0 0 0 0 0 0 0 0 0 0 0 
