0 0 0 2.46023 0.00905919 0.000104819
0 0 1 1.68792 0.00643293 8.82363e-05
0 0 2 1.29996 0.00526183 8.63882e-05
0 0 3 0.909742 0.00476885 8.31588e-05
0 0 4 0.574844 0.00439404 7.44907e-05
0 0 5 0.413792 0.00497479 0.000114975
0 0 6 0.291688 0.00527439 0.000122085
0 0 7 0.363063 0.011864 0.000247185
0 0 8 0.0632065 0.00398791 7.67695e-05
0 0 9 0.578233 0.165046 0.00178984
0 0 10 0 0 0
0 0 11 0 0 0
1 0 0 2.59661 0.00957991 0.000101206
1 0 1 1.89154 0.00719635 9.43837e-05
1 0 2 1.35943 0.00549967 8.54768e-05
1 0 3 0.943184 0.00491629 8.07482e-05
1 0 4 0.541295 0.0042016 6.86906e-05
1 0 5 0.543342 0.00660301 0.000142285
1 0 6 0.353033 0.00616706 0.000136937
1 0 7 0.135462 0.00457021 8.22602e-05
1 0 8 0.191807 0.0121945 0.000216393
1 0 9 0 0 0
1 0 10 0 0 0
1 0 11 0 0 0
0 1 0 2.59236 0.00723769 9.36978e-05
0 1 1 1.61208 0.00317494 6.04297e-05
0 1 2 1.19125 0.00191879 4.11032e-05
0 1 3 0.788697 0.00124663 3.18486e-05
0 1 4 0.606905 0.000977543 2.92543e-05
0 1 5 0.465946 0.000820199 3.20654e-05
0 1 6 0.354044 0.000670082 2.88319e-05
0 1 7 0.246227 0.000509512 2.39128e-05
0 1 8 0.224779 0.000499024 2.86677e-05
0 1 9 0.154581 0.000379993 2.51409e-05
0 1 10 0.0983248 0.000266226 1.99312e-05
0 1 11 0.0752696 0.000122664 1.7317e-05
1 1 0 2.70445 0.00752928 9.08645e-05
1 1 1 1.9705 0.00385065 6.86561e-05
1 1 2 1.43673 0.002297 4.61042e-05
1 1 3 1.10055 0.0017255 4.06004e-05
1 1 4 0.810266 0.00130228 3.35212e-05
1 1 5 0.569475 0.00100583 3.43205e-05
1 1 6 0.416688 0.000802156 3.04876e-05
1 1 7 0.402394 0.000831329 3.65179e-05
1 1 8 0.282062 0.000644162 2.87071e-05
1 1 9 0.234857 0.000595433 3.2906e-05
1 1 10 0.187947 0.000531005 2.83499e-05
1 1 11 0.144774 0.000272244 2.90401e-05
0 2 0 2.38969 0.0173916 0.000140677
0 2 1 1.65307 0.00813002 9.87668e-05
0 2 2 1.21631 0.00446777 6.1092e-05
0 2 3 0.839236 0.00259551 4.81423e-05
0 2 4 0.582918 0.00159239 3.56427e-05
0 2 5 0.527894 0.0012875 3.76803e-05
0 2 6 0.373483 0.00083491 2.96012e-05
0 2 7 0.307222 0.000647472 2.51535e-05
0 2 8 0.182322 0.000377685 1.73053e-05
0 2 9 0.139188 0.000275565 1.53586e-05
0 2 10 0.122339 0.000247076 1.65372e-05
0 2 11 0.0857943 8.29829e-05 1.14327e-05
1 2 0 2.74876 0.0197377 0.000149877
1 2 1 2.17982 0.0104832 0.000118103
1 2 2 1.24018 0.00454915 5.79705e-05
1 2 3 1.035 0.00319229 5.40169e-05
1 2 4 0.831624 0.00222856 4.10555e-05
1 2 5 0.669719 0.0016237 4.17678e-05
1 2 6 0.535604 0.00118727 3.68135e-05
1 2 7 0.374328 0.000799902 2.57436e-05
1 2 8 0.318257 0.000664251 2.57277e-05
1 2 9 0.209251 0.000428585 1.98787e-05
1 2 10 0.172798 0.000362489 1.90226e-05
1 2 11 0.135002 0.000161129 1.54127e-05
0 3 0 2.37374 0.0309483 0.000197184
0 3 1 1.74573 0.0152919 0.000144683
0 3 2 1.09774 0.00726778 7.8607e-05
0 3 3 0.759211 0.00417306 5.97574e-05
0 3 4 0.602497 0.00296644 4.96728e-05
0 3 5 0.393476 0.00174451 3.81193e-05
0 3 6 0.326231 0.00130128 3.53622e-05
0 3 7 0.284184 0.0010419 3.06678e-05
0 3 8 0.167684 0.000555018 2.00949e-05
0 3 9 0.156318 0.00046588 2.09683e-05
0 3 10 0.104565 0.000297112 1.89136e-05
0 3 11 0.0844278 0.000104659 1.20642e-05
1 3 0 3.12629 0.0393236 0.000237078
1 3 1 2.03426 0.0175569 0.000153039
1 3 2 1.48215 0.00970106 9.73722e-05
1 3 3 1.03797 0.00561729 7.42429e-05
1 3 4 0.893599 0.00434155 6.14161e-05
1 3 5 0.57625 0.00253851 4.75885e-05
1 3 6 0.534273 0.00209327 4.92996e-05
1 3 7 0.369144 0.00134655 3.43482e-05
1 3 8 0.288763 0.000960279 2.85788e-05
1 3 9 0.210775 0.000636271 2.23354e-05
1 3 10 0.164591 0.000462541 1.94445e-05
1 3 11 0.151696 0.00024384 1.65892e-05
0 4 0 2.1873 0.0311521 0.000179837
0 4 1 1.40637 0.0127324 0.00011152
0 4 2 1.13468 0.00735632 7.9759e-05
0 4 3 0.917818 0.00492716 6.76283e-05
0 4 4 0.617685 0.00286834 4.95904e-05
0 4 5 0.38881 0.00159461 3.57721e-05
0 4 6 0.315519 0.00116055 3.28481e-05
0 4 7 0.2168 0.000743117 2.30498e-05
0 4 8 0.134305 0.000411383 1.55723e-05
0 4 9 0.124963 0.000354187 1.56485e-05
0 4 10 0.0685099 0.000176594 1.07689e-05
0 4 11 0.0539069 6.36442e-05 7.26105e-06
1 4 0 3.04458 0.0418791 0.000225483
1 4 1 2.0628 0.0182619 0.000150278
1 4 2 1.61489 0.0102158 9.98492e-05
1 4 3 1.00967 0.00538008 6.78622e-05
1 4 4 0.814115 0.00372677 5.60047e-05
1 4 5 0.648381 0.00261941 5.12133e-05
1 4 6 0.41941 0.00153207 3.65703e-05
1 4 7 0.44875 0.00151172 3.72589e-05
1 4 8 0.291241 0.000889843 2.65392e-05
1 4 9 0.210587 0.000593618 2.06373e-05
1 4 10 0.15972 0.000415884 1.77349e-05
1 4 11 0.132819 0.000201699 1.30601e-05
0 5 0 2.32216 0.0370677 0.00021161
0 5 1 1.38405 0.0148091 0.000124321
0 5 2 1.25104 0.00965856 9.65619e-05
0 5 3 0.639384 0.004157 5.38102e-05
0 5 4 0.453052 0.00261902 3.96257e-05
0 5 5 0.398415 0.00208971 4.11728e-05
0 5 6 0.255055 0.00118638 2.90624e-05
0 5 7 0.164845 0.000691086 1.89996e-05
0 5 8 0.137465 0.000535871 1.81059e-05
0 5 9 0.104965 0.000381738 1.46515e-05
0 5 10 0.0789478 0.000256271 1.39637e-05
0 5 11 0.06327 9.99271e-05 9.33796e-06
1 5 0 3.07632 0.0477447 0.000251585
1 5 1 2.06525 0.0214305 0.00016737
1 5 2 1.54571 0.0117855 0.000105544
1 5 3 1.17935 0.00747517 8.62841e-05
1 5 4 0.711419 0.00403418 4.96372e-05
1 5 5 0.718722 0.00364318 6.18563e-05
1 5 6 0.514114 0.00232551 4.83937e-05
1 5 7 0.294396 0.00121288 2.65592e-05
1 5 8 0.304828 0.00115972 2.96319e-05
1 5 9 0.203523 0.000727553 2.23671e-05
1 5 10 0.17348 0.000561575 2.08375e-05
1 5 11 0.151756 0.000291421 1.5842e-05
0 6 0 2.31638 0.0831515 0.000330649
0 6 1 1.90537 0.0454217 0.00026874
0 6 2 0.841911 0.0154798 0.000108487
0 6 3 0.758719 0.0119269 0.00010579
0 6 4 0.449728 0.00618415 6.33334e-05
0 6 5 0.393798 0.0048553 6.9226e-05
0 6 6 0.218818 0.00248571 4.26718e-05
0 6 7 0.191912 0.00206901 3.97732e-05
0 6 8 0.136047 0.00163429 3.46354e-05
0 6 9 0.0925783 0.000825846 2.21082e-05
0 6 10 0.0391702 0.000338947 1.22236e-05
0 6 11 0.0301786 0.000131261 7.65239e-06
1 6 0 3.0429 0.105894 0.000394536
1 6 1 2.11357 0.0493876 0.000277151
1 6 2 1.51714 0.0269368 0.000161761
1 6 3 1.34483 0.0206013 0.000158073
1 6 4 0.887056 0.0116899 0.000111818
1 6 5 0.604648 0.00724932 8.50739e-05
1 6 6 0.46542 0.00515793 7.04261e-05
1 6 7 0.369578 0.00377379 5.19783e-05
1 6 8 0.284819 0.00268666 4.50558e-05
1 6 9 0.144136 0.00124651 2.56472e-05
1 6 10 0.159429 0.00129501 3.08227e-05
1 6 11 0.102331 0.000511024 1.76138e-05
0 7 0 2.16435 0.286142 0.000885212
0 7 1 1.51508 0.098203 0.000543107
0 7 2 1.67887 0.0746869 0.000448928
0 7 3 0.624893 0.0216854 0.000166148
0 7 4 0.326752 0.00950889 8.52094e-05
0 7 5 0.206254 0.0051236 5.35221e-05
0 7 6 0.189609 0.00448259 5.83609e-05
0 7 7 0.162907 0.00392167 5.18968e-05
0 7 8 0.134931 0.00332559 5.50915e-05
0 7 9 0.127332 0.0031757 5.66888e-05
0 7 10 0.0793217 0.00231341 6.60199e-05
0 7 11 0.0507223 0.000527446 2.11798e-05
1 7 0 2.75719 0.35757 0.00101115
1 7 1 2.43008 0.152861 0.000757037
1 7 2 1.52488 0.0671136 0.000308485
1 7 3 0.822451 0.0275945 0.000181361
1 7 4 0.82215 0.0233521 0.000194775
1 7 5 0.837241 0.0196873 0.000172337
1 7 6 0.419029 0.00976466 9.18157e-05
1 7 7 0.272682 0.00594874 6.08844e-05
1 7 8 0.10287 0.00307501 3.87103e-05
1 7 9 0.19073 0.00448842 5.53743e-05
1 7 10 0.082045 0.0016174 2.60064e-05
1 7 11 0.0940892 0.00108636 2.4318e-05
0 8 0 2.80497 0.213067 0.00105331
0 8 1 1.70869 0.0701636 0.000563563
0 8 2 0.55056 0.0159341 0.000144224
0 8 3 0.696648 0.0163566 0.000183531
0 8 4 0.533409 0.0111765 0.000155366
0 8 5 0.258367 0.00448853 6.92965e-05
0 8 6 0.0763564 0.00129679 2.43895e-05
0 8 7 0.0884527 0.00154666 3.22971e-05
0 8 8 0.316136 0.0248015 0.000466088
0 8 9 0.123523 0.00326699 7.96057e-05
0 8 10 0.0862706 0.00199708 7.52278e-05
0 8 11 0.0594343 0.000705351 4.09923e-05
1 8 0 3.061 0.229943 0.000992424
1 8 1 1.49437 0.0620604 0.00042154
1 8 2 1.36849 0.0390172 0.000289044
1 8 3 1.01559 0.0232159 0.000217207
1 8 4 0.829835 0.0161861 0.00016942
1 8 5 0.47425 0.00825265 9.63398e-05
1 8 6 0.432209 0.00725657 9.87297e-05
1 8 7 0.373346 0.006326 9.23564e-05
1 8 8 0.218896 0.00418429 6.21704e-05
1 8 9 0.349426 0.00908286 0.000169283
1 8 10 0.270299 0.00675177 0.000149141
1 8 11 0.133728 0.00180519 5.77179e-05
