0 0 0 2.39685 0.000708655 0.000121013
0 0 1 1.61403 0.000477033 9.88877e-05
0 0 2 1.13489 0.000354624 8.61366e-05
0 0 3 0.820536 0.000328176 8.43476e-05
0 0 4 0.626822 0.000352825 9.15973e-05
0 0 5 0.441633 0.000398276 0.000135434
0 0 6 0.342054 0.000454104 0.000148991
0 0 7 0.268585 0.00061803 0.000182824
0 0 8 0.199755 0.000910711 0.000254949
0 0 9 0.240319 0.00600331 0.000774802
0 0 10 0 0 0
0 0 11 0 0 0
1 0 0 2.59521 0.000754177 0.000121742
1 0 1 1.84744 0.000532565 0.000104241
1 0 2 1.33306 0.000407415 9.40853e-05
1 0 3 1.00291 0.00039143 9.52491e-05
1 0 4 0.752345 0.000422442 0.000103113
1 0 5 0.528453 0.00045798 0.000149752
1 0 6 0.386337 0.000481774 0.000155405
1 0 7 0.377589 0.000934365 0.000242251
1 0 8 0.349474 0.00180365 0.000403173
1 0 9 0.122167 0.00254808 0.000399297
1 0 10 0 0 0
1 0 11 0 0 0
0 1 0 2.35778 0.000566036 9.97468e-05
0 1 1 1.59214 0.000252636 6.85295e-05
0 1 2 1.13905 0.000145372 4.40757e-05
0 1 3 0.843239 0.000101459 3.71541e-05
0 1 4 0.600672 7.23074e-05 3.07044e-05
0 1 5 0.447386 5.85498e-05 3.17523e-05
0 1 6 0.339956 4.66985e-05 2.87351e-05
0 1 7 0.253714 3.68049e-05 2.49018e-05
0 1 8 0.192776 3.02936e-05 2.37808e-05
0 1 9 0.147848 2.55879e-05 2.21233e-05
0 1 10 0.122793 2.40487e-05 2.39274e-05
0 1 11 0.0778212 8.99316e-06 1.86375e-05
1 1 0 2.65983 0.000629209 0.000104879
1 1 1 1.9103 0.000299982 7.71e-05
1 1 2 1.36807 0.000170184 4.85125e-05
1 1 3 1.02205 0.00012151 4.12105e-05
1 1 4 0.790924 9.43308e-05 3.62616e-05
1 1 5 0.582225 7.41766e-05 3.61619e-05
1 1 6 0.449538 6.09773e-05 3.34227e-05
1 1 7 0.357432 5.28103e-05 3.20912e-05
1 1 8 0.2582 4.07394e-05 2.77302e-05
1 1 9 0.20216 3.5504e-05 2.69285e-05
1 1 10 0.171299 3.30744e-05 2.83579e-05
1 1 11 0.118991 1.51058e-05 2.34366e-05
0 2 0 2.34265 0.00159814 0.000161179
0 2 1 1.65171 0.000724943 0.000113466
0 2 2 1.17507 0.000367052 6.7514e-05
0 2 3 0.831194 0.000206341 5.16158e-05
0 2 4 0.61514 0.000129067 3.86039e-05
0 2 5 0.461533 8.47801e-05 3.38165e-05
0 2 6 0.325498 5.27819e-05 2.57381e-05
0 2 7 0.270675 4.09067e-05 2.16239e-05
0 2 8 0.201144 2.95439e-05 1.84285e-05
0 2 9 0.146422 2.05211e-05 1.59781e-05
0 2 10 0.11551 1.65465e-05 1.49975e-05
0 2 11 0.0749266 4.80575e-06 9.75207e-06
1 2 0 2.73338 0.00183607 0.000171902
1 2 1 1.94608 0.000835196 0.0001218
1 2 2 1.46137 0.000443949 7.59698e-05
1 2 3 1.08693 0.000268184 6.12777e-05
1 2 4 0.813979 0.000167033 4.43066e-05
1 2 5 0.611036 0.000109566 3.87525e-05
1 2 6 0.469191 7.50553e-05 3.1919e-05
1 2 7 0.373175 5.67209e-05 2.58217e-05
1 2 8 0.277213 4.07437e-05 2.12441e-05
1 2 9 0.220242 3.09516e-05 1.92017e-05
1 2 10 0.175828 2.48138e-05 1.86483e-05
1 2 11 0.127518 9.72949e-06 1.26285e-05
0 3 0 2.37634 0.00350696 0.000233541
0 3 1 1.58035 0.00140103 0.00015422
0 3 2 1.17021 0.000728332 9.3954e-05
0 3 3 0.797039 0.000384712 6.86443e-05
0 3 4 0.578723 0.000234406 4.74116e-05
0 3 5 0.43931 0.000154016 4.37173e-05
0 3 6 0.311961 9.42833e-05 3.33742e-05
0 3 7 0.249887 6.71776e-05 2.60246e-05
0 3 8 0.186196 4.37008e-05 2.0994e-05
0 3 9 0.142446 2.97772e-05 1.75647e-05
0 3 10 0.110555 2.03834e-05 1.61472e-05
0 3 11 0.0792929 6.49873e-06 1.02203e-05
1 3 0 2.86304 0.00411482 0.000260169
1 3 1 1.93347 0.00168724 0.000177176
1 3 2 1.4916 0.000919091 0.00010787
1 3 3 1.05818 0.000500979 8.12641e-05
1 3 4 0.840389 0.000340747 6.21874e-05
1 3 5 0.626686 0.000216705 5.29998e-05
1 3 6 0.456761 0.000136225 4.17726e-05
1 3 7 0.376554 9.81896e-05 3.19436e-05
1 3 8 0.3 7.02024e-05 2.71929e-05
1 3 9 0.225552 4.62869e-05 2.21328e-05
1 3 10 0.181955 3.40827e-05 1.93679e-05
1 3 11 0.15579 1.64115e-05 1.53133e-05
0 4 0 2.29556 0.00398519 0.000240447
0 4 1 1.60955 0.0015666 0.000162984
0 4 2 1.09084 0.000722081 9.09909e-05
0 4 3 0.802395 0.000410747 7.03233e-05
0 4 4 0.56456 0.000233051 4.88526e-05
0 4 5 0.411101 0.0001434 3.94035e-05
0 4 6 0.300643 9.07178e-05 3.09823e-05
0 4 7 0.214357 5.67966e-05 2.14364e-05
0 4 8 0.170901 3.90745e-05 1.85054e-05
0 4 9 0.132835 2.81823e-05 1.61274e-05
0 4 10 0.0980813 1.77083e-05 1.28428e-05
0 4 11 0.0707581 5.65439e-06 8.68839e-06
1 4 0 2.88164 0.00491288 0.000274349
1 4 1 2.09327 0.0020447 0.000184862
1 4 2 1.45143 0.00095216 0.000107617
1 4 3 1.0991 0.00054573 8.32778e-05
1 4 4 0.811618 0.000328859 5.96905e-05
1 4 5 0.630325 0.000218278 5.15955e-05
1 4 6 0.466202 0.000139129 4.0608e-05
1 4 7 0.377954 0.000100625 3.08435e-05
1 4 8 0.311913 7.3291e-05 2.67606e-05
1 4 9 0.214373 4.40792e-05 1.98629e-05
1 4 10 0.178428 3.30264e-05 1.79913e-05
1 4 11 0.146856 1.52465e-05 1.33277e-05
0 5 0 2.08748 0.00700676 0.000295083
0 5 1 1.52226 0.0025456 0.000209538
0 5 2 1.04027 0.00108506 0.000110118
0 5 3 0.729273 0.00054128 7.5376e-05
0 5 4 0.497694 0.000297882 5.31507e-05
0 5 5 0.384283 0.000194673 4.36885e-05
0 5 6 0.271947 0.000116575 3.29796e-05
0 5 7 0.215396 7.79586e-05 2.49312e-05
0 5 8 0.147361 4.69244e-05 1.80964e-05
0 5 9 0.116533 3.34829e-05 1.61024e-05
0 5 10 0.0886012 2.24544e-05 1.36303e-05
0 5 11 0.0594581 7.12055e-06 8.46918e-06
1 5 0 2.88505 0.00977724 0.000363504
1 5 1 2.11038 0.00359094 0.000248211
1 5 2 1.53006 0.00156781 0.000137667
1 5 3 1.11905 0.000832518 0.000103824
1 5 4 0.829068 0.000486263 7.2114e-05
1 5 5 0.604665 0.000292416 5.68615e-05
1 5 6 0.472591 0.000192858 4.60149e-05
1 5 7 0.351413 0.000125856 3.21643e-05
1 5 8 0.282861 9.05498e-05 2.66144e-05
1 5 9 0.227737 6.55579e-05 2.33348e-05
1 5 10 0.155571 3.87908e-05 1.68017e-05
1 5 11 0.132478 1.90921e-05 1.33719e-05
0 6 0 2.14215 0.0368774 0.000644125
0 6 1 1.46829 0.0112902 0.000413549
0 6 2 0.932965 0.00378953 0.000187668
0 6 3 0.619137 0.00158354 0.000124095
0 6 4 0.515187 0.0010405 0.000107557
0 6 5 0.346638 0.000533513 6.95547e-05
0 6 6 0.215769 0.00027431 4.55121e-05
0 6 7 0.176735 0.00019739 3.67368e-05
0 6 8 0.113696 0.000111646 2.51752e-05
0 6 9 0.0894677 7.46291e-05 2.11925e-05
0 6 10 0.0549219 3.9715e-05 1.58336e-05
0 6 11 0.0499635 1.84463e-05 1.27288e-05
1 6 0 2.37982 0.0386479 0.00071997
1 6 1 1.95034 0.0142721 0.000494988
1 6 2 1.48277 0.00603512 0.000263241
1 6 3 1.26163 0.00334377 0.000227863
1 6 4 0.843363 0.00160253 0.000129407
1 6 5 0.646443 0.000955301 0.000102835
1 6 6 0.4594 0.000572105 7.95765e-05
1 6 7 0.321911 0.000337829 5.04338e-05
1 6 8 0.277642 0.000262545 4.54365e-05
1 6 9 0.18293 0.000151795 3.14206e-05
1 6 10 0.164834 0.000124032 3.15708e-05
1 6 11 0.123873 5.61781e-05 2.12153e-05
0 7 0 2.36862 0.180647 0.00217726
0 7 1 1.29819 0.0367599 0.000983147
0 7 2 0.836552 0.0109586 0.000367771
0 7 3 0.648771 0.00498852 0.00027474
0 7 4 0.352518 0.00194453 0.000111291
0 7 5 0.221163 0.000916799 7.95935e-05
0 7 6 0.226296 0.000765827 8.82286e-05
0 7 7 0.139136 0.000404954 5.34257e-05
0 7 8 0.100497 0.000248315 4.59135e-05
0 7 9 0.0781108 0.000207419 3.85655e-05
0 7 10 0.0593325 0.000130247 3.32873e-05
0 7 11 0.048387 5.18213e-05 2.28936e-05
1 7 0 2.41895 0.176792 0.00212393
1 7 1 1.72474 0.0531475 0.00110941
1 7 2 1.53976 0.0218501 0.00059713
1 7 3 0.99739 0.00778233 0.000337444
1 7 4 0.743923 0.00384691 0.000210414
1 7 5 0.569602 0.00218533 0.000152839
1 7 6 0.410163 0.00140962 0.000115606
1 7 7 0.362894 0.00109204 9.34208e-05
1 7 8 0.243216 0.000575432 6.54934e-05
1 7 9 0.18165 0.000425123 5.66869e-05
1 7 10 0.125127 0.000285358 4.24316e-05
1 7 11 0.136158 0.000171134 3.81139e-05
0 8 0 1.78631 0.199628 0.00194958
0 8 1 1.07519 0.0505661 0.00110527
0 8 2 0.591672 0.0122754 0.000377805
0 8 3 0.657966 0.00891993 0.000379952
0 8 4 0.317451 0.00267817 0.000182796
0 8 5 0.219114 0.00135394 0.000122256
0 8 6 0.19731 0.00102976 0.000111379
0 8 7 0.0794679 0.000416417 6.00051e-05
0 8 8 0.0709484 0.000346511 6.38823e-05
0 8 9 0.083342 0.000441152 8.63269e-05
0 8 10 0.053918 0.000231876 6.06039e-05
0 8 11 0.0253932 6.30005e-05 3.30097e-05
1 8 0 1.52275 0.178724 0.00181657
1 8 1 1.65019 0.0782988 0.00152505
1 8 2 1.46758 0.0353423 0.000796513
1 8 3 1.06892 0.0135851 0.000499683
1 8 4 0.637551 0.00551222 0.000303056
1 8 5 0.496205 0.00315014 0.000192252
1 8 6 0.354379 0.00197013 0.000145994
1 8 7 0.26452 0.00122917 0.000117051
1 8 8 0.231034 0.00113542 0.0001282
1 8 9 0.18591 0.00100205 0.000124982
1 8 10 0.135836 0.000723989 0.000109019
1 8 11 0.107937 0.000331268 6.76726e-05
