0 0 0 1.93006 8.23641e-06 0
0 0 1 1.27124 5.42973e-06 0
0 0 2 0.874963 3.84924e-06 0
0 0 3 0.61138 3.50005e-06 0
0 0 4 0.441527 3.64647e-06 0
0 0 5 0.33506 4.20742e-06 0
0 0 6 0.244234 5.04102e-06 0
0 0 7 0.18388 7.08843e-06 0
0 0 8 0.15201 1.37401e-05 0
0 0 9 0.113721 4.31202e-05 0
0 0 10 0 0 0
0 0 11 0 0 0
1 0 0 2.17087 9.13962e-06 0
1 0 1 1.42319 6.02884e-06 0
1 0 2 0.96698 4.23309e-06 0
1 0 3 0.686667 3.91567e-06 0
1 0 4 0.501911 4.13232e-06 0
1 0 5 0.376588 4.71886e-06 0
1 0 6 0.282348 5.81645e-06 0
1 0 7 0.222232 8.55032e-06 0
1 0 8 0.173198 1.56386e-05 0
1 0 9 0.134165 5.08198e-05 0
1 0 10 0 0 0
1 0 11 0 0 0
0 1 0 1.92099 6.00723e-06 0
0 1 1 1.29544 2.79962e-06 0
0 1 2 0.906176 1.63419e-06 0
0 1 3 0.649847 1.13714e-06 0
0 1 4 0.475251 8.66266e-07 0
0 1 5 0.350934 6.94241e-07 0
0 1 6 0.260314 5.72232e-07 0
0 1 7 0.196341 4.83668e-07 0
0 1 8 0.147322 4.11384e-07 0
0 1 9 0.112182 3.60389e-07 0
0 1 10 0.0839501 3.16461e-07 0
0 1 11 0.0519788 1.40116e-07 0
1 1 0 2.175 6.70503e-06 0
1 1 1 1.48902 3.18402e-06 0
1 1 2 1.05357 1.88495e-06 0
1 1 3 0.76895 1.33708e-06 0
1 1 4 0.573889 1.04064e-06 0
1 1 5 0.430512 8.48133e-07 0
1 1 6 0.321556 7.04616e-07 0
1 1 7 0.246135 6.04761e-07 0
1 1 8 0.190195 5.29919e-07 0
1 1 9 0.145478 4.66546e-07 0
1 1 10 0.11277 4.24462e-07 0
1 1 11 0.075481 2.02983e-07 0
0 2 0 1.89666 1.48919e-05 0
0 2 1 1.29147 6.77088e-06 0
0 2 2 0.91054 3.62933e-06 0
0 2 3 0.652974 2.20313e-06 0
0 2 4 0.477413 1.428e-06 0
0 2 5 0.355407 9.6229e-07 0
0 2 6 0.271826 6.88872e-07 0
0 2 7 0.206422 5.10182e-07 0
0 2 8 0.157637 3.91685e-07 0
0 2 9 0.12057 3.08612e-07 0
0 2 10 0.088401 2.37721e-07 0
0 2 11 0.0557872 8.33583e-08 0
1 2 0 2.17418 1.68089e-05 0
1 2 1 1.5053 7.80103e-06 0
1 2 2 1.07057 4.23093e-06 0
1 2 3 0.796486 2.66715e-06 0
1 2 4 0.607162 1.80392e-06 0
1 2 5 0.466956 1.25703e-06 0
1 2 6 0.362048 9.13251e-07 0
1 2 7 0.282119 6.94508e-07 0
1 2 8 0.22477 5.5651e-07 0
1 2 9 0.175868 4.48815e-07 0
1 2 10 0.135368 3.63093e-07 0
1 2 11 0.0899117 1.33849e-07 0
0 3 0 1.8869 2.82673e-05 0
0 3 1 1.2997 1.27914e-05 0
0 3 2 0.903675 6.71066e-06 0
0 3 3 0.648756 4.03643e-06 0
0 3 4 0.474098 2.58621e-06 0
0 3 5 0.350383 1.71033e-06 0
0 3 6 0.263329 1.16769e-06 0
0 3 7 0.200926 8.19343e-07 0
0 3 8 0.153955 5.83739e-07 0
0 3 9 0.120543 4.28531e-07 0
0 3 10 0.0919341 3.09666e-07 0
0 3 11 0.0583008 9.92796e-08 0
1 3 0 2.20584 3.24624e-05 0
1 3 1 1.5039 1.46387e-05 0
1 3 2 1.07619 7.91886e-06 0
1 3 3 0.802554 4.95346e-06 0
1 3 4 0.599056 3.24694e-06 0
1 3 5 0.465251 2.25771e-06 0
1 3 6 0.363951 1.60557e-06 0
1 3 7 0.290078 1.17745e-06 0
1 3 8 0.230433 8.70227e-07 0
1 3 9 0.188253 6.66844e-07 0
1 3 10 0.152675 5.12571e-07 0
1 3 11 0.101021 1.71194e-07 0
0 4 0 1.88912 2.74319e-05 0
0 4 1 1.27039 1.19443e-05 0
0 4 2 0.876528 6.14562e-06 0
0 4 3 0.630915 3.69441e-06 0
0 4 4 0.458183 2.33466e-06 0
0 4 5 0.340704 1.54206e-06 0
0 4 6 0.255348 1.04424e-06 0
0 4 7 0.193106 7.22524e-07 0
0 4 8 0.146024 5.04876e-07 0
0 4 9 0.111256 3.5836e-07 0
0 4 10 0.0857264 2.58961e-07 0
0 4 11 0.0545656 8.11758e-08 0
1 4 0 2.23169 3.17922e-05 0
1 4 1 1.51075 1.40212e-05 0
1 4 2 1.0835 7.51433e-06 0
1 4 3 0.800428 4.64593e-06 0
1 4 4 0.599272 3.03156e-06 0
1 4 5 0.462936 2.08231e-06 0
1 4 6 0.36159 1.47073e-06 0
1 4 7 0.287623 1.07098e-06 0
1 4 8 0.229474 7.89995e-07 0
1 4 9 0.186863 5.99523e-07 0
1 4 10 0.150029 4.51642e-07 0
1 4 11 0.101835 1.5071e-07 0
0 5 0 1.8594 3.23584e-05 0
0 5 1 1.22818 1.40259e-05 0
0 5 2 0.849504 7.20789e-06 0
0 5 3 0.600128 4.236e-06 0
0 5 4 0.425149 2.6065e-06 0
0 5 5 0.312752 1.69531e-06 0
0 5 6 0.229489 1.11857e-06 0
0 5 7 0.17266 7.66149e-07 0
0 5 8 0.131161 5.35183e-07 0
0 5 9 0.100107 3.78833e-07 0
0 5 10 0.07499 2.65099e-07 0
0 5 11 0.0473987 8.21067e-08 0
1 5 0 2.20879 3.76995e-05 0
1 5 1 1.49927 1.68747e-05 0
1 5 2 1.07465 9.01132e-06 0
1 5 3 0.792176 5.53659e-06 0
1 5 4 0.590948 3.59256e-06 0
1 5 5 0.444374 2.39296e-06 0
1 5 6 0.345701 1.67522e-06 0
1 5 7 0.273163 1.20601e-06 0
1 5 8 0.221453 8.99493e-07 0
1 5 9 0.179479 6.7646e-07 0
1 5 10 0.142017 5.00305e-07 0
1 5 11 0.0956701 1.64873e-07 0
0 6 0 1.81393 7.18804e-05 0
0 6 1 1.1746 3.13199e-05 0
0 6 2 0.802498 1.61388e-05 0
0 6 3 0.551448 9.27605e-06 0
0 6 4 0.387729 5.66287e-06 0
0 6 5 0.276382 3.56339e-06 0
0 6 6 0.20076 2.31654e-06 0
0 6 7 0.148468 1.55396e-06 0
0 6 8 0.108199 1.03772e-06 0
0 6 9 0.0812301 7.19659e-07 0
0 6 10 0.059717 4.92405e-07 0
0 6 11 0.0363281 1.46241e-07 0
1 6 0 2.18773 8.49142e-05 0
1 6 1 1.49782 3.9254e-05 0
1 6 2 1.05987 2.1031e-05 0
1 6 3 0.757331 1.26053e-05 0
1 6 4 0.563714 8.16059e-06 0
1 6 5 0.430443 5.50732e-06 0
1 6 6 0.323648 3.71194e-06 0
1 6 7 0.252969 2.6341e-06 0
1 6 8 0.20034 1.91271e-06 0
1 6 9 0.160017 1.41211e-06 0
1 6 10 0.127856 1.05065e-06 0
1 6 11 0.0841311 3.3703e-07 0
0 7 0 1.73663 0.000128241 0
0 7 1 1.13106 5.60887e-05 0
0 7 2 0.761639 2.87085e-05 0
0 7 3 0.520995 1.65817e-05 0
0 7 4 0.352229 9.78431e-06 0
0 7 5 0.247003 6.07545e-06 0
0 7 6 0.169542 3.73929e-06 0
0 7 7 0.121627 2.42719e-06 0
0 7 8 0.0878172 1.60073e-06 0
0 7 9 0.0602876 1.01424e-06 0
0 7 10 0.0442321 6.91954e-07 0
0 7 11 0.0262579 2.00447e-07 0
1 7 0 2.15469 0.00015548 0
1 7 1 1.45292 7.08196e-05 0
1 7 2 1.03149 3.8342e-05 0
1 7 3 0.73116 2.30252e-05 0
1 7 4 0.530163 1.45987e-05 0
1 7 5 0.394375 9.6294e-06 0
1 7 6 0.295555 6.47819e-06 0
1 7 7 0.225632 4.48006e-06 0
1 7 8 0.173156 3.14308e-06 0
1 7 9 0.136093 2.2811e-06 0
1 7 10 0.107086 1.66998e-06 0
1 7 11 0.0704599 5.35504e-07 0
0 8 0 1.62104 0.000105309 0
0 8 1 1.02611 4.45294e-05 0
0 8 2 0.672901 2.21305e-05 0
0 8 3 0.441927 1.23246e-05 0
0 8 4 0.297204 7.29377e-06 0
0 8 5 0.20252 4.4401e-06 0
0 8 6 0.134448 2.66902e-06 0
0 8 7 0.0921728 1.67154e-06 0
0 8 8 0.0617522 1.03424e-06 0
0 8 9 0.0420308 6.59232e-07 0
0 8 10 0.0286905 4.27261e-07 0
0 8 11 0.0175819 1.33278e-07 0
1 8 0 2.07768 0.000131632 0
1 8 1 1.38242 5.88556e-05 0
1 8 2 0.947222 3.07121e-05 0
1 8 3 0.644389 1.77881e-05 0
1 8 4 0.462121 1.12488e-05 0
1 8 5 0.332003 7.2336e-06 0
1 8 6 0.234046 4.6233e-06 0
1 8 7 0.180286 3.25519e-06 0
1 8 8 0.133031 2.22001e-06 0
1 8 9 0.101491 1.58693e-06 0
1 8 10 0.0756257 1.12358e-06 0
1 8 11 0.0467723 3.53493e-07 0
