0 0 0 2.30797 0.000442117 9.77834e-05
0 0 1 1.56839 0.00031073 8.26014e-05
0 0 2 1.12893 0.000237557 7.43617e-05
0 0 3 0.799718 0.000215998 7.31077e-05
0 0 4 0.583475 0.000225929 7.80077e-05
0 0 5 0.441492 0.000268905 0.000122671
0 0 6 0.355264 0.000328822 0.000148709
0 0 7 0.268712 0.000447119 0.000182948
0 0 8 0.149344 0.000506009 0.000181391
0 0 9 0.132606 0.00201205 0.000410463
0 0 10 0 0 0
0 0 11 0 0 0
1 0 0 2.57587 0.00049178 0.00010167
1 0 1 1.84495 0.000364666 9.10828e-05
1 0 2 1.30829 0.000274383 8.13657e-05
1 0 3 0.960321 0.000257293 8.21836e-05
1 0 4 0.7256 0.000284091 9.11322e-05
1 0 5 0.527671 0.000325661 0.000138194
1 0 6 0.475395 0.000426371 0.0001844
1 0 7 0.369286 0.000629855 0.000224251
1 0 8 0.268563 0.000929283 0.000302987
1 0 9 0.217021 0.00350564 0.000644139
1 0 10 0 0 0
1 0 11 0 0 0
0 1 0 2.34674 0.000363391 8.49454e-05
0 1 1 1.59614 0.000167111 5.94305e-05
0 1 2 1.14205 9.70086e-05 3.91303e-05
0 1 3 0.817805 6.69482e-05 3.29598e-05
0 1 4 0.598554 4.93972e-05 2.85477e-05
0 1 5 0.44434 3.96013e-05 2.94921e-05
0 1 6 0.333462 3.18328e-05 2.74382e-05
0 1 7 0.250578 2.59398e-05 2.50887e-05
0 1 8 0.194265 2.16748e-05 2.45599e-05
0 1 9 0.142796 1.75605e-05 2.29867e-05
0 1 10 0.117696 1.59962e-05 2.3596e-05
0 1 11 0.0779934 6.37077e-06 1.83791e-05
1 1 0 2.64424 0.00040534 8.89077e-05
1 1 1 1.8935 0.000197146 6.53473e-05
1 1 2 1.36928 0.000115597 4.34467e-05
1 1 3 1.04256 8.50428e-05 3.81701e-05
1 1 4 0.781657 6.44911e-05 3.33913e-05
1 1 5 0.582832 5.21131e-05 3.48672e-05
1 1 6 0.447749 4.34398e-05 3.25814e-05
1 1 7 0.356691 3.70348e-05 3.18541e-05
1 1 8 0.279346 3.20816e-05 3.07143e-05
1 1 9 0.2148 2.73461e-05 2.97118e-05
1 1 10 0.168345 2.3903e-05 2.9304e-05
1 1 11 0.12001 1.13139e-05 2.23973e-05
0 2 0 2.32561 0.000980453 0.000137008
0 2 1 1.5979 0.000443336 9.57843e-05
0 2 2 1.14257 0.000228551 5.85448e-05
0 2 3 0.807351 0.000131639 4.51442e-05
0 2 4 0.598005 8.34458e-05 3.56159e-05
0 2 5 0.448457 5.54151e-05 3.212e-05
0 2 6 0.331262 3.71032e-05 2.63576e-05
0 2 7 0.262571 2.75424e-05 2.20947e-05
0 2 8 0.197748 2.0093e-05 1.90782e-05
0 2 9 0.142343 1.37626e-05 1.62562e-05
0 2 10 0.110673 1.08768e-05 1.56781e-05
0 2 11 0.0798384 3.73919e-06 1.02681e-05
1 2 0 2.72186 0.00113114 0.000147601
1 2 1 1.92372 0.000526497 0.000105524
1 2 2 1.39272 0.00027596 6.51883e-05
1 2 3 1.06907 0.000173906 5.4038e-05
1 2 4 0.802154 0.000110131 4.19086e-05
1 2 5 0.605991 7.44456e-05 3.75212e-05
1 2 6 0.475577 5.29376e-05 3.28327e-05
1 2 7 0.370764 3.93331e-05 2.66079e-05
1 2 8 0.281902 2.89012e-05 2.29047e-05
1 2 9 0.212525 2.12334e-05 2.01366e-05
1 2 10 0.169546 1.72632e-05 1.93931e-05
1 2 11 0.1356 7.73055e-06 1.40147e-05
0 3 0 2.33707 0.00200408 0.00019612
0 3 1 1.57929 0.000855524 0.000131396
0 3 2 1.10531 0.000434478 7.86121e-05
0 3 3 0.758505 0.000236068 5.86844e-05
0 3 4 0.587389 0.000157104 4.7897e-05
0 3 5 0.422152 9.80983e-05 4.09842e-05
0 3 6 0.31385 6.37251e-05 3.3518e-05
0 3 7 0.241034 4.39073e-05 2.57688e-05
0 3 8 0.187925 3.01924e-05 2.21974e-05
0 3 9 0.143649 2.06006e-05 1.89224e-05
0 3 10 0.10821 1.36933e-05 1.69098e-05
0 3 11 0.0799794 4.63087e-06 1.09916e-05
1 3 0 2.80288 0.00234494 0.000213257
1 3 1 1.9403 0.00103582 0.000149968
1 3 2 1.45034 0.000566008 9.39042e-05
1 3 3 1.07082 0.000328486 7.50383e-05
1 3 4 0.835212 0.000221421 5.96594e-05
1 3 5 0.610011 0.000141004 5.09692e-05
1 3 6 0.447561 8.95655e-05 4.10374e-05
1 3 7 0.35707 6.47415e-05 3.17106e-05
1 3 8 0.297576 4.81153e-05 2.88712e-05
1 3 9 0.231869 3.3651e-05 2.48225e-05
1 3 10 0.191619 2.54917e-05 2.28781e-05
1 3 11 0.155314 1.16717e-05 1.53732e-05
0 4 0 2.28642 0.00201353 0.000187697
0 4 1 1.53973 0.000847953 0.000125428
0 4 2 1.07171 0.000418413 7.35392e-05
0 4 3 0.771488 0.000241611 5.81636e-05
0 4 4 0.564639 0.000149533 4.47352e-05
0 4 5 0.411819 9.38949e-05 3.82693e-05
0 4 6 0.292702 5.81574e-05 2.99481e-05
0 4 7 0.229405 4.1161e-05 2.3759e-05
0 4 8 0.180542 2.83223e-05 2.07519e-05
0 4 9 0.127908 1.82633e-05 1.66418e-05
0 4 10 0.102534 1.29512e-05 1.49851e-05
0 4 11 0.0712484 3.99089e-06 8.9221e-06
1 4 0 2.78138 0.0024011 0.000205688
1 4 1 2.06038 0.00111681 0.000150779
1 4 2 1.45064 0.000556513 8.95572e-05
1 4 3 1.14673 0.000354002 7.61564e-05
1 4 4 0.819321 0.000213844 5.57939e-05
1 4 5 0.624778 0.000140663 4.91393e-05
1 4 6 0.469561 9.24719e-05 4.00848e-05
1 4 7 0.373233 6.60534e-05 3.11298e-05
1 4 8 0.284972 4.45576e-05 2.59482e-05
1 4 9 0.223909 3.18047e-05 2.23544e-05
1 4 10 0.177075 2.25875e-05 1.98512e-05
1 4 11 0.156234 1.13358e-05 1.48141e-05
0 5 0 2.31982 0.00270317 0.000209542
0 5 1 1.52616 0.00110739 0.000137744
0 5 2 1.02796 0.000518082 8.01117e-05
0 5 3 0.705328 0.000285102 6.01477e-05
0 5 4 0.521134 0.000178933 4.67962e-05
0 5 5 0.383302 0.000115338 3.9984e-05
0 5 6 0.273605 7.13632e-05 3.15493e-05
0 5 7 0.192802 4.44725e-05 2.233e-05
0 5 8 0.150956 3.15058e-05 1.94175e-05
0 5 9 0.117999 2.23235e-05 1.6745e-05
0 5 10 0.0882452 1.4681e-05 1.40756e-05
0 5 11 0.0597498 4.69353e-06 8.45608e-06
1 5 0 2.84946 0.00325897 0.000233725
1 5 1 2.05784 0.00145797 0.000164524
1 5 2 1.51051 0.000749138 0.00010246
1 5 3 1.13921 0.000452589 8.44709e-05
1 5 4 0.842697 0.000283921 6.34079e-05
1 5 5 0.640296 0.000187106 5.54882e-05
1 5 6 0.46683 0.000118795 4.41548e-05
1 5 7 0.382884 8.68843e-05 3.54572e-05
1 5 8 0.27037 5.5235e-05 2.62729e-05
1 5 9 0.227158 4.23203e-05 2.44163e-05
1 5 10 0.164927 2.73009e-05 1.98976e-05
1 5 11 0.141478 1.3607e-05 1.4392e-05
0 6 0 2.37382 0.00644738 0.000339457
0 6 1 1.56823 0.00276952 0.000232628
0 6 2 0.962118 0.00123078 0.000122987
0 6 3 0.636087 0.000655327 9.05985e-05
0 6 4 0.450852 0.000389335 6.90494e-05
0 6 5 0.307978 0.000229486 5.35149e-05
0 6 6 0.231469 0.000153373 4.44004e-05
0 6 7 0.18132 0.000111728 3.41301e-05
0 6 8 0.134641 7.47298e-05 2.86011e-05
0 6 9 0.0807087 4.03833e-05 1.81924e-05
0 6 10 0.0681783 3.03577e-05 1.99879e-05
0 6 11 0.0478263 1.12451e-05 1.211e-05
1 6 0 2.96684 0.00786293 0.000388781
1 6 1 2.07069 0.00353535 0.000271007
1 6 2 1.52752 0.00189661 0.000169628
1 6 3 1.14432 0.00115867 0.000138534
1 6 4 0.885553 0.000737843 0.000108384
1 6 5 0.628459 0.00045546 8.72618e-05
1 6 6 0.461711 0.000299635 7.06986e-05
1 6 7 0.394045 0.000230938 5.73006e-05
1 6 8 0.286274 0.000153347 4.52138e-05
1 6 9 0.202181 9.83408e-05 3.476e-05
1 6 10 0.163191 7.35295e-05 3.18785e-05
1 6 11 0.130917 3.54256e-05 2.22084e-05
0 7 0 2.08217 0.0189911 0.000853002
0 7 1 1.32538 0.00610165 0.000476479
0 7 2 0.931602 0.00293458 0.000243852
0 7 3 0.599502 0.0014044 0.000160437
0 7 4 0.405466 0.000760873 0.000102308
0 7 5 0.29928 0.000468348 7.79695e-05
0 7 6 0.17841 0.00025237 5.07088e-05
0 7 7 0.1413 0.000184039 4.1708e-05
0 7 8 0.0936012 0.000107224 2.93712e-05
0 7 9 0.0786484 9.56093e-05 2.94752e-05
0 7 10 0.0602834 6.3934e-05 2.76498e-05
0 7 11 0.044167 2.44081e-05 1.79502e-05
1 7 0 2.94808 0.0261236 0.00108289
1 7 1 1.90353 0.00863227 0.000594234
1 7 2 1.57319 0.00480457 0.000347038
1 7 3 1.00324 0.00225588 0.000222537
1 7 4 0.754595 0.00132873 0.000156018
1 7 5 0.633872 0.000949604 0.00013044
1 7 6 0.455181 0.000639941 0.000102212
1 7 7 0.370976 0.00046976 7.86077e-05
1 7 8 0.264937 0.00030071 6.00628e-05
1 7 9 0.20424 0.000237013 5.2312e-05
1 7 10 0.159326 0.000173171 4.68268e-05
1 7 11 0.11887 7.28741e-05 2.95255e-05
0 8 0 2.00332 0.0127032 0.000755334
0 8 1 1.34156 0.00429042 0.000445473
0 8 2 0.831281 0.00178353 0.000209026
0 8 3 0.583112 0.000988535 0.000154311
0 8 4 0.379412 0.000532761 9.75466e-05
0 8 5 0.243712 0.000291451 6.23753e-05
0 8 6 0.176008 0.000201538 5.30167e-05
0 8 7 0.130021 0.00015059 4.82237e-05
0 8 8 0.0823433 0.000102526 3.52063e-05
0 8 9 0.0591332 9.97384e-05 4.32939e-05
0 8 10 0.0511527 7.56452e-05 4.45938e-05
0 8 11 0.0246241 1.82972e-05 1.77396e-05
1 8 0 2.96105 0.0180758 0.000962871
1 8 1 1.98066 0.00619154 0.000561329
1 8 2 1.44386 0.00307949 0.000297301
1 8 3 1.09235 0.00179892 0.000234205
1 8 4 0.788542 0.00109471 0.000159251
1 8 5 0.536654 0.000646071 0.000108174
1 8 6 0.420336 0.00047886 9.70699e-05
1 8 7 0.329419 0.000373111 8.65249e-05
1 8 8 0.267572 0.00033909 8.11529e-05
1 8 9 0.193624 0.00032208 9.2978e-05
1 8 10 0.12542 0.000199925 6.73985e-05
1 8 11 0.0890138 7.6109e-05 4.28116e-05
