0 0 0 2.40775 0.00150904 2.46064 0.0015835 2.44764 0.00150662 2.42013 0.00145824
0 0 1 1.7591 0.00112933 1.65243 0.00108882 1.65582 0.00104221 1.57954 0.00096051
0 0 2 1.25104 0.00086196 1.1657 0.000817417 1.18387 0.000787289 1.24408 0.000794906
0 0 3 0.882676 0.000765134 0.836673 0.000730946 0.87403 0.000728043 0.849631 0.000678645
0 0 4 0.738794 0.000881822 0.816394 0.000976718 0.64722 0.000738246 0.594413 0.000654557
0 0 5 0.458561 0.000811449 0.485028 0.000853276 0.611463 0.00104419 0.473754 0.000737702
0 0 6 0.320466 0.000815608 0.398077 0.00097476 0.450627 0.00108516 0.384686 0.000846734
0 0 7 0.290568 0.00127202 0.278723 0.00117003 0.275438 0.0010178 0.298442 0.00111979
0 0 8 0.23331 0.00193452 0.234541 0.00202855 0.12754 0.00108247 0.121163 0.000860906
0 0 9 0.847584 0.0428001 0 0 0.14457 0.00417626 0.0652616 0.00212904
0 0 10 0 0 0 0 0 0 0 0
0 0 11 0 0 0 0 0 0 0 0
1 0 0 2.47116 0.00155807 2.44676 0.0015805 2.5193 0.0015594 2.25349 0.0013721
1 0 1 1.75261 0.00114085 1.684 0.00111079 1.67562 0.00105467 1.50502 0.000923966
1 0 2 1.28142 0.00088154 1.2385 0.000865545 1.25863 0.000837199 1.13694 0.000733755
1 0 3 0.840218 0.000723375 0.911999 0.000793288 0.82178 0.000681765 0.802878 0.000639605
1 0 4 0.533433 0.000643342 0.667305 0.000826673 0.673602 0.000783728 0.595674 0.000655477
1 0 5 0.549941 0.00099026 0.456785 0.000817397 0.477175 0.000816795 0.485455 0.000779672
1 0 6 0.445723 0.00107922 0.386039 0.000927647 0.415392 0.000958375 0.310251 0.000662702
1 0 7 0.201063 0.000875085 0.335895 0.00141687 0.297203 0.00121796 0.330713 0.00123221
1 0 8 0.16499 0.00142846 0.212402 0.0017957 0.196946 0.00168052 0.24711 0.00178404
1 0 9 0.361 0.0186917 0.174356 0.00607976 0.105374 0.00370071 0 0
1 0 10 0 0 0 0 0 0 0 0
1 0 11 0 0 0 0 0 0 0 0
0 1 0 2.58679 0.00167723 2.44156 0.00158426 2.49514 0.00158023 2.43299 0.00149902
0 1 1 1.69597 0.000651115 1.67191 0.000633978 1.70783 0.000624158 1.68518 0.000599182
0 1 2 1.2266 0.000349957 1.13895 0.000321337 1.17703 0.00031887 1.13447 0.000295723
0 1 3 0.897778 0.000231089 0.871566 0.00022058 0.824826 0.000202155 0.882813 0.000206598
0 1 4 0.684202 0.000169849 0.672438 0.000162842 0.640096 0.000149403 0.658467 0.00014876
0 1 5 0.464843 0.000120606 0.530693 0.000134741 0.475577 0.000115577 0.450034 0.000104074
0 1 6 0.357979 9.7203e-05 0.366343 9.66178e-05 0.370321 9.43336e-05 0.351461 8.46333e-05
0 1 7 0.260827 7.40438e-05 0.285332 8.02215e-05 0.261973 6.90237e-05 0.262354 6.5923e-05
0 1 8 0.222276 6.66364e-05 0.200936 5.79365e-05 0.221765 6.00629e-05 0.221647 5.82427e-05
0 1 9 0.155664 4.98357e-05 0.156311 4.88266e-05 0.120903 3.57809e-05 0.149646 4.14686e-05
0 1 10 0.13181 4.58791e-05 0.114046 3.8187e-05 0.111824 3.54665e-05 0.0994704 2.97419e-05
0 1 11 0.0884427 1.65118e-05 0.0647489 1.17409e-05 0.0641776 1.1239e-05 0.0807437 1.73418e-05
1 1 0 2.47705 0.00161677 2.49407 0.00162012 2.52081 0.00160036 2.35813 0.00144941
1 1 1 1.77517 0.000682152 1.77182 0.00067493 1.76516 0.000647289 1.8209 0.000644517
1 1 2 1.25015 0.00035663 1.26875 0.000356493 1.28263 0.000346411 1.31804 0.00034152
1 1 3 0.961752 0.00024903 0.967534 0.000245636 0.922422 0.000225179 0.955933 0.000223354
1 1 4 0.726706 0.000181598 0.701369 0.000171692 0.702815 0.000164654 0.681379 0.000153459
1 1 5 0.541956 0.000141263 0.553041 0.000141678 0.496665 0.000120701 0.514564 0.000120171
1 1 6 0.398469 0.000110015 0.407707 0.000111068 0.418726 0.000107695 0.40314 9.90732e-05
1 1 7 0.316246 9.02601e-05 0.343472 9.68613e-05 0.316059 8.3624e-05 0.280869 7.10442e-05
1 1 8 0.278401 8.56387e-05 0.258806 7.69742e-05 0.265466 7.44505e-05 0.237155 6.41488e-05
1 1 9 0.176257 5.73863e-05 0.199146 6.4886e-05 0.197027 6.04765e-05 0.197158 5.65745e-05
1 1 10 0.136755 4.87839e-05 0.137215 4.75249e-05 0.129824 4.28955e-05 0.150305 4.8308e-05
1 1 11 0.100656 2.08165e-05 0.115803 2.30721e-05 0.0964812 1.83721e-05 0.0983453 2.1971e-05
0 2 0 2.20487 0.00513071 2.7566 0.00603398 2.43381 0.00534041 2.13617 0.00462685
0 2 1 1.52829 0.00218926 1.72255 0.00236687 1.73713 0.00232501 1.73967 0.00229165
0 2 2 1.17489 0.00105057 1.12479 0.000982686 1.28436 0.00107462 1.14769 0.000940275
0 2 3 0.823319 0.000537091 0.877883 0.000550648 0.830641 0.000510239 0.835642 0.000491487
0 2 4 0.607127 0.000304515 0.603578 0.000293529 0.643839 0.000304933 0.654205 0.000295432
0 2 5 0.522219 0.000213989 0.497966 0.000194251 0.454341 0.000172496 0.40529 0.000148739
0 2 6 0.32906 0.000114592 0.352347 0.000118573 0.359294 0.000116616 0.346073 0.000107674
0 2 7 0.233911 7.24415e-05 0.247588 7.28697e-05 0.27548 7.97095e-05 0.25489 7.19017e-05
0 2 8 0.224245 6.475e-05 0.207062 5.77237e-05 0.216671 5.90015e-05 0.191387 4.95251e-05
0 2 9 0.163402 4.32521e-05 0.154702 4.0327e-05 0.15972 3.99193e-05 0.142942 3.48557e-05
0 2 10 0.106248 2.80987e-05 0.101712 2.61225e-05 0.120964 3.013e-05 0.0976563 2.35668e-05
0 2 11 0.0763353 8.70806e-06 0.0755208 8.31882e-06 0.0809816 8.59046e-06 0.0816131 8.839e-06
1 2 0 2.4507 0.00567854 2.41579 0.00539551 2.49325 0.00544894 2.33017 0.00498934
1 2 1 1.73816 0.00247268 1.67192 0.00229783 1.73003 0.00231151 1.80295 0.00235855
1 2 2 1.21083 0.00108458 1.28597 0.00111747 1.28402 0.00107507 1.29941 0.00105192
1 2 3 1.10123 0.000719987 1.00687 0.000632973 1.01939 0.00062671 0.867617 0.000510858
1 2 4 0.673444 0.000331811 0.734688 0.000350826 0.678959 0.000318038 0.748311 0.000335825
1 2 5 0.540955 0.000220626 0.577368 0.000224521 0.546009 0.000207266 0.570076 0.000207958
1 2 6 0.496751 0.000171646 0.419121 0.000139348 0.481154 0.000155542 0.455969 0.000141824
1 2 7 0.359503 0.000112209 0.342108 0.000102591 0.39909 0.000116498 0.340125 9.65552e-05
1 2 8 0.275245 8.02982e-05 0.267082 7.45913e-05 0.25153 6.92732e-05 0.277487 7.36712e-05
1 2 9 0.18947 5.31931e-05 0.218774 5.93349e-05 0.210536 5.43135e-05 0.178627 4.44295e-05
1 2 10 0.165725 4.57261e-05 0.169028 4.48721e-05 0.151087 3.89269e-05 0.159406 4.07985e-05
1 2 11 0.105836 1.30481e-05 0.114205 1.36269e-05 0.0992232 1.14494e-05 0.10801 1.25052e-05
0 3 0 2.54497 0.0144165 2.39925 0.0126459 2.65004 0.0133396 2.14028 0.0110895
0 3 1 2.09577 0.00647183 1.51791 0.00477942 1.7875 0.00541862 1.56673 0.0046777
0 3 2 1.32838 0.00285663 1.11724 0.00234829 1.22475 0.00250968 1.21229 0.00236457
0 3 3 0.736771 0.00112535 0.779168 0.00113718 0.706011 0.00100282 0.891006 0.00121769
0 3 4 0.520854 0.000615682 0.596465 0.000676478 0.542821 0.000594449 0.566223 0.000598495
0 3 5 0.504191 0.000470217 0.411473 0.000374762 0.436311 0.000375684 0.447805 0.000376014
0 3 6 0.330274 0.000255398 0.260484 0.000196651 0.278024 0.000195275 0.249017 0.000169761
0 3 7 0.223848 0.00014502 0.234643 0.000144136 0.243159 0.0001453 0.232039 0.000133449
0 3 8 0.187101 9.91108e-05 0.18861 9.73495e-05 0.206995 0.000103112 0.16092 7.47522e-05
0 3 9 0.149756 6.82526e-05 0.115477 4.88177e-05 0.170039 7.11048e-05 0.143945 5.81535e-05
0 3 10 0.136114 5.26846e-05 0.102098 3.64209e-05 0.0936107 3.28294e-05 0.114838 3.87642e-05
0 3 11 0.0727795 1.11637e-05 0.075011 1.09231e-05 0.0699407 9.8787e-06 0.0707606 9.69812e-06
1 3 0 2.67264 0.0149307 2.35586 0.012364 2.7216 0.0136014 2.6018 0.0130217
1 3 1 1.62381 0.00507804 1.57043 0.00499355 1.90457 0.00569643 1.86239 0.00549275
1 3 2 1.21091 0.00262712 1.33113 0.00276423 1.38022 0.00281897 1.27957 0.00253047
1 3 3 1.08364 0.00162986 1.00693 0.00144337 0.943348 0.00132192 0.984873 0.00132856
1 3 4 0.757624 0.000886918 0.756286 0.000843452 0.690246 0.000750287 0.687851 0.000726701
1 3 5 0.548552 0.000511349 0.602501 0.00053933 0.634561 0.000549057 0.50293 0.000422013
1 3 6 0.472881 0.000357449 0.456871 0.000335008 0.417886 0.000290937 0.417837 0.00028156
1 3 7 0.303692 0.000194966 0.338516 0.000208122 0.399708 0.000235927 0.354143 0.000205831
1 3 8 0.344602 0.000185053 0.29288 0.000150509 0.238901 0.000120069 0.253146 0.000119335
1 3 9 0.21423 9.8177e-05 0.219331 9.576e-05 0.210632 8.91811e-05 0.18711 7.59903e-05
1 3 10 0.178318 7.14017e-05 0.211867 8.04862e-05 0.174067 6.61254e-05 0.173074 6.21431e-05
1 3 11 0.11804 1.96647e-05 0.125131 1.99916e-05 0.110431 1.7104e-05 0.123706 1.88139e-05
0 4 0 2.17127 0.0154616 2.8735 0.0185508 2.47944 0.0162472 2.29632 0.0148366
0 4 1 1.64517 0.00618249 1.42411 0.00509538 1.91754 0.00668035 1.62894 0.00555536
0 4 2 0.980331 0.00237082 1.15221 0.00268552 1.19716 0.00281617 1.17396 0.00263961
0 4 3 0.703227 0.00130702 0.673547 0.00114136 0.913648 0.00158883 0.644312 0.0010555
0 4 4 0.625626 0.000880836 0.55774 0.000727513 0.648489 0.000847795 0.578243 0.000712787
0 4 5 0.435216 0.000488459 0.460226 0.000465908 0.497032 0.000505714 0.316509 0.000316826
0 4 6 0.324776 0.000296823 0.307356 0.00026265 0.343543 0.000288406 0.311293 0.000248288
0 4 7 0.267318 0.000203998 0.26722 0.000193816 0.169196 0.00011845 0.214351 0.000144186
0 4 8 0.18882 0.000118842 0.127423 7.5505e-05 0.185138 0.000107897 0.195185 0.000106003
0 4 9 0.140792 7.64854e-05 0.133462 6.96505e-05 0.14854 7.4137e-05 0.135578 6.26269e-05
0 4 10 0.100735 4.74163e-05 0.109891 4.94589e-05 0.0976158 4.07902e-05 0.0928931 3.69737e-05
0 4 11 0.0688608 1.21601e-05 0.0717885 1.20956e-05 0.0680143 1.09702e-05 0.0653717 9.96741e-06
1 4 0 2.54387 0.0179903 2.31186 0.0150645 2.97434 0.0192815 2.63869 0.016777
1 4 1 1.68285 0.00640842 2.17759 0.0076616 1.59491 0.00558924 1.97832 0.00669691
1 4 2 1.43163 0.00342914 1.37143 0.00311707 1.5134 0.00351959 1.22629 0.00275258
1 4 3 1.02829 0.00188665 1.08864 0.00182371 0.99861 0.00171203 0.738044 0.00119147
1 4 4 0.781293 0.00107631 0.865465 0.00111011 0.667114 0.00086965 0.740672 0.000904959
1 4 5 0.670371 0.000740916 0.599103 0.00060092 0.553392 0.000557918 0.58014 0.000564873
1 4 6 0.514053 0.000461194 0.494384 0.000414974 0.492077 0.000409008 0.43954 0.000349622
1 4 7 0.373677 0.000283086 0.342235 0.000243199 0.346905 0.000241852 0.354883 0.000232672
1 4 8 0.298296 0.000186006 0.299984 0.000177882 0.210217 0.00012093 0.280769 0.000152661
1 4 9 0.20717 0.000110966 0.219842 0.000114793 0.214969 0.000106855 0.22881 0.00010799
1 4 10 0.164685 7.75802e-05 0.186416 8.10986e-05 0.166912 7.22045e-05 0.167051 6.69761e-05
1 4 11 0.125119 2.43644e-05 0.133316 2.4425e-05 0.109403 1.93045e-05 0.12047 2.02777e-05
0 5 0 2.59883 0.0410268 1.66713 0.0249078 2.0413 0.0283386 1.75931 0.02235
0 5 1 1.71262 0.0112791 1.51249 0.0101388 1.36813 0.00837885 1.61625 0.00930082
0 5 2 0.956619 0.0037096 1.09694 0.00399279 1.08849 0.00393879 1.07565 0.0038402
0 5 3 0.832078 0.00231848 0.713627 0.00188761 0.796008 0.00211765 0.661959 0.00163077
0 5 4 0.580569 0.00130569 0.482474 0.00103491 0.514657 0.00107103 0.450767 0.000899944
0 5 5 0.303991 0.000551074 0.380578 0.000674881 0.348336 0.000587051 0.361278 0.000582659
0 5 6 0.270942 0.000412283 0.26715 0.000379265 0.283518 0.000392726 0.223752 0.000298732
0 5 7 0.159798 0.00020362 0.187921 0.000222758 0.194407 0.000221397 0.17674 0.000197279
0 5 8 0.156086 0.000170782 0.169534 0.000171985 0.20884 0.000201002 0.210307 0.000202245
0 5 9 0.144526 0.000141755 0.118192 0.000102093 0.133535 0.000110617 0.0784359 6.24127e-05
0 5 10 0.0620857 4.99768e-05 0.122178 8.86876e-05 0.0794647 5.5037e-05 0.0723053 4.97728e-05
0 5 11 0.0623911 2.11904e-05 0.0416617 1.28488e-05 0.0481741 1.36851e-05 0.0766632 2.12555e-05
1 5 0 2.66909 0.0419301 2.37928 0.0342651 2.14036 0.0296811 3.07218 0.0389676
1 5 1 2.37219 0.0152947 1.69764 0.0106124 1.97693 0.0118647 2.07514 0.011576
1 5 2 1.40068 0.00537497 1.65969 0.00599174 1.57314 0.00565992 1.297 0.00438517
1 5 3 1.11651 0.00305854 1.20297 0.00311314 1.1979 0.00307058 0.993787 0.00241993
1 5 4 0.799289 0.00173003 0.831723 0.00177118 0.821725 0.00167147 0.942417 0.00180092
1 5 5 0.630029 0.00112551 0.571066 0.000967006 0.71988 0.00116044 0.627905 0.000981604
1 5 6 0.434721 0.000651606 0.515322 0.0007147 0.563302 0.00074418 0.462564 0.000602056
1 5 7 0.359834 0.00045268 0.398557 0.000462171 0.423369 0.000464332 0.349898 0.000381396
1 5 8 0.272961 0.000293842 0.32379 0.00032251 0.298005 0.00027965 0.330715 0.000305715
1 5 9 0.212024 0.00020062 0.221609 0.000190386 0.216399 0.000174826 0.253742 0.000202413
1 5 10 0.191439 0.000152724 0.156778 0.000114949 0.158558 0.000114599 0.142012 9.46014e-05
1 5 11 0.108099 3.79737e-05 0.135016 4.29536e-05 0.136228 4.05791e-05 0.144514 4.21916e-05
0 6 0 2.79953 0.30436 0.933258 0.0796608 2.02442 0.171465 1.86199 0.119034
0 6 1 1.30753 0.0396604 1.15931 0.0316553 1.3469 0.0337165 1.20728 0.0283574
0 6 2 0.73046 0.0105531 1.18665 0.0164285 0.583913 0.00770813 0.90683 0.0107976
0 6 3 0.847057 0.00830244 0.617137 0.00547921 0.515817 0.00451511 0.592095 0.00470947
0 6 4 0.362347 0.00269205 0.546156 0.00353067 0.315182 0.00204072 0.541037 0.0032082
0 6 5 0.325782 0.00191099 0.282066 0.00144228 0.227605 0.00163316 0.337622 0.00162589
0 6 6 0.315319 0.00153669 0.0827457 0.00036995 0.202187 0.00086485 0.167019 0.000673337
0 6 7 0.137404 0.000675543 0.219037 0.000953433 0.227882 0.000837739 0.102431 0.000425696
0 6 8 0.108575 0.000416964 0.1151 0.00039791 0.0482262 0.000158327 0.152014 0.000461862
0 6 9 0.0807237 0.000304809 0.0865396 0.000285979 0.0559609 0.00015714 0.0729719 0.000187283
0 6 10 0.0856222 0.00027127 0.0550562 0.000146198 0.0444945 0.000108587 0.0407186 9.3902e-05
0 6 11 0.0276208 3.83513e-05 0.0194522 2.34272e-05 0.0507566 5.59285e-05 0.0282726 2.95178e-05
1 6 0 1.95436 0.220978 3.15571 0.2437 3.41452 0.244307 2.67326 0.164995
1 6 1 1.58107 0.0470097 2.31218 0.0587067 1.82671 0.0449457 1.58309 0.0355815
1 6 2 0.852092 0.0121952 1.13617 0.0150452 1.1926 0.0149936 1.60201 0.0185875
1 6 3 1.16362 0.0111843 1.26022 0.0110649 0.992547 0.00826696 1.10134 0.00861588
1 6 4 0.943272 0.00681704 0.827029 0.0051537 0.779798 0.00485273 0.541647 0.00315938
1 6 5 0.698195 0.00400962 0.550901 0.00275386 0.599343 0.00298187 0.645731 0.00290092
1 6 6 0.668633 0.00319404 0.26109 0.00112835 0.51116 0.00210072 0.458022 0.00181501
1 6 7 0.255497 0.00106043 0.321295 0.00121578 0.418531 0.00144517 0.376108 0.00126355
1 6 8 0.148728 0.000556283 0.371555 0.00124744 0.290532 0.000883751 0.279559 0.000818563
1 6 9 0.16817 0.000608179 0.277924 0.000890939 0.27745 0.000750741 0.158004 0.000396864
1 6 10 0.116943 0.000338966 0.129742 0.000357685 0.13182 0.000311723 0.194976 0.000445338
1 6 11 0.112917 0.000163427 0.108162 0.000130669 0.123581 0.00013348 0.133317 0.000134361
0 7 0 0 0 0 0 0 0 0 0
0 7 1 0.747895 0.108661 0.803237 0.0624583 1.63463 0.124992 0.886043 0.0757027
0 7 2 2.06343 0.1893 0.584975 0.0210551 1.58204 0.0573941 0.51267 0.0184831
0 7 3 0.263027 0.00787175 0.630784 0.0216501 0.551136 0.0116742 0.821147 0.0178743
0 7 4 0.213232 0.00528579 0.415888 0.00737417 0.387274 0.00664051 0.207505 0.00320524
0 7 5 0.398956 0.00733993 0.269547 0.00400377 0.311998 0.00370676 0.435681 0.00568104
0 7 6 0.0731284 0.00177826 0.32659 0.00328456 0.19159 0.00189245 0.211899 0.00239857
0 7 7 0.149371 0.00444445 0.288862 0.00424455 0.0756078 0.000699129 0.0411061 0.000460321
0 7 8 0.0742625 0.000735122 0.149044 0.0014178 0.162513 0.00150094 0.133449 0.00253421
0 7 9 0.104749 0.00273514 0.123276 0.00146322 0 0 0.308171 0.00671867
0 7 10 0.335517 0.00937534 0.127256 0.00136427 0.0878639 0.00192681 0.0899379 0.00161517
0 7 11 0.0521222 0.000208825 0.0606646 0.00061092 0.0147424 0.000108628 0.0221422 6.24461e-05
1 7 0 0 0 1.98597 1.21364 8.82126 6.34448 5.62343 2.44397
1 7 1 0.771163 0.115526 2.78519 0.203365 1.91883 0.14153 2.75984 0.218466
1 7 2 1.98769 0.0977709 1.5245 0.0541159 1.39852 0.049714 0.341767 0.012552
1 7 3 1.33284 0.0371399 0.97479 0.021284 1.03171 0.0217098 1.08414 0.0223199
1 7 4 0.486802 0.00897602 1.04827 0.0151593 1.52326 0.0206749 0.630535 0.00892083
1 7 5 0.747648 0.0109831 0.710488 0.00844736 0.676265 0.00739815 0.528108 0.00577636
1 7 6 1.00001 0.0124689 0.359229 0.00422907 0.688879 0.0066263 0.571857 0.00548507
1 7 7 0.370488 0.00453049 0.362668 0.00318522 0.304341 0.00287061 0.636895 0.00525678
1 7 8 0.272735 0.00264765 0.19612 0.00204311 0.268379 0.00186512 0.161224 0.001237
1 7 9 0.338792 0.00465446 0.308693 0.00358221 0.0930323 0.000686919 0.164483 0.00109835
1 7 10 0.162234 0.0014986 0.127143 0.000874442 0.104949 0.000715002 0.420376 0.00408731
1 7 11 0.0603168 0.000228665 0.110518 0.000349133 0.113805 0.000328852 0.128195 0.000357523
0 8 0 0 0 0 0 0 0 0 0
0 8 1 4.13694 1.61651 0 0 0 0 0.670002 0.145737
0 8 2 1.64744 0.198414 0.565354 0.052304 0.975168 0.0653903 0.255192 0.0170442
0 8 3 0.880251 0.0420444 0.862495 0.034553 0.301589 0.0112648 0.287945 0.0095813
0 8 4 0.316612 0.0110454 0.340874 0.00813896 0.26824 0.00577579 0.0562455 0.00126796
0 8 5 0.179694 0.00545679 0.287289 0.00443975 0.230734 0.00799742 0.234034 0.00361593
0 8 6 0.268504 0.00894856 0.171639 0.0021892 0.208108 0.00251484 0.0696028 0.00161117
0 8 7 0.199436 0.00320505 0.0829806 0.00101931 0.161033 0.00182469 0.14578 0.00171128
0 8 8 0 0 0.229978 0.0058378 0 0 0 0
0 8 9 0.158064 0.00497672 0.0526976 0.00138839 0.185144 0.00222904 0 0
0 8 10 0.268485 0.00900516 0 0 0 0 0 0
0 8 11 0 0 0.0343569 0.00017302 0.0475347 0.000451076 0.0449236 0.000503131
1 8 0 0 0 0 0 0 0 0 0
1 8 1 5.65161 2.12964 2.49968 0.706706 1.21474 0.35175 2.02072 0.418235
1 8 2 1.62117 0.146699 0.745351 0.0520159 0.820956 0.0569919 0.700756 0.0454397
1 8 3 0.951463 0.0403617 1.00952 0.0332131 1.67138 0.0470715 1.10504 0.0345571
1 8 4 1.3325 0.0408331 0.645609 0.0134318 1.20006 0.0213671 0.847321 0.0183142
1 8 5 0.583028 0.0129176 0.644128 0.00970891 0.554437 0.00829452 0.604951 0.00931087
1 8 6 0.432934 0.00744796 0.438294 0.0055507 0.460135 0.00521541 0.324444 0.00423826
1 8 7 0.163681 0.00254584 0.569846 0.00653202 0.211363 0.00222852 0.529281 0.0060389
1 8 8 0.300924 0.004927 0.389782 0.00459314 0.410264 0.00453465 0.501404 0.0056163
1 8 9 0.275613 0.00946567 0.244897 0.00318185 0.25214 0.00293408 0.262349 0.00312882
1 8 10 0.162341 0.00261532 0.321691 0.00791847 0.182141 0.0020588 0.248491 0.00282725
1 8 11 0.0571992 0.000443191 0.160938 0.00183829 0.0561411 0.00031287 0.0554885 0.00030783
