0 0 0 2.37643 9.19159e-05 4.59482e-05
0 0 1 1.62059 6.40778e-05 3.85544e-05
0 0 2 1.15906 4.83059e-05 3.46208e-05
0 0 3 0.814067 4.34938e-05 3.33755e-05
0 0 4 0.622305 4.78128e-05 3.74521e-05
0 0 5 0.44973 5.52545e-05 5.65775e-05
0 0 6 0.34099 6.13173e-05 6.45837e-05
0 0 7 0.264034 8.69381e-05 8.09428e-05
0 0 8 0.169269 0.000118087 9.73853e-05
0 0 9 0.190833 0.000608768 0.000295142
0 0 10 0 0 0
0 0 11 0 0 0
1 0 0 2.60372 9.90738e-05 4.66414e-05
1 0 1 1.8551 7.21337e-05 4.07497e-05
1 0 2 1.35012 5.55228e-05 3.75183e-05
1 0 3 0.977339 5.11699e-05 3.68104e-05
1 0 4 0.747888 5.70444e-05 4.14173e-05
1 0 5 0.556737 6.79865e-05 6.5718e-05
1 0 6 0.422754 7.42195e-05 7.57035e-05
1 0 7 0.347274 0.000116885 0.000100884
1 0 8 0.234833 0.000159077 0.000123446
1 0 9 0.187691 0.000611909 0.000268185
1 0 10 0 0 0
1 0 11 0 0 0
0 1 0 2.37303 7.44706e-05 4.1765e-05
0 1 1 1.62367 3.44762e-05 2.90765e-05
0 1 2 1.14466 1.96909e-05 1.8644e-05
0 1 3 0.835307 1.3848e-05 1.57378e-05
0 1 4 0.604404 1.00963e-05 1.3486e-05
0 1 5 0.452712 8.19647e-06 1.40244e-05
0 1 6 0.341245 6.62077e-06 1.30158e-05
0 1 7 0.259912 5.49344e-06 1.21782e-05
0 1 8 0.194721 4.42753e-06 1.14906e-05
0 1 9 0.145382 3.61496e-06 1.08392e-05
0 1 10 0.118488 3.33488e-06 1.14098e-05
0 1 11 0.0778277 1.30038e-06 8.49235e-06
1 1 0 2.68509 8.27726e-05 4.37272e-05
1 1 1 1.90261 3.97812e-05 3.11332e-05
1 1 2 1.37907 2.33879e-05 2.04844e-05
1 1 3 1.04833 1.7209e-05 1.79176e-05
1 1 4 0.780142 1.29198e-05 1.54987e-05
1 1 5 0.588209 1.06088e-05 1.61137e-05
1 1 6 0.457325 8.9047e-06 1.53309e-05
1 1 7 0.352934 7.44932e-06 1.46314e-05
1 1 8 0.272621 6.30337e-06 1.39533e-05
1 1 9 0.20825 5.35795e-06 1.34087e-05
1 1 10 0.164966 4.77384e-06 1.31699e-05
1 1 11 0.118641 2.28753e-06 1.08328e-05
0 2 0 2.33627 0.000205617 7.41858e-05
0 2 1 1.62414 9.40633e-05 5.08308e-05
0 2 2 1.13754 4.72088e-05 2.96373e-05
0 2 3 0.815605 2.76267e-05 2.32356e-05
0 2 4 0.593259 1.7063e-05 1.75062e-05
0 2 5 0.444895 1.13129e-05 1.54987e-05
0 2 6 0.331733 7.6307e-06 1.28963e-05
0 2 7 0.259966 5.66031e-06 1.04783e-05
0 2 8 0.192774 4.06815e-06 9.00345e-06
0 2 9 0.144952 2.95641e-06 8.08074e-06
0 2 10 0.111554 2.27938e-06 7.49124e-06
0 2 11 0.0783595 7.64315e-07 4.87011e-06
1 2 0 2.72329 0.000234217 7.97556e-05
1 2 1 1.94665 0.000110709 5.56664e-05
1 2 2 1.4171 5.80352e-05 3.35342e-05
1 2 3 1.06735 3.57958e-05 2.72473e-05
1 2 4 0.799774 2.27956e-05 2.07297e-05
1 2 5 0.610705 1.53963e-05 1.8474e-05
1 2 6 0.473738 1.08944e-05 1.57349e-05
1 2 7 0.367115 8.00011e-06 1.25727e-05
1 2 8 0.282124 6.0208e-06 1.09589e-05
1 2 9 0.216251 4.50354e-06 9.69826e-06
1 2 10 0.17432 3.68568e-06 9.61491e-06
1 2 11 0.134467 1.59937e-06 6.7841e-06
0 3 0 2.36283 0.000419345 0.000108868
0 3 1 1.601 0.000181307 7.38372e-05
0 3 2 1.11225 9.16138e-05 4.23999e-05
0 3 3 0.776927 5.04923e-05 3.24265e-05
0 3 4 0.572298 3.20773e-05 2.43292e-05
0 3 5 0.420343 2.03837e-05 2.08544e-05
0 3 6 0.30711 1.30068e-05 1.69307e-05
0 3 7 0.235563 9.01156e-06 1.26089e-05
0 3 8 0.183906 6.24416e-06 1.09255e-05
0 3 9 0.13755 4.10109e-06 9.18733e-06
0 3 10 0.107336 2.83384e-06 8.22613e-06
0 3 11 0.0774936 9.41669e-07 5.09332e-06
1 3 0 2.84124 0.000492389 0.000120689
1 3 1 1.94285 0.000215069 8.13419e-05
1 3 2 1.45448 0.000117509 5.01282e-05
1 3 3 1.05541 6.76189e-05 3.92156e-05
1 3 4 0.821231 4.59077e-05 3.05135e-05
1 3 5 0.617688 2.97483e-05 2.63553e-05
1 3 6 0.461152 1.94263e-05 2.15404e-05
1 3 7 0.365288 1.40968e-05 1.65605e-05
1 3 8 0.293979 9.97919e-06 1.42694e-05
1 3 9 0.226274 6.92056e-06 1.20868e-05
1 3 10 0.181925 5.07469e-06 1.0922e-05
1 3 11 0.156132 2.48766e-06 7.85641e-06
0 4 0 2.27894 0.000418353 0.00010293
0 4 1 1.55238 0.00017976 7.05002e-05
0 4 2 1.08231 8.84556e-05 4.14579e-05
0 4 3 0.772173 5.10766e-05 3.21558e-05
0 4 4 0.555065 3.08754e-05 2.38629e-05
0 4 5 0.406226 1.96363e-05 2.03396e-05
0 4 6 0.290571 1.21249e-05 1.60346e-05
0 4 7 0.224576 8.42411e-06 1.23493e-05
0 4 8 0.17088 5.64958e-06 1.02219e-05
0 4 9 0.130559 3.88453e-06 8.64698e-06
0 4 10 0.0994637 2.62902e-06 7.48425e-06
0 4 11 0.0711849 8.26209e-07 4.5208e-06
1 4 0 2.84374 0.000510374 0.000116411
1 4 1 2.02674 0.000230849 8.17181e-05
1 4 2 1.4515 0.0001169 4.97722e-05
1 4 3 1.08992 7.08885e-05 4.01186e-05
1 4 4 0.812257 4.45907e-05 3.02207e-05
1 4 5 0.614713 2.93073e-05 2.60433e-05
1 4 6 0.471898 1.96828e-05 2.19651e-05
1 4 7 0.372512 1.38551e-05 1.65765e-05
1 4 8 0.289945 9.65077e-06 1.37083e-05
1 4 9 0.225493 6.77474e-06 1.17101e-05
1 4 10 0.178064 4.84807e-06 1.01735e-05
1 4 11 0.153111 2.35229e-06 7.2873e-06
0 5 0 2.28848 0.000550493 0.000111037
0 5 1 1.51052 0.000230115 7.46153e-05
0 5 2 1.04198 0.000111616 4.45495e-05
0 5 3 0.723436 6.16345e-05 3.45252e-05
0 5 4 0.50593 3.63916e-05 2.49216e-05
0 5 5 0.372304 2.34132e-05 2.21126e-05
0 5 6 0.256975 1.38435e-05 1.66855e-05
0 5 7 0.197732 9.39984e-06 1.26729e-05
0 5 8 0.151842 6.53629e-06 1.06316e-05
0 5 9 0.111309 4.24868e-06 8.73447e-06
0 5 10 0.0850298 2.86449e-06 7.557e-06
0 5 11 0.0593491 9.50632e-07 4.4958e-06
1 5 0 2.89787 0.000678011 0.000126771
1 5 1 2.02622 0.000298821 8.87772e-05
1 5 2 1.51118 0.000158087 5.67372e-05
1 5 3 1.10791 9.27947e-05 4.56878e-05
1 5 4 0.836201 5.97464e-05 3.56072e-05
1 5 5 0.636463 3.91372e-05 3.14343e-05
1 5 6 0.47621 2.55442e-05 2.54314e-05
1 5 7 0.361933 1.70654e-05 1.87282e-05
1 5 8 0.277326 1.18162e-05 1.51151e-05
1 5 9 0.218813 8.40983e-06 1.28737e-05
1 5 10 0.169255 5.80307e-06 1.1011e-05
1 5 11 0.144386 2.90458e-06 7.77175e-06
0 6 0 2.22663 0.00126982 0.000164201
0 6 1 1.43786 0.00052786 0.000111471
0 6 2 0.979568 0.000261158 6.78889e-05
0 6 3 0.668253 0.000144805 5.21848e-05
0 6 4 0.459017 8.33258e-05 3.8463e-05
0 6 5 0.324232 5.00635e-05 3.2042e-05
0 6 6 0.236306 3.28993e-05 2.58783e-05
0 6 7 0.166993 2.01395e-05 1.768e-05
0 6 8 0.122302 1.31425e-05 1.46288e-05
0 6 9 0.0901337 8.9237e-06 1.16551e-05
0 6 10 0.0635948 5.57455e-06 9.81751e-06
0 6 11 0.047418 2.05481e-06 6.41816e-06
1 6 0 2.98468 0.00165692 0.000199339
1 6 1 2.08541 0.000755628 0.000142968
1 6 2 1.50308 0.000392104 8.97894e-05
1 6 3 1.13198 0.000240904 7.43823e-05
1 6 4 0.843343 0.000148713 5.64067e-05
1 6 5 0.616541 9.37328e-05 4.88068e-05
1 6 6 0.470218 6.25763e-05 4.05912e-05
1 6 7 0.355977 4.24708e-05 2.96511e-05
1 6 8 0.26604 2.82908e-05 2.39929e-05
1 6 9 0.205457 2.0095e-05 1.9445e-05
1 6 10 0.152751 1.30938e-05 1.64917e-05
1 6 11 0.134887 7.10179e-06 1.22234e-05
0 7 0 2.13629 0.00408204 0.000457767
0 7 1 1.33836 0.00128629 0.00025205
0 7 2 0.958422 0.000636525 0.000136853
0 7 3 0.593392 0.000274405 8.77185e-05
0 7 4 0.395535 0.000143395 5.48025e-05
0 7 5 0.295288 9.27748e-05 4.14015e-05
0 7 6 0.194782 5.31768e-05 3.11117e-05
0 7 7 0.15126 3.68347e-05 2.40422e-05
0 7 8 0.104233 2.33572e-05 1.81904e-05
0 7 9 0.0734674 1.49763e-05 1.40307e-05
0 7 10 0.0540135 1.00649e-05 1.28452e-05
0 7 11 0.0383976 3.42089e-06 7.84498e-06
1 7 0 2.87474 0.00527884 0.000543875
1 7 1 1.95317 0.00179405 0.000326061
1 7 2 1.56073 0.000987516 0.000187258
1 7 3 1.05667 0.000492018 0.000128775
1 7 4 0.802414 0.000289222 9.08776e-05
1 7 5 0.592286 0.000178491 6.72442e-05
1 7 6 0.472303 0.000129852 5.81647e-05
1 7 7 0.358943 8.75847e-05 4.30687e-05
1 7 8 0.256345 5.38328e-05 3.19137e-05
1 7 9 0.200806 4.07478e-05 2.78433e-05
1 7 10 0.149574 2.84233e-05 2.30279e-05
1 7 11 0.114969 1.22767e-05 1.50221e-05
0 8 0 2.01586 0.00261996 0.000367357
0 8 1 1.28118 0.000842513 0.000211082
0 8 2 0.852403 0.000364549 0.000109616
0 8 3 0.563855 0.000185021 7.60343e-05
0 8 4 0.376289 0.000101749 4.89064e-05
0 8 5 0.261416 5.92852e-05 3.54035e-05
0 8 6 0.182188 3.69893e-05 2.80025e-05
0 8 7 0.123382 2.53682e-05 2.29137e-05
0 8 8 0.0900778 1.99942e-05 2.01731e-05
0 8 9 0.0651961 1.8268e-05 2.31561e-05
0 8 10 0.0413806 9.74908e-06 1.75507e-05
0 8 11 0.0275683 3.71321e-06 1.00651e-05
1 8 0 2.91115 0.00365405 0.000463024
1 8 1 1.96182 0.00125513 0.000274701
1 8 2 1.41296 0.000593384 0.000149867
1 8 3 1.09933 0.00035702 0.000120478
1 8 4 0.814221 0.00021948 8.41239e-05
1 8 5 0.592992 0.000133397 6.26414e-05
1 8 6 0.43848 9.07991e-05 5.11909e-05
1 8 7 0.338469 7.14615e-05 4.53801e-05
1 8 8 0.271531 6.1749e-05 4.20634e-05
1 8 9 0.206321 5.89808e-05 5.15864e-05
1 8 10 0.152973 4.18317e-05 4.23747e-05
1 8 11 0.105156 1.60473e-05 2.35788e-05
