0.004	0.3	0.2	0.00868713	0.446056	1.15814	0.223352	1.82455	0.0176265	0.0919489	1	0.00868713	0.446056	1.15814	0.223859	1.75478	0.017626	0.0884042	1	
0.004	0.3	0.25	0.00877416	0.438292	1.14713	0.273752	1.23197	0.0143393	0.0618425	1	0.00877416	0.438292	1.14713	0.273328	1.20129	0.0144451	0.0602124	1	
0.004	0.3	0.3	0.00877416	0.438292	1.14713	0.323525	0.908289	0.0127668	0.0455127	1	0.00877416	0.438292	1.14713	0.323987	0.814617	0.011982	0.0408135	1	
0.004	0.3	0.35	0.00877416	0.438292	1.14713	0.373351	0.635455	0.0109377	0.0319694	1	0.00877416	0.438292	1.14713	0.374151	0.589988	0.0105498	0.0296682	1	
0.004	0.3	0.4	0.00877416	0.438292	1.14713	0.424383	0.464847	0.00982586	0.0236891	1	0.00877416	0.438292	1.14713	0.423255	0.44974	0.00961429	0.0229293	1	
0.004	0.3	0.45	0.0088098	0.435343	1.14187	0.473985	0.354231	0.0091526	0.0186684	1	0.0088098	0.435343	1.14187	0.473794	0.323526	0.00884297	0.0171333	1	
0.004	0.3	0.5	0.0090341	0.413514	1.10999	0.525951	0.268598	0.00988601	0.0146451	1	0.0090341	0.413514	1.10999	0.522785	0.242683	0.00948786	0.0132483	1	
0.004	0.3	0.55	0.00929256	0.389729	1.0777	0.573832	0.210874	0.0123518	0.0123941	1	0.00929256	0.389729	1.0777	0.574515	0.182755	0.0112836	0.0114695	1	
0.004	0.3	0.6	0.00953858	0.369373	1.04951	0.622158	0.179909	0.0176254	0.0125516	1	0.00953858	0.369373	1.04951	0.623214	0.150033	0.0161668	0.0120354	1	
0.004	0.3	0.65	0.00977493	0.351572	1.02377	0.67327	0.106505	0.0241968	0.0101895	1	0.00977493	0.351572	1.02377	0.677132	0.0773679	0.0187975	0.00811933	1	
0.004	0.5	0.2	0.00753481	0.607243	1.35969	0.223956	1.7359	0.0106624	0.0873106	1	0.00753481	0.607243	1.35969	0.22348	1.68733	0.0106993	0.0848822	1	
0.004	0.5	0.25	0.00753481	0.607243	1.35969	0.273624	1.18921	0.00937221	0.0596033	1	0.00753481	0.607243	1.35969	0.273828	1.13552	0.00916432	0.0569289	1	
0.004	0.5	0.3	0.00754558	0.605927	1.3577	0.323845	0.844712	0.00841633	0.0423852	1	0.00754558	0.605927	1.3577	0.324044	0.815657	0.008347	0.0409514	1	
0.004	0.5	0.35	0.0077892	0.570127	1.31474	0.373785	0.609985	0.00922595	0.0308686	1	0.0077892	0.570127	1.31474	0.373684	0.585335	0.0091902	0.0298692	1	
0.004	0.5	0.4	0.00804675	0.533686	1.26752	0.424993	0.46897	0.0127833	0.0239383	1	0.00804675	0.533686	1.26752	0.423249	0.429611	0.0122301	0.0220267	1	
0.01	0.15	0.4	0.018458	0.193169	1.08423	0.42379	0.476578	0.0235579	0.0242148	1	0.018458	0.193169	1.08423	0.423083	0.493284	0.0252101	0.025064	1	
0.01	0.15	0.45	0.0188033	0.188035	1.06472	0.475262	0.407491	0.0171135	0.0205178	1	0.0188033	0.188035	1.06472	0.474417	0.358324	0.0163374	0.0180821	1	
0.01	0.15	0.5	0.0188034	0.188033	1.06471	0.524894	0.2943	0.0150109	0.0150717	1	0.0188034	0.188033	1.06471	0.526594	0.284202	0.0146408	0.0145768	1	
0.01	0.15	0.55	0.0188034	0.188033	1.06471	0.57404	0.214017	0.0126916	0.0125256	1	0.0188034	0.188033	1.06471	0.573208	0.195556	0.0123216	0.0119059	1	
0.01	0.15	0.6	0.0188034	0.188033	1.06471	0.624174	0.182181	0.011907	0.0107112	1	0.0188034	0.188033	1.06471	0.623884	0.150677	0.0115081	0.010252	1	
0.01	0.15	0.65	0.0188034	0.188033	1.06471	0.673888	0.140087	0.0113398	0.00991066	1	0.0188034	0.188033	1.06471	0.675335	0.122747	0.0112002	0.00930291	1	
0.01	0.15	0.7	0.0188034	0.188033	1.06471	0.72324	0.131251	0.0111507	0.00949885	1	0.0188034	0.188033	1.06471	0.727689	0.093422	0.0103477	0.00772847	1	
0.01	0.15	0.75	0.0188034	0.188033	1.06471	0.798039	0.0822377	0.00650556	0.00688254	1	0.0188034	0.188033	1.06471	0.797588	0.0569464	0.00570985	0.00498137	1	
0.01	0.2	0.3	0.0154692	0.275652	1.27825	0.323804	0.937107	0.0113594	0.0469739	1	0.0154692	0.275652	1.27825	0.324362	0.88644	0.0111657	0.0444069	1	
0.01	0.2	0.35	0.0160118	0.259983	1.24051	0.374116	0.688822	0.0080765	0.03451	1	0.0160118	0.259983	1.24051	0.374453	0.619779	0.00763563	0.0310839	1	
0.01	0.2	0.4	0.0162291	0.254425	1.22609	0.4239	0.502504	0.00664967	0.0253429	1	0.0162291	0.254425	1.22609	0.423675	0.464805	0.00646097	0.0234846	1	
0.01	0.2	0.45	0.0162302	0.254404	1.22603	0.474568	0.374537	0.00581579	0.0191719	1	0.0162302	0.254404	1.22603	0.473909	0.330388	0.00546824	0.017057	1	
0.01	0.2	0.5	0.0162302	0.254404	1.22603	0.523873	0.286534	0.00519256	0.0150427	1	0.0162302	0.254404	1.22603	0.524068	0.250267	0.00487874	0.0134144	1	
0.01	0.2	0.55	0.0162302	0.254404	1.22603	0.574185	0.216813	0.00458377	0.0119765	1	0.0162302	0.254404	1.22603	0.573772	0.192832	0.00440452	0.0109979	1	
0.01	0.2	0.6	0.0162302	0.254404	1.22603	0.623018	0.182044	0.00426566	0.0102118	1	0.0162302	0.254404	1.22603	0.622452	0.15039	0.0041505	0.00960588	1	
0.01	0.2	0.65	0.0162302	0.254404	1.22603	0.673278	0.139805	0.00394212	0.00872865	1	0.0162302	0.254404	1.22603	0.673704	0.122827	0.00387457	0.0083707	1	
0.01	0.2	0.7	0.0162302	0.254404	1.22603	0.722981	0.117552	0.00374748	0.00804691	1	0.0162302	0.254404	1.22603	0.724282	0.0977156	0.00357012	0.00751362	1	
0.01	0.2	0.75	0.0163499	0.251235	1.21722	0.797476	0.0730663	0.00219462	0.00611438	1	0.0163499	0.251235	1.21722	0.80015	0.0607989	0.00200311	0.00525961	1	
0.01	0.3	0.2	0.0142271	0.436038	1.85406	0.224125	1.84391	0.0110175	0.0925667	1	0.0142271	0.436038	1.85406	0.224042	1.76115	0.0107788	0.088374	1	
0.01	0.3	0.25	0.0142368	0.395731	1.68002	0.273938	1.28727	0.00740893	0.0644679	1	0.0142368	0.395731	1.68002	0.273834	1.2054	0.00722639	0.0603531	1	
0.01	0.3	0.3	0.0142597	0.393029	1.66909	0.323971	0.898385	0.00620966	0.0449539	1	0.0142597	0.393029	1.66909	0.32374	0.842208	0.00604366	0.042148	1	
0.01	0.3	0.35	0.0142597	0.393029	1.66909	0.373972	0.646935	0.00536597	0.0323951	1	0.0142597	0.393029	1.66909	0.374283	0.605887	0.00522075	0.0303625	1	
0.01	0.3	0.4	0.0142597	0.393029	1.66909	0.423749	0.4765	0.00470859	0.0239574	1	0.0142597	0.393029	1.66909	0.423569	0.426467	0.00443254	0.0214829	1	
0.01	0.3	0.45	0.0142619	0.391052	1.65921	0.474298	0.346869	0.00417044	0.0175991	1	0.0142619	0.391052	1.65921	0.473899	0.319309	0.00401251	0.0161953	1	
0.01	0.3	0.5	0.0142776	0.375423	1.59156	0.524363	0.268171	0.00404751	0.0138613	1	0.0142776	0.375423	1.59156	0.52426	0.22983	0.00374454	0.0120874	1	
0.01	0.3	0.55	0.014282	0.358318	1.51864	0.574142	0.201177	0.0040576	0.0111802	1	0.014282	0.358318	1.51864	0.573715	0.183067	0.00388793	0.0100242	1	
0.01	0.3	0.6	0.0142915	0.343632	1.45603	0.62436	0.159787	0.00424655	0.00936825	1	0.0142915	0.343632	1.45603	0.623941	0.136128	0.00392622	0.00818356	1	
0.01	0.3	0.65	0.0143308	0.330901	1.40393	0.674723	0.129685	0.00460194	0.00806129	1	0.0143308	0.330901	1.40393	0.675066	0.11038	0.00425555	0.00718113	1	
0.01	0.3	0.7	0.0144732	0.319678	1.36544	0.724298	0.0949724	0.00504821	0.00685612	1	0.0144732	0.319678	1.36544	0.726101	0.0734448	0.0042873	0.00561949	1	
0.01	0.3	0.75	0.0151117	0.305398	1.31175	0.799099	0.0790126	0.010545	0.00647318	1	0.0151117	0.305398	1.31175	0.80685	0.0598778	0.00839961	0.00516651	1	
0.01	0.5	0.2	0.0139731	0.59099	2.46063	0.223607	1.7606	0.0106932	0.0881813	1	0.0139731	0.59099	2.46063	0.223522	1.68702	0.0105601	0.0844794	1	
0.01	0.5	0.25	0.0139731	0.59099	2.46063	0.273507	1.19768	0.00913745	0.0599445	1	0.0139731	0.59099	2.46063	0.273472	1.13571	0.00887893	0.0568425	1	
0.01	0.5	0.3	0.0139748	0.590074	2.45576	0.324044	0.832963	0.00792391	0.0418068	1	0.0139748	0.590074	2.45576	0.323708	0.802541	0.00783359	0.0402016	1	
0.01	0.5	0.35	0.0140249	0.562765	2.3408	0.37396	0.601629	0.00814793	0.0303192	1	0.0140249	0.562765	2.3408	0.374148	0.554454	0.007833	0.0279083	1	
0.01	0.5	0.4	0.0140527	0.531809	2.20543	0.423411	0.427865	0.00987085	0.0219743	1	0.0140527	0.531809	2.20543	0.423916	0.399416	0.00947909	0.021078	1	
0.02	0.1	0.55	0.0263379	0.143148	1.1387	0.575389	0.23601	0.0105503	0.0135945	1	0.0263379	0.143148	1.1387	0.573883	0.195433	0.00963868	0.0116888	1	
0.02	0.1	0.6	0.02684	0.138815	1.11803	0.623719	0.204594	0.00831664	0.0118394	1	0.02684	0.138815	1.11803	0.622751	0.158241	0.00744123	0.00969841	1	
0.02	0.1	0.65	0.0271331	0.13622	1.10659	0.67402	0.155814	0.00686667	0.0102313	1	0.0271331	0.13622	1.10659	0.674293	0.124814	0.00632297	0.00830979	1	
0.02	0.1	0.7	0.0271797	0.13582	1.10483	0.724024	0.127	0.00649455	0.0086872	1	0.0271797	0.13582	1.10483	0.721625	0.0883525	0.00606054	0.00743714	1	
0.02	0.1	0.75	0.0271797	0.13582	1.10483	0.796114	0.0830523	0.00378933	0.00664048	1	0.0271797	0.13582	1.10483	0.796563	0.0749941	0.00397965	0.00623205	1	
0.02	0.15	0.4	0.0243486	0.192639	1.42396	0.423986	0.534473	0.0164732	0.0270047	1	0.0243486	0.192639	1.42396	0.422509	0.470264	0.0155045	0.0237349	1	
0.02	0.15	0.45	0.024371	0.182599	1.33442	0.474288	0.39035	0.00826428	0.019876	1	0.024371	0.182599	1.33442	0.473249	0.343317	0.00781132	0.0176082	1	
0.02	0.15	0.5	0.0245856	0.175141	1.28581	0.524491	0.301008	0.00621459	0.0156856	1	0.0245856	0.175141	1.28581	0.524475	0.270438	0.00603531	0.0143025	1	
0.02	0.15	0.55	0.0246574	0.174069	1.27897	0.574835	0.241231	0.00545914	0.0127591	1	0.0246574	0.174069	1.27897	0.574532	0.200309	0.0052352	0.0114592	1	
0.02	0.15	0.6	0.0246574	0.174069	1.27898	0.622859	0.18646	0.00506107	0.010862	1	0.0246574	0.174069	1.27898	0.621722	0.162925	0.00479624	0.00993016	1	
0.02	0.15	0.65	0.0246574	0.174069	1.27898	0.674863	0.150945	0.00459679	0.0094887	1	0.0246574	0.174069	1.27898	0.674824	0.122514	0.00426405	0.00826512	1	
0.02	0.15	0.7	0.0246574	0.174069	1.27898	0.722858	0.115139	0.00411421	0.00790803	1	0.0246574	0.174069	1.27898	0.726574	0.0965265	0.00393589	0.00710919	1	
0.02	0.15	0.75	0.0246574	0.174069	1.27898	0.79595	0.0779092	0.00247652	0.00636138	1	0.0246574	0.174069	1.27898	0.793613	0.0608628	0.00230045	0.00525151	1	
0.02	0.2	0.3	0.0245894	0.274688	2.02409	0.324441	0.948456	0.0141618	0.047519	1	0.0245894	0.274688	2.02409	0.323796	0.855931	0.0133463	0.0428283	1	
0.02	0.2	0.35	0.024501	0.254705	1.86585	0.374067	0.68706	0.00909466	0.0343997	1	0.024501	0.254705	1.86585	0.374352	0.644088	0.00888484	0.0322334	1	
0.02	0.2	0.4	0.0244688	0.245273	1.78944	0.423901	0.514697	0.00720717	0.0258053	1	0.0244688	0.245273	1.78944	0.423658	0.452221	0.00671867	0.0226942	1	
0.02	0.2	0.45	0.0244686	0.245215	1.78888	0.474414	0.376212	0.0061003	0.0189124	1	0.0244686	0.245215	1.78888	0.473858	0.327639	0.00573604	0.0166424	1	
0.02	0.2	0.5	0.0244686	0.245215	1.78888	0.52437	0.292125	0.0055038	0.0148985	1	0.0244686	0.245215	1.78888	0.523454	0.241377	0.00501598	0.0124	1	
0.02	0.2	0.55	0.0244686	0.245215	1.78888	0.573998	0.215704	0.00476656	0.0112471	1	0.0244686	0.245215	1.78888	0.57338	0.188215	0.00446977	0.00991964	1	
0.02	0.2	0.6	0.0244686	0.245215	1.78888	0.622569	0.172387	0.00440123	0.00938647	1	0.0244686	0.245215	1.78888	0.622816	0.142355	0.00396898	0.00793307	1	
0.02	0.2	0.65	0.0244686	0.245215	1.78888	0.674277	0.141029	0.00412334	0.00802711	1	0.0244686	0.245215	1.78888	0.673646	0.112544	0.00373995	0.00684559	1	
0.02	0.2	0.7	0.0244686	0.245215	1.78888	0.724669	0.110857	0.00379478	0.00718372	1	0.0244686	0.245215	1.78888	0.724608	0.0888661	0.00343966	0.00598699	1	
0.02	0.2	0.75	0.0244602	0.242803	1.76697	0.79576	0.0768837	0.002328	0.00587445	1	0.0244602	0.242803	1.76697	0.796203	0.0614071	0.00207377	0.00498699	1	
0.02	0.3	0.2	0.0244854	0.433922	3.17923	0.224006	1.87046	0.0157966	0.0936457	1	0.0244854	0.433922	3.17923	0.223921	1.78481	0.0155443	0.0893342	1	
0.02	0.3	0.25	0.024534	0.392301	2.871	0.274374	1.28939	0.010208	0.0645087	1	0.024534	0.392301	2.871	0.273986	1.20142	0.00994691	0.0600983	1	
0.02	0.3	0.3	0.0245392	0.38913	2.8451	0.323832	0.894826	0.00851674	0.0447571	1	0.0245392	0.38913	2.8451	0.323653	0.826816	0.00818948	0.0413532	1	
0.02	0.3	0.35	0.0245392	0.38913	2.8451	0.374207	0.648285	0.00721512	0.0324272	1	0.0245392	0.38913	2.8451	0.374571	0.588653	0.00688965	0.0294496	1	
0.02	0.3	0.4	0.0245392	0.38913	2.8451	0.423439	0.465687	0.00627028	0.023313	1	0.0245392	0.38913	2.8451	0.423865	0.427564	0.00600831	0.0214256	1	
0.02	0.3	0.45	0.0245401	0.387295	2.82901	0.473722	0.339551	0.00544796	0.0170562	1	0.0245401	0.387295	2.82901	0.473587	0.305609	0.00514229	0.0153691	1	
0.02	0.3	0.5	0.0245505	0.372925	2.71976	0.52434	0.258286	0.0052152	0.0130675	1	0.0245505	0.372925	2.71976	0.524445	0.217578	0.00481904	0.0110484	1	
0.02	0.3	0.55	0.0245681	0.35701	2.60332	0.573577	0.199232	0.00521358	0.0102257	1	0.0245681	0.35701	2.60332	0.574742	0.166861	0.00481912	0.00867815	1	
0.02	0.3	0.6	0.0245902	0.342966	2.50033	0.623029	0.152203	0.0053337	0.00811413	1	0.0245902	0.342966	2.50033	0.623024	0.124932	0.00478115	0.00671061	1	
0.02	0.3	0.65	0.0246193	0.330432	2.40705	0.673585	0.107685	0.00532715	0.00605026	1	0.0246193	0.330432	2.40705	0.675255	0.0932896	0.00504617	0.00560213	1	
0.02	0.3	0.7	0.024645	0.319518	2.32136	0.724612	0.0880592	0.00633231	0.00603374	1	0.024645	0.319518	2.32136	0.725758	0.074922	0.00572779	0.00487813	1	
0.02	0.3	0.75	0.0246972	0.305376	2.14284	0.800377	0.0614106	0.0116984	0.00491568	1	0.0246972	0.305376	2.14284	0.787856	0.0445977	0.00935064	0.00359619	1	
0.02	0.5	0.2	0.0242912	0.582473	4.22008	0.224208	1.81896	0.0177271	0.0909979	1	0.0242912	0.582473	4.22008	0.223676	1.6789	0.0169748	0.0839942	1	
0.02	0.5	0.25	0.0242912	0.582473	4.22008	0.273914	1.22798	0.0150457	0.0614397	1	0.0242912	0.582473	4.22008	0.273337	1.11661	0.0141793	0.0558635	1	
0.02	0.5	0.3	0.0242929	0.581708	4.21302	0.324191	0.857602	0.012977	0.0429746	1	0.0242929	0.581708	4.21302	0.32386	0.774008	0.0120951	0.0387787	1	
0.02	0.5	0.35	0.024327	0.55877	4.03779	0.374381	0.610875	0.0127967	0.031331	1	0.024327	0.55877	4.03779	0.374371	0.546649	0.0119401	0.0281568	1	
0.02	0.5	0.4	0.0243839	0.530705	3.82336	0.423368	0.450594	0.0154102	0.0229684	1	0.0243839	0.530705	3.82336	0.423579	0.375638	0.0135352	0.0201622	1	
0.03	0.1	0.55	0.034547	0.142662	1.4874	0.573694	0.219966	0.00991903	0.0114603	1	0.034547	0.142662	1.4874	0.571599	0.209839	0.0102349	0.011478	1	
0.03	0.1	0.6	0.0345629	0.13696	1.41946	0.624507	0.191669	0.00683162	0.0106873	1	0.0345629	0.13696	1.41946	0.623211	0.159926	0.0063437	0.00912852	1	
0.03	0.1	0.65	0.0345612	0.131575	1.36091	0.674029	0.159105	0.00525146	0.00947655	1	0.0345612	0.131575	1.36091	0.673239	0.116906	0.00463325	0.00794177	1	
0.03	0.1	0.7	0.0346048	0.126851	1.31216	0.722817	0.122604	0.00418338	0.00807748	1	0.0346048	0.126851	1.31216	0.727344	0.0952813	0.00406671	0.00740535	1	
0.03	0.1	0.75	0.0347623	0.123954	1.28566	0.796009	0.0856683	0.00261429	0.00688441	1	0.0347623	0.123954	1.28566	0.798872	0.0636818	0.00243808	0.0054637	1	
0.03	0.15	0.4	0.0346198	0.192681	2.0247	0.425323	0.534186	0.0219415	0.0268434	1	0.0346198	0.192681	2.0247	0.423864	0.449015	0.0200433	0.0225197	1	
0.03	0.15	0.45	0.0345828	0.182654	1.89429	0.473552	0.396589	0.0113561	0.019959	1	0.0345828	0.182654	1.89429	0.474171	0.352754	0.010919	0.0179076	1	
0.03	0.15	0.5	0.0345659	0.174314	1.80034	0.524169	0.317661	0.00833769	0.0160459	1	0.0345659	0.174314	1.80034	0.525403	0.258848	0.00749199	0.0132408	1	
0.03	0.15	0.55	0.0345669	0.172849	1.78089	0.574993	0.231586	0.00693342	0.0119153	1	0.0345669	0.172849	1.78089	0.573984	0.189558	0.00629629	0.00995437	1	
0.03	0.15	0.6	0.0345668	0.172848	1.78088	0.623367	0.189471	0.00629053	0.0101571	1	0.0345668	0.172848	1.78088	0.623218	0.14468	0.00580044	0.00833312	1	
0.03	0.15	0.65	0.0345668	0.172848	1.78088	0.67378	0.142971	0.00552818	0.00818811	1	0.0345668	0.172848	1.78088	0.672676	0.109941	0.00478962	0.00649631	1	
0.03	0.15	0.7	0.0345668	0.172848	1.78088	0.723499	0.111106	0.00496686	0.00681915	1	0.0345668	0.172848	1.78088	0.724333	0.098195	0.00492731	0.00628235	1	
0.03	0.15	0.75	0.0345668	0.172848	1.78088	0.796421	0.0780775	0.00321609	0.00595905	1	0.0345668	0.172848	1.78088	0.797702	0.0591379	0.00276316	0.00485526	1	
0.03	0.2	0.3	0.0347313	0.274777	2.85919	0.324772	0.93408	0.0165925	0.0467562	1	0.0347313	0.274777	2.85919	0.323005	0.855705	0.015838	0.0427976	1	
0.03	0.2	0.35	0.0347568	0.256061	2.65788	0.374397	0.695695	0.0109155	0.0348124	1	0.0347568	0.256061	2.65788	0.373759	0.613446	0.0102725	0.0306863	1	
0.03	0.2	0.4	0.0347531	0.247453	2.56158	0.423166	0.510523	0.00861772	0.0255461	1	0.0347531	0.247453	2.56158	0.423585	0.444986	0.00806775	0.0222832	1	
0.03	0.2	0.45	0.034753	0.247396	2.56078	0.474521	0.377125	0.00738915	0.0188898	1	0.034753	0.247396	2.56078	0.473939	0.319029	0.00679485	0.0159912	1	
0.03	0.2	0.5	0.034753	0.247396	2.56078	0.524572	0.27582	0.006346	0.0138723	1	0.034753	0.247396	2.56078	0.524797	0.232576	0.00574915	0.0117087	1	
0.03	0.2	0.55	0.034753	0.247396	2.56078	0.574309	0.208708	0.00551105	0.0106233	1	0.034753	0.247396	2.56078	0.573124	0.177731	0.00507605	0.0090668	1	
0.03	0.2	0.6	0.034753	0.247396	2.56078	0.624374	0.168857	0.0051451	0.00881089	1	0.034753	0.247396	2.56078	0.622546	0.135246	0.00459029	0.00716924	1	
0.03	0.2	0.65	0.034753	0.247396	2.56078	0.674175	0.124905	0.00445778	0.0067428	1	0.034753	0.247396	2.56078	0.672979	0.103074	0.00409133	0.0056872	1	
0.03	0.2	0.7	0.034753	0.247396	2.56078	0.723679	0.100001	0.00414015	0.00588195	1	0.034753	0.247396	2.56078	0.724734	0.0793612	0.00380257	0.00500899	1	
0.03	0.2	0.75	0.0347549	0.244922	2.52982	0.798989	0.0725516	0.00273627	0.00517078	1	0.0347549	0.244922	2.52982	0.795598	0.0518764	0.00217836	0.00385393	1	
0.03	0.3	0.2	0.0346139	0.433045	4.48702	0.224331	1.91019	0.0206987	0.0955755	1	0.0346139	0.433045	4.48702	0.223759	1.77153	0.0197511	0.0886205	1	
0.03	0.3	0.25	0.0346373	0.389329	4.02556	0.274012	1.30276	0.0129209	0.0651589	1	0.0346373	0.389329	4.02556	0.27353	1.16674	0.0123255	0.0583471	1	
0.03	0.3	0.3	0.0346407	0.386022	3.98675	0.324118	0.906054	0.0105405	0.0453091	1	0.0346407	0.386022	3.98675	0.324042	0.814891	0.0100915	0.0407533	1	
0.03	0.3	0.35	0.0346407	0.386022	3.98675	0.373986	0.660054	0.00910629	0.0330125	1	0.0346407	0.386022	3.98675	0.374448	0.582966	0.00859681	0.0291655	1	
0.03	0.3	0.4	0.0346407	0.386022	3.98675	0.424476	0.475547	0.00778621	0.0238085	1	0.0346407	0.386022	3.98675	0.423743	0.4016	0.0071059	0.0201167	1	
0.03	0.3	0.45	0.034641	0.38428	3.96525	0.47373	0.343822	0.00679682	0.0172606	1	0.034641	0.38428	3.96525	0.473859	0.290629	0.00617564	0.0145932	1	
0.03	0.3	0.5	0.0346459	0.370489	3.81628	0.523807	0.252891	0.00632371	0.0128644	1	0.0346459	0.370489	3.81628	0.523936	0.22019	0.00584527	0.0111221	1	
0.03	0.3	0.55	0.034656	0.355283	3.658	0.574281	0.191408	0.00604585	0.00974226	1	0.034656	0.355283	3.658	0.57535	0.152271	0.00550427	0.00782111	1	
0.03	0.3	0.6	0.0346628	0.341761	3.51554	0.623279	0.136715	0.00586288	0.00714176	1	0.0346628	0.341761	3.51554	0.622187	0.118376	0.00553285	0.00625157	1	
0.03	0.3	0.65	0.0346698	0.329667	3.38574	0.673327	0.103737	0.00626937	0.00624881	1	0.0346698	0.329667	3.38574	0.675108	0.081953	0.0055164	0.00504942	1	
0.03	0.3	0.7	0.0346798	0.319087	3.26619	0.722837	0.0757112	0.00675665	0.00568648	1	0.0346798	0.319087	3.26619	0.724241	0.0670606	0.00614005	0.00405645	1	
0.03	0.3	0.75	0.0346789	0.30534	3.00891	0.785021	0.0530325	0.0128621	0.00533361	1	0.0346789	0.30534	3.00891	0.78696	0.0296524	0.0091496	0.00299154	1	
0.03	0.5	0.2	0.034509	0.578909	5.96248	0.223264	1.8015	0.0242843	0.0901253	1	0.034509	0.578909	5.96248	0.223788	1.6826	0.0236651	0.0841608	1	
0.03	0.5	0.25	0.034509	0.578909	5.96248	0.273687	1.24093	0.0209305	0.0620901	1	0.034509	0.578909	5.96248	0.274395	1.14229	0.0200203	0.0571439	1	
0.03	0.5	0.3	0.0345094	0.578209	5.95294	0.323382	0.878381	0.0179285	0.0440426	1	0.0345094	0.578209	5.95294	0.323771	0.810087	0.0171602	0.0405858	1	
0.03	0.5	0.35	0.0345294	0.557198	5.72047	0.374554	0.618722	0.0177255	0.0311908	1	0.0345294	0.557198	5.72047	0.374188	0.525399	0.0159081	0.0267252	1	
0.03	0.5	0.4	0.0345539	0.530041	5.4166	0.424143	0.417274	0.0195595	0.0226665	1	0.0345539	0.530041	5.4166	0.422613	0.394093	0.0189094	0.0213347	1	
0.04	0.1	0.55	0.0489395	0.142742	2.10761	0.575393	0.240804	0.0101779	0.0123732	1	0.0489395	0.142742	2.10761	0.575586	0.186257	0.00902383	0.0100654	1	
0.04	0.1	0.6	0.0488689	0.137034	2.00797	0.623795	0.188619	0.00654284	0.0104183	1	0.0488689	0.137034	2.00797	0.623778	0.143371	0.00576285	0.00795006	1	
0.04	0.1	0.65	0.0488065	0.131645	1.92321	0.673624	0.155949	0.00505832	0.0092443	1	0.0488065	0.131645	1.92321	0.674163	0.113459	0.00440995	0.00716502	1	
0.04	0.1	0.7	0.0487789	0.126748	1.84897	0.723143	0.118911	0.00390549	0.00727482	1	0.0487789	0.126748	1.84897	0.722952	0.0949559	0.00365509	0.00631584	1	
0.04	0.1	0.75	0.0487631	0.123003	1.79105	0.796729	0.0871333	0.0023378	0.00625881	1	0.0487631	0.123003	1.79105	0.795338	0.0591112	0.00196404	0.00488331	1	
0.04	0.15	0.4	0.0494242	0.19281	2.89095	0.422592	0.520969	0.0183532	0.0261137	1	0.0494242	0.19281	2.89095	0.424069	0.42159	0.0164528	0.0211212	1	
0.04	0.15	0.45	0.0494305	0.183289	2.71399	0.474048	0.397099	0.00953276	0.0198973	1	0.0494305	0.183289	2.71399	0.473571	0.318436	0.00856735	0.0159538	1	
0.04	0.15	0.5	0.0493856	0.175402	2.58613	0.524116	0.299519	0.00696501	0.0150695	1	0.0493856	0.175402	2.58613	0.523875	0.247522	0.00623041	0.0124204	1	
0.04	0.15	0.55	0.049382	0.174024	2.5601	0.574429	0.224069	0.00579263	0.0113744	1	0.049382	0.174024	2.5601	0.573642	0.187979	0.00542332	0.00961932	1	
0.04	0.15	0.6	0.049382	0.174024	2.56009	0.623495	0.17528	0.0050902	0.0089901	1	0.049382	0.174024	2.56009	0.624141	0.14139	0.00480005	0.00751128	1	
0.04	0.15	0.65	0.049382	0.174024	2.56009	0.673301	0.141625	0.00465923	0.00742563	1	0.049382	0.174024	2.56009	0.672468	0.104881	0.00401854	0.00572767	1	
0.04	0.15	0.7	0.049382	0.174024	2.56009	0.725245	0.107657	0.00412031	0.00617071	1	0.049382	0.174024	2.56009	0.722872	0.0855852	0.00388704	0.00537182	1	
0.04	0.15	0.75	0.049382	0.174024	2.56009	0.796067	0.0738814	0.00253456	0.00504118	1	0.049382	0.174024	2.56009	0.793087	0.0568804	0.00222354	0.0041193	1	
0.04	0.2	0.3	0.0490907	0.274357	4.0382	0.324496	0.995887	0.0149687	0.0498567	1	0.0490907	0.274357	4.0382	0.323834	0.821751	0.0134052	0.0410969	1	
0.04	0.2	0.35	0.0491195	0.25491	3.7422	0.373924	0.711145	0.00927982	0.0355844	1	0.0491195	0.25491	3.7422	0.373104	0.604865	0.00865409	0.0302484	1	
0.04	0.2	0.4	0.0491416	0.246048	3.60301	0.424386	0.513689	0.00716381	0.0256998	1	0.0491416	0.246048	3.60301	0.423941	0.421601	0.0065511	0.0210895	1	
0.04	0.2	0.45	0.049142	0.245994	3.60199	0.473598	0.381343	0.00619317	0.0190856	1	0.049142	0.245994	3.60199	0.473688	0.305685	0.00550159	0.0153052	1	
0.04	0.2	0.5	0.049142	0.245994	3.60199	0.52393	0.279433	0.00528734	0.0140073	1	0.049142	0.245994	3.60199	0.524423	0.221583	0.0046662	0.011131	1	
0.04	0.2	0.55	0.049142	0.245994	3.60199	0.57387	0.212	0.00456954	0.0106722	1	0.049142	0.245994	3.60199	0.573617	0.165929	0.00412336	0.00841032	1	
0.04	0.2	0.6	0.049142	0.245994	3.60199	0.62502	0.158674	0.00402156	0.00809023	1	0.049142	0.245994	3.60199	0.622915	0.126211	0.00365191	0.00648014	1	
0.04	0.2	0.65	0.049142	0.245994	3.60199	0.674487	0.122584	0.00357402	0.00636961	1	0.049142	0.245994	3.60199	0.672967	0.101468	0.00342148	0.00545087	1	
0.04	0.2	0.7	0.049142	0.245994	3.60199	0.723845	0.0964386	0.00334877	0.00533411	1	0.049142	0.245994	3.60199	0.724013	0.0686831	0.00282426	0.00396128	1	
0.04	0.2	0.75	0.0491476	0.243589	3.55985	0.79607	0.0633515	0.00205866	0.00418631	1	0.0491476	0.243589	3.55985	0.795087	0.0485129	0.0017868	0.00338616	1	
0.04	0.3	0.2	0.0487177	0.431093	6.28895	0.224363	1.94319	0.0191579	0.0972114	1	0.0487177	0.431093	6.28895	0.224305	1.73879	0.0182313	0.0869664	1	
0.04	0.3	0.25	0.0488863	0.386715	5.6435	0.274145	1.345	0.0120054	0.0672662	1	0.0488863	0.386715	5.6435	0.273986	1.17631	0.0111519	0.0588238	1	
0.04	0.3	0.3	0.0488917	0.383385	5.58831	0.32406	0.927446	0.00963928	0.0463772	1	0.0488917	0.383385	5.58831	0.323944	0.806848	0.00908907	0.04035	1	
0.04	0.3	0.35	0.0488917	0.383385	5.58831	0.374133	0.653077	0.00808983	0.0326665	1	0.0488917	0.383385	5.58831	0.373706	0.556088	0.00750763	0.02782	1	
0.04	0.3	0.4	0.0488917	0.383385	5.58831	0.423902	0.489273	0.00710006	0.0245016	1	0.0488917	0.383385	5.58831	0.424138	0.394186	0.00635392	0.0197477	1	
0.04	0.3	0.45	0.0488987	0.381784	5.56147	0.474286	0.340035	0.0059644	0.0171134	1	0.0488987	0.381784	5.56147	0.473602	0.279776	0.00544004	0.0140569	1	
0.04	0.3	0.5	0.0489501	0.369165	5.37502	0.523921	0.257468	0.00559867	0.0130081	1	0.0489501	0.369165	5.37502	0.524318	0.204488	0.00499459	0.0103127	1	
0.04	0.3	0.55	0.0490107	0.354742	5.16794	0.574145	0.192954	0.00547474	0.00979925	1	0.0490107	0.354742	5.16794	0.573916	0.15047	0.00483917	0.0076785	1	
0.04	0.3	0.6	0.0490441	0.341346	4.971	0.624816	0.137819	0.00519761	0.00706125	1	0.0490441	0.341346	4.971	0.623068	0.11048	0.00470554	0.00575687	1	
0.04	0.3	0.65	0.0490575	0.329397	4.78945	0.673622	0.107844	0.00561729	0.00566977	1	0.0490575	0.329397	4.78945	0.673662	0.0823049	0.00478442	0.00441592	1	
0.04	0.3	0.7	0.049048	0.318919	4.61912	0.723816	0.088288	0.0066957	0.0051169	1	0.049048	0.318919	4.61912	0.724475	0.0603246	0.00524636	0.00334533	1	
0.04	0.3	0.75	0.0490022	0.305305	4.25284	0.799514	0.0665297	0.0132279	0.00451399	1	0.0490022	0.305305	4.25284	0.807933	0.0384308	0.0098637	0.00261912	1	
0.04	0.5	0.2	0.0480997	0.573415	8.23228	0.224276	1.83435	0.0265262	0.0917512	1	0.0480997	0.573415	8.23228	0.223748	1.72105	0.0259624	0.0860786	1	
0.04	0.5	0.25	0.0480997	0.573415	8.23228	0.273479	1.26169	0.0220603	0.0631301	1	0.0480997	0.573415	8.23228	0.27388	1.085	0.0206682	0.0542822	1	
0.04	0.5	0.3	0.0480993	0.572821	8.22105	0.323915	0.890308	0.0193124	0.0446812	1	0.0480993	0.572821	8.22105	0.323519	0.758909	0.0178657	0.0380297	1	
0.04	0.5	0.35	0.048116	0.553875	7.92714	0.374442	0.621993	0.0182498	0.031415	1	0.048116	0.553875	7.92714	0.374175	0.525471	0.0169197	0.0265514	1	
0.04	0.5	0.4	0.0481794	0.529191	7.5452	0.42428	0.465256	0.0210823	0.0247165	1	0.0481794	0.529191	7.5452	0.424027	0.369942	0.0187212	0.0193643	1	
0.06	0.1	0.55	0.0781752	0.142855	3.36717	0.572681	0.22334	0.00901791	0.0113137	1	0.0781752	0.142855	3.36717	0.573175	0.180584	0.0083778	0.00920764	1	
0.06	0.1	0.6	0.0782996	0.137395	3.22257	0.62446	0.178372	0.00580758	0.00906758	1	0.0782996	0.137395	3.22257	0.62268	0.131641	0.00522422	0.00698323	1	
0.06	0.1	0.65	0.078358	0.132372	3.10109	0.674907	0.150369	0.00462438	0.00788166	1	0.078358	0.132372	3.10109	0.67418	0.0974935	0.00383446	0.00557971	1	
0.06	0.1	0.7	0.0783638	0.127899	2.99377	0.723929	0.113303	0.00368861	0.00645464	1	0.0783638	0.127899	2.99377	0.725398	0.0767356	0.00307758	0.0045477	1	
0.06	0.1	0.75	0.0783177	0.124492	2.90884	0.796709	0.0783747	0.00205634	0.00510737	1	0.0783177	0.124492	2.90884	0.795171	0.0573671	0.00184693	0.00417868	1	
0.06	0.15	0.4	0.0779318	0.192743	4.55854	0.424665	0.516071	0.016902	0.0258578	1	0.0779318	0.192743	4.55854	0.425046	0.422696	0.0153582	0.0211444	1	
0.06	0.15	0.45	0.0778982	0.183019	4.27364	0.474476	0.379217	0.00833356	0.0189886	1	0.0778982	0.183019	4.27364	0.473839	0.304574	0.00755508	0.0152411	1	
0.06	0.15	0.5	0.0779101	0.175032	4.0727	0.524418	0.288859	0.00593133	0.0144784	1	0.0779101	0.175032	4.0727	0.525132	0.224643	0.00539558	0.0112675	1	
0.06	0.15	0.55	0.0779152	0.173628	4.03116	0.573162	0.223261	0.00499291	0.0112051	1	0.0779152	0.173628	4.03116	0.574704	0.164178	0.00441252	0.00828884	1	
0.06	0.15	0.6	0.0779153	0.173628	4.03115	0.623459	0.172136	0.00444258	0.00872362	1	0.0779153	0.173628	4.03115	0.624066	0.127558	0.00391129	0.0065191	1	
0.06	0.15	0.65	0.0779153	0.173628	4.03115	0.673384	0.135859	0.00403938	0.00700637	1	0.0779153	0.173628	4.03115	0.672423	0.0983699	0.00347866	0.00514892	1	
0.06	0.15	0.7	0.0779153	0.173628	4.03115	0.723432	0.0972431	0.00338725	0.00523249	1	0.0779153	0.173628	4.03115	0.724513	0.0729735	0.0029774	0.00402742	1	
0.06	0.15	0.75	0.0779153	0.173628	4.03115	0.79502	0.0715198	0.00214214	0.00434109	1	0.0779153	0.173628	4.03115	0.794356	0.0448336	0.00169504	0.00303271	1	
0.06	0.2	0.3	0.0770757	0.273824	6.33309	0.324024	0.963217	0.0139509	0.0482171	1	0.0770757	0.273824	6.33309	0.323622	0.828386	0.0129097	0.0414254	1	
0.06	0.2	0.35	0.0774099	0.25379	5.87486	0.374104	0.6804	0.00851284	0.0340496	1	0.0774099	0.25379	5.87486	0.374078	0.55788	0.00774736	0.0278966	1	
0.06	0.2	0.4	0.0775116	0.2447	5.6536	0.423957	0.499732	0.00649415	0.0250048	1	0.0775116	0.2447	5.6536	0.423482	0.40128	0.0058447	0.0200667	1	
0.06	0.2	0.45	0.0775107	0.244645	5.65183	0.473137	0.370646	0.00563806	0.0185441	1	0.0775107	0.244645	5.65183	0.47407	0.289675	0.00494994	0.014492	1	
0.06	0.2	0.5	0.0775107	0.244645	5.65183	0.52391	0.27322	0.00478625	0.0136749	1	0.0775107	0.244645	5.65183	0.523372	0.210954	0.00424013	0.0105688	1	
0.06	0.2	0.55	0.0775107	0.244645	5.65183	0.573913	0.205901	0.00415757	0.0103186	1	0.0775107	0.244645	5.65183	0.573945	0.162024	0.00370859	0.00813273	1	
0.06	0.2	0.6	0.0775107	0.244645	5.65183	0.623686	0.155591	0.00362948	0.0078388	1	0.0775107	0.244645	5.65183	0.622042	0.111479	0.00310171	0.00565369	1	
0.06	0.2	0.65	0.0775107	0.244645	5.65183	0.674621	0.122254	0.00333939	0.00625947	1	0.0775107	0.244645	5.65183	0.67252	0.0849248	0.00277886	0.00439629	1	
0.06	0.2	0.7	0.0775107	0.244645	5.65183	0.724968	0.0925346	0.00290694	0.004841	1	0.0775107	0.244645	5.65183	0.723342	0.0626888	0.00246969	0.00341377	1	
0.06	0.2	0.75	0.0775497	0.242339	5.5912	0.795238	0.0587501	0.00178135	0.00351788	1	0.0775497	0.242339	5.5912	0.794449	0.0419643	0.00152572	0.00270256	1	
0.06	0.3	0.2	0.0751806	0.426909	9.62316	0.224108	2.00892	0.0233774	0.100486	1	0.0751806	0.426909	9.62316	0.224425	1.76506	0.0220795	0.0882632	1	
0.06	0.3	0.25	0.0757196	0.377204	8.52862	0.274244	1.36463	0.0132336	0.0682473	1	0.0757196	0.377204	8.52862	0.273162	1.16933	0.0123234	0.0584711	1	
0.06	0.3	0.3	0.0757687	0.373589	8.43767	0.324026	0.963017	0.0108566	0.0481559	1	0.0757687	0.373589	8.43767	0.324244	0.804055	0.00994118	0.0402106	1	
0.06	0.3	0.35	0.0757687	0.373589	8.43767	0.373941	0.680101	0.00905158	0.0340191	1	0.0757687	0.373589	8.43767	0.374222	0.56128	0.00815735	0.0280859	1	
0.06	0.3	0.4	0.0757687	0.373589	8.43767	0.423534	0.464108	0.00737737	0.0232518	1	0.0757687	0.373589	8.43767	0.423464	0.383398	0.00682532	0.0192123	1	
0.06	0.3	0.45	0.0757803	0.372343	8.40623	0.473705	0.354347	0.00659719	0.0178447	1	0.0757803	0.372343	8.40623	0.474235	0.26805	0.00577832	0.0135063	1	
0.06	0.3	0.5	0.0758718	0.362539	8.18539	0.523563	0.265502	0.0060479	0.013515	1	0.0758718	0.362539	8.18539	0.524969	0.204659	0.00537504	0.0105464	1	
0.06	0.3	0.55	0.0759978	0.350785	7.92813	0.57436	0.192504	0.00563649	0.00989566	1	0.0759978	0.350785	7.92813	0.573618	0.147404	0.00498412	0.00758806	1	
0.06	0.3	0.6	0.0761434	0.339281	7.67532	0.624415	0.146635	0.00557026	0.00787922	1	0.0761434	0.339281	7.67532	0.624697	0.100476	0.00452608	0.00522733	1	
0.06	0.3	0.65	0.0762791	0.328332	7.42812	0.673525	0.114557	0.00582641	0.00619992	1	0.0762791	0.328332	7.42812	0.673935	0.0760029	0.00467178	0.00444025	1	
0.06	0.3	0.7	0.0763917	0.318444	7.18805	0.724245	0.0842129	0.00633048	0.00476613	1	0.0763917	0.318444	7.18805	0.72127	0.052309	0.0049022	0.00338271	1	
0.06	0.3	0.75	0.076665	0.30527	6.65343	0.789637	0.046905	0.0114412	0.00428187	1	0.076665	0.30527	6.65343	0.79391	0.0328169	0.00921753	0.00191316	1	
0.06	0.5	0.2	0.0747609	0.571963	12.7611	0.223515	1.92074	0.0379724	0.0961768	1	0.0747609	0.571963	12.7611	0.22375	1.67712	0.0351418	0.0838998	1	
0.06	0.5	0.25	0.0747609	0.571963	12.7611	0.274494	1.34506	0.0318253	0.0673345	1	0.0747609	0.571963	12.7611	0.275383	1.16069	0.03015	0.0580816	1	
0.06	0.5	0.3	0.0747681	0.571394	12.746	0.3237	0.969266	0.0284868	0.0487113	1	0.0747681	0.571394	12.746	0.324767	0.73592	0.0243477	0.0369079	1	
0.06	0.5	0.35	0.0748939	0.553164	12.3255	0.375277	0.661632	0.0252634	0.0343453	1	0.0748939	0.553164	12.3255	0.372983	0.510687	0.0219136	0.0257863	1	
0.06	0.5	0.4	0.0750088	0.528879	11.7406	0.422971	0.510954	0.030898	0.0268005	1	0.0750088	0.528879	11.7406	0.425325	0.381383	0.0260323	0.0195127	1	
0.1	0.1	0.55	0.118763	0.142851	5.11838	0.576749	0.211398	0.0119406	0.0106187	1	0.118763	0.142851	5.11838	0.573825	0.15808	0.0107983	0.00795078	1	
0.1	0.1	0.6	0.118707	0.13732	4.88632	0.624669	0.169446	0.00780455	0.00854504	1	0.118707	0.13732	4.88632	0.624217	0.110581	0.00633392	0.00560223	1	
0.1	0.1	0.65	0.118664	0.132208	4.69402	0.673527	0.137447	0.00592348	0.00699122	1	0.118664	0.132208	4.69402	0.672025	0.0784565	0.00450713	0.00412305	1	
0.1	0.1	0.7	0.118627	0.127601	4.52462	0.726544	0.103055	0.00456728	0.00532276	1	0.118627	0.127601	4.52462	0.723156	0.0726788	0.00405622	0.00401599	1	
0.1	0.1	0.75	0.118637	0.124106	4.39462	0.797047	0.0770674	0.0027196	0.00448292	1	0.118637	0.124106	4.39462	0.797908	0.0476776	0.00221302	0.00316496	1	
0.1	0.15	0.4	0.11806	0.192636	6.90655	0.424176	0.511412	0.0229116	0.0256408	1	0.11806	0.192636	6.90655	0.423798	0.373123	0.0188073	0.0186624	1	
0.1	0.15	0.45	0.118249	0.182736	6.48184	0.475371	0.363775	0.0109521	0.0182231	1	0.118249	0.182736	6.48184	0.47238	0.28894	0.00977651	0.0144512	1	
0.1	0.15	0.5	0.118371	0.17472	6.1804	0.524878	0.287942	0.00798074	0.0144244	1	0.118371	0.17472	6.1804	0.521842	0.20972	0.00680214	0.0104922	1	
0.1	0.15	0.55	0.11839	0.173346	6.11887	0.573625	0.215509	0.00653607	0.0107995	1	0.11839	0.173346	6.11887	0.574208	0.140682	0.00528124	0.00705997	1	
0.1	0.15	0.6	0.11839	0.173346	6.11883	0.624395	0.159989	0.00556268	0.00804032	1	0.11839	0.173346	6.11883	0.623293	0.105354	0.00452624	0.00531826	1	
0.1	0.15	0.65	0.11839	0.173346	6.11883	0.673067	0.120058	0.00475545	0.00608053	1	0.11839	0.173346	6.11883	0.673531	0.0830805	0.00404571	0.00427588	1	
0.1	0.15	0.7	0.11839	0.173346	6.11883	0.72474	0.0984677	0.00446854	0.0050862	1	0.11839	0.173346	6.11883	0.722892	0.0643655	0.00360854	0.00339922	1	
0.1	0.15	0.75	0.11839	0.173346	6.11883	0.795665	0.0617915	0.00243518	0.0034466	1	0.11839	0.173346	6.11883	0.788832	0.0402725	0.0020268	0.00249549	1	
0.1	0.2	0.3	0.117129	0.273071	9.6041	0.324745	1.00989	0.0221114	0.0505525	1	0.117129	0.273071	9.6041	0.324151	0.786653	0.0195578	0.0393373	1	
0.1	0.2	0.35	0.11727	0.251499	8.8291	0.374072	0.713316	0.0131633	0.0356937	1	0.11727	0.251499	8.8291	0.372772	0.566353	0.0116442	0.0283188	1	
0.1	0.2	0.4	0.11733	0.241575	8.45539	0.423621	0.513628	0.00965655	0.0257062	1	0.11733	0.241575	8.45539	0.423656	0.395878	0.0084907	0.0197962	1	
0.1	0.2	0.45	0.117329	0.241513	8.4524	0.474366	0.363698	0.00807718	0.0182015	1	0.117329	0.241513	8.4524	0.474633	0.284305	0.00726653	0.0142209	1	
0.1	0.2	0.5	0.117329	0.241513	8.4524	0.524086	0.272634	0.0068104	0.0136412	1	0.117329	0.241513	8.4524	0.525396	0.19959	0.00596333	0.00999022	1	
0.1	0.2	0.55	0.117329	0.241513	8.4524	0.573788	0.204276	0.00591255	0.0102383	1	0.117329	0.241513	8.4524	0.573657	0.136079	0.00481547	0.00682441	1	
0.1	0.2	0.6	0.117329	0.241513	8.4524	0.62298	0.147953	0.00498833	0.00743087	1	0.117329	0.241513	8.4524	0.622452	0.110661	0.00445041	0.00558058	1	
0.1	0.2	0.65	0.117329	0.241513	8.4524	0.673657	0.116429	0.00447694	0.00589082	1	0.117329	0.241513	8.4524	0.673997	0.0778445	0.00377138	0.00398481	1	
0.1	0.2	0.7	0.117329	0.241513	8.4524	0.723545	0.0983541	0.00425356	0.00504895	1	0.117329	0.241513	8.4524	0.7257	0.0577646	0.00336775	0.00306214	1	
0.1	0.2	0.75	0.117348	0.23947	8.36914	0.7949	0.0548583	0.00230947	0.00301576	1	0.117348	0.23947	8.36914	0.793221	0.0352203	0.00190216	0.00212049	1	
0.1	0.3	0.2	0.116633	0.426316	14.9186	0.223803	2.04268	0.0443242	0.102171	1	0.116633	0.426316	14.9186	0.223074	1.73773	0.0409374	0.086894	1	
0.1	0.3	0.25	0.116556	0.372133	12.9735	0.274026	1.37839	0.0236621	0.0689386	1	0.116556	0.372133	12.9735	0.273963	1.14168	0.0218312	0.0570877	1	
0.1	0.3	0.3	0.116574	0.368175	12.8119	0.32411	1.01385	0.0201351	0.0506964	1	0.116574	0.368175	12.8119	0.324833	0.774704	0.0172861	0.0387443	1	
0.1	0.3	0.35	0.116574	0.368175	12.8119	0.373941	0.691828	0.0159301	0.0346087	1	0.116574	0.368175	12.8119	0.373362	0.544817	0.0144757	0.0272739	1	
0.1	0.3	0.4	0.116574	0.368175	12.8119	0.423464	0.495403	0.0136477	0.0248261	1	0.116574	0.368175	12.8119	0.42279	0.374597	0.0118377	0.0188058	1	
0.1	0.3	0.45	0.116571	0.367008	12.7642	0.473748	0.36448	0.0118527	0.0185935	1	0.116571	0.367008	12.7642	0.473027	0.264679	0.0103029	0.0134535	1	
0.1	0.3	0.5	0.116576	0.357883	12.4324	0.525541	0.276708	0.0107756	0.0141617	1	0.116576	0.357883	12.4324	0.524185	0.201954	0.00942389	0.01056	1	
0.1	0.3	0.55	0.116549	0.347239	12.0523	0.574422	0.203838	0.0100817	0.0115522	1	0.116549	0.347239	12.0523	0.574385	0.152159	0.00888292	0.00797744	1	
0.1	0.3	0.6	0.116523	0.337054	11.6826	0.623387	0.158015	0.00991199	0.0091505	1	0.116523	0.337054	11.6826	0.624409	0.0946741	0.00765733	0.00513372	1	
0.1	0.3	0.65	0.116591	0.327092	11.3236	0.676145	0.134769	0.0108401	0.00792178	1	0.116591	0.327092	11.3236	0.674974	0.0769245	0.0078213	0.00527472	1	
0.1	0.3	0.7	0.116632	0.317792	10.962	0.728695	0.0949926	0.011745	0.00902213	1	0.116632	0.317792	10.962	0.726118	0.0389707	0.00669914	0.00280951	1	
0.1	0.5	0.2	0.116199	0.565891	19.6283	0.224393	1.97603	0.0738378	0.0988284	1	0.116199	0.565891	19.6283	0.225444	1.75023	0.0689211	0.0875739	1	
0.1	0.5	0.25	0.116199	0.565891	19.6283	0.274223	1.3754	0.0636291	0.0689114	1	0.116199	0.565891	19.6283	0.273396	1.0366	0.0544781	0.0519228	1	
0.1	0.5	0.3	0.116198	0.565465	19.6092	0.32394	0.98223	0.0537173	0.0497042	1	0.116198	0.565465	19.6092	0.324894	0.739345	0.0464505	0.0373011	1	
0.1	0.5	0.35	0.116303	0.550219	19.0543	0.374338	0.74649	0.0552287	0.0384958	1	0.116303	0.550219	19.0543	0.372855	0.497799	0.0408317	0.0292092	1	
0.1	0.5	0.4	0.116514	0.528179	18.2225	0.421299	0.482657	0.0526309	0.0293249	1	0.116514	0.528179	18.2225	0.421518	0.357031	0.0466868	0.0227238	1	
0.14	0.1	0.55	0.158558	0.142762	6.82999	0.575995	0.21125	0.0172239	0.010603	1	0.158558	0.142762	6.82999	0.573734	0.12766	0.0124766	0.00639327	1	
0.14	0.1	0.6	0.158618	0.137097	6.52122	0.624158	0.15866	0.0103459	0.00797022	1	0.158618	0.137097	6.52122	0.623399	0.102327	0.00806978	0.00514443	1	
0.14	0.1	0.65	0.15874	0.131934	6.2679	0.675415	0.119758	0.00761624	0.00604073	1	0.15874	0.131934	6.2679	0.676902	0.0722359	0.00580624	0.00364877	1	
0.14	0.1	0.7	0.158793	0.127366	6.04599	0.725275	0.10712	0.00658086	0.00544923	1	0.158793	0.127366	6.04599	0.724739	0.0647288	0.00519068	0.00337263	1	
0.14	0.1	0.75	0.158845	0.123924	5.87571	0.798488	0.0750321	0.0037102	0.00403074	1	0.158845	0.123924	5.87571	0.791473	0.0414134	0.00273854	0.00242542	1	
0.14	0.15	0.4	0.157844	0.192421	9.23315	0.426793	0.499883	0.0329723	0.0250581	1	0.157844	0.192421	9.23315	0.424314	0.331399	0.0254026	0.016573	1	
0.14	0.15	0.45	0.157786	0.182107	8.63003	0.475537	0.366377	0.0157444	0.0183478	1	0.157786	0.182107	8.63003	0.473583	0.267727	0.0133577	0.0133874	1	
0.14	0.15	0.5	0.157906	0.173627	8.20045	0.524951	0.263138	0.0105573	0.0131897	1	0.157906	0.173627	8.20045	0.523995	0.190244	0.0088756	0.00951411	1	
0.14	0.15	0.55	0.157933	0.172142	8.11016	0.574653	0.221721	0.00940118	0.0111062	1	0.157933	0.172142	8.11016	0.573942	0.133514	0.00703721	0.00668217	1	
0.14	0.15	0.6	0.157932	0.172142	8.11015	0.624242	0.148345	0.00735205	0.00743696	1	0.157932	0.172142	8.11015	0.621456	0.102593	0.00623732	0.00515026	1	
0.14	0.15	0.65	0.157932	0.172142	8.11015	0.67324	0.123245	0.00680154	0.00619264	1	0.157932	0.172142	8.11015	0.672267	0.0782409	0.00533341	0.00398023	1	
0.14	0.15	0.7	0.157932	0.172142	8.11015	0.721929	0.0840923	0.00542611	0.00425844	1	0.157932	0.172142	8.11015	0.721788	0.0587651	0.00469963	0.00306564	1	
0.14	0.15	0.75	0.157932	0.172142	8.11015	0.796784	0.0619695	0.00327965	0.00324393	1	0.157932	0.172142	8.11015	0.796792	0.0341666	0.00239198	0.00193256	1	
0.14	0.2	0.3	0.157341	0.272301	12.8757	0.324016	0.989464	0.0334988	0.0495258	1	0.157341	0.272301	12.8757	0.32593	0.806408	0.0303324	0.0403259	1	
0.14	0.2	0.35	0.157539	0.249852	11.7881	0.3746	0.693281	0.0191036	0.0347015	1	0.157539	0.249852	11.7881	0.372719	0.514555	0.0161212	0.0257281	1	
0.14	0.2	0.4	0.157659	0.239783	11.2776	0.424346	0.4908	0.0138099	0.0245693	1	0.157659	0.239783	11.2776	0.421993	0.383169	0.0122903	0.0191599	1	
0.14	0.2	0.45	0.157662	0.239724	11.2741	0.473652	0.360985	0.0117411	0.0180693	1	0.157662	0.239724	11.2741	0.47116	0.266105	0.0100432	0.0133087	1	
0.14	0.2	0.5	0.157662	0.239724	11.2741	0.524014	0.276723	0.0101346	0.0138471	1	0.157662	0.239724	11.2741	0.523395	0.19321	0.00839498	0.00967127	1	
0.14	0.2	0.55	0.157662	0.239724	11.2741	0.574756	0.208055	0.00867271	0.010408	1	0.157662	0.239724	11.2741	0.572886	0.122896	0.00658312	0.00616076	1	
0.14	0.2	0.6	0.157662	0.239724	11.2741	0.621805	0.161256	0.0076183	0.00808491	1	0.157662	0.239724	11.2741	0.621751	0.0966221	0.00595183	0.0048591	1	
0.14	0.2	0.65	0.157662	0.239724	11.2741	0.674085	0.113275	0.00630305	0.00571556	1	0.157662	0.239724	11.2741	0.67402	0.0689107	0.00492877	0.00350912	1	
0.14	0.2	0.7	0.157662	0.239724	11.2741	0.726038	0.0970935	0.00603845	0.0049332	1	0.157662	0.239724	11.2741	0.723616	0.0511188	0.00440249	0.00267027	1	
0.14	0.2	0.75	0.15767	0.237926	11.1741	0.795688	0.0561188	0.00327591	0.00310875	1	0.15767	0.237926	11.1741	0.78946	0.0304843	0.00247351	0.00179732	1	
0.14	0.3	0.2	0.157495	0.426254	20.1363	0.225222	2.09463	0.0707528	0.10476	1	0.157495	0.426254	20.1363	0.225956	1.69945	0.0637697	0.0849777	1	
0.14	0.3	0.25	0.157385	0.372592	17.54	0.275123	1.45296	0.0388089	0.0726635	1	0.157385	0.372592	17.54	0.273992	1.16617	0.0344955	0.0583114	1	
0.14	0.3	0.3	0.157368	0.368612	17.3174	0.324215	0.969916	0.0302526	0.0485041	1	0.157368	0.368612	17.3174	0.324064	0.745029	0.0263911	0.0372604	1	
0.14	0.3	0.35	0.157368	0.368612	17.3174	0.374108	0.714916	0.0258135	0.0357665	1	0.157368	0.368612	17.3174	0.372212	0.541157	0.0226955	0.0270968	1	
0.14	0.3	0.4	0.157368	0.368612	17.3174	0.426028	0.511328	0.0219608	0.0256551	1	0.157368	0.368612	17.3174	0.42448	0.377073	0.0189843	0.0190086	1	
0.14	0.3	0.45	0.157364	0.367405	17.2503	0.475233	0.402633	0.0202093	0.0206032	1	0.157364	0.367405	17.2503	0.473306	0.298417	0.0175286	0.0151607	1	
0.14	0.3	0.5	0.157363	0.358443	16.8125	0.522129	0.295301	0.018199	0.0157442	1	0.157363	0.358443	16.8125	0.519321	0.207041	0.0150951	0.0109356	1	
0.14	0.3	0.55	0.157297	0.347503	16.2809	0.571492	0.218557	0.016727	0.0121332	1	0.157297	0.347503	16.2809	0.574835	0.13576	0.0127284	0.00750017	1	
0.14	0.3	0.6	0.157273	0.337081	15.7735	0.621987	0.189537	0.0172594	0.0119873	1	0.157273	0.337081	15.7735	0.621848	0.0839359	0.0109847	0.00516665	1	
0.14	0.3	0.65	0.157292	0.326853	15.2731	0.675013	0.0869977	0.012969	0.00678329	1	0.157292	0.326853	15.2731	0.678024	0.0686195	0.0121062	0.00442248	1	
0.14	0.3	0.7	0.157325	0.317743	14.7955	0.725227	0.1161	0.020507	0.00929772	1	0.157325	0.317743	14.7955	0.722147	0.0465549	0.0120541	0.00337592	1	
0.18	0.15	0.4	0.238827	0.192408	13.9653	0.422864	0.46475	0.0331757	0.0232964	1	0.238827	0.192408	13.9653	0.427143	0.368212	0.0293576	0.0184139	1	
0.18	0.15	0.45	0.240307	0.181831	13.1235	0.474979	0.371959	0.0168776	0.0186272	1	0.240307	0.181831	13.1235	0.477303	0.274531	0.0146349	0.013727	1	
0.18	0.15	0.5	0.241416	0.173052	12.4937	0.52699	0.297502	0.0122163	0.0149121	1	0.241416	0.173052	12.4937	0.522272	0.201498	0.0101079	0.0100754	1	
0.18	0.15	0.55	0.241632	0.171562	12.3627	0.574276	0.219345	0.0101409	0.0109849	1	0.241632	0.171562	12.3627	0.572059	0.138398	0.00788715	0.00692038	1	
0.18	0.15	0.6	0.241632	0.171561	12.3627	0.624123	0.174554	0.00893687	0.00873695	1	0.241632	0.171561	12.3627	0.620901	0.101759	0.00679077	0.00508889	1	
0.18	0.15	0.65	0.241632	0.171561	12.3627	0.672544	0.11886	0.00720806	0.00594942	1	0.241632	0.171561	12.3627	0.676386	0.0757421	0.00579052	0.00379283	1	
0.18	0.15	0.7	0.241632	0.171561	12.3627	0.72515	0.0855028	0.00606051	0.00427884	1	0.241632	0.171561	12.3627	0.724521	0.0485543	0.00460874	0.00242997	1	
0.18	0.15	0.75	0.241632	0.171561	12.3627	0.794777	0.0538121	0.00337033	0.0026928	1	0.241632	0.171561	12.3627	0.795518	0.0282466	0.00233971	0.00141531	1	
0.18	0.2	0.3	0.241267	0.272141	19.7322	0.323912	0.984802	0.0360041	0.0492912	1	0.241267	0.272141	19.7322	0.324574	0.744688	0.0317789	0.0372391	1	
0.18	0.2	0.35	0.240347	0.249154	17.9541	0.3743	0.648492	0.0195679	0.032459	1	0.240347	0.249154	17.9541	0.373631	0.514676	0.0173614	0.0257341	1	
0.18	0.2	0.4	0.239969	0.238372	17.0836	0.423654	0.49366	0.0149467	0.0247123	1	0.239969	0.238372	17.0836	0.423639	0.350896	0.0124989	0.0175461	1	
0.18	0.2	0.45	0.239959	0.238309	17.0768	0.472992	0.349722	0.0124697	0.0175054	1	0.239959	0.238309	17.0768	0.47185	0.255559	0.0105842	0.0127809	1	
0.18	0.2	0.5	0.239959	0.238309	17.0768	0.524789	0.290088	0.0113403	0.0145154	1	0.239959	0.238309	17.0768	0.523139	0.185204	0.00898083	0.00926921	1	
0.18	0.2	0.55	0.239959	0.238309	17.0768	0.575015	0.20444	0.0092311	0.0102262	1	0.239959	0.238309	17.0768	0.57336	0.133056	0.00746379	0.00666553	1	
0.18	0.2	0.6	0.239959	0.238309	17.0768	0.624785	0.148116	0.00771644	0.00742018	1	0.239959	0.238309	17.0768	0.625234	0.105308	0.00669852	0.00528221	1	
0.18	0.2	0.65	0.239959	0.238309	17.0768	0.673422	0.135011	0.00752369	0.00679739	1	0.239959	0.238309	17.0768	0.672832	0.064487	0.00501489	0.00325844	1	
0.18	0.2	0.7	0.239959	0.238309	17.0768	0.722594	0.0852348	0.00586525	0.00430583	1	0.239959	0.238309	17.0768	0.718853	0.0484324	0.00445235	0.00247997	1	
0.18	0.2	0.75	0.239921	0.236583	16.9277	0.793123	0.0587339	0.00356679	0.00316861	1	0.239921	0.236583	16.9277	0.788813	0.0252335	0.00228394	0.00136602	1	
0.18	0.3	0.2	0.228377	0.420668	28.824	0.224923	2.12343	0.0770741	0.106198	1	0.228377	0.420668	28.824	0.225473	1.73898	0.0702199	0.0869534	1	
0.18	0.3	0.25	0.235048	0.366706	25.7041	0.274904	1.39265	0.0384706	0.0696467	1	0.235048	0.366706	25.7041	0.274955	1.09534	0.0338806	0.0547692	1	
0.18	0.3	0.3	0.235338	0.362924	25.4148	0.323883	1.02712	0.0324555	0.0513646	1	0.235338	0.362924	25.4148	0.32473	0.732238	0.0266232	0.0366206	1	
0.18	0.3	0.35	0.235338	0.362924	25.4148	0.373448	0.755845	0.0271915	0.0378138	1	0.235338	0.362924	25.4148	0.372162	0.505877	0.0220939	0.0253303	1	
0.18	0.3	0.4	0.235338	0.362924	25.4148	0.424126	0.517186	0.0223151	0.0259488	1	0.235338	0.362924	25.4148	0.423754	0.357368	0.0185885	0.0180152	1	
0.18	0.3	0.45	0.235429	0.362083	25.3586	0.473038	0.364644	0.0188971	0.0186592	1	0.235429	0.362083	25.3586	0.473351	0.264353	0.0160068	0.0134301	1	
0.18	0.3	0.5	0.236307	0.355776	25.0082	0.523192	0.27504	0.0170139	0.0146638	1	0.236307	0.355776	25.0082	0.519275	0.196144	0.0143358	0.0103595	1	
0.18	0.3	0.55	0.237457	0.346715	24.4888	0.574925	0.221086	0.0163441	0.0122724	1	0.237457	0.346715	24.4888	0.581713	0.137279	0.0127562	0.00758274	1	
0.18	0.3	0.6	0.238676	0.336927	23.9095	0.623687	0.193089	0.0172099	0.0122076	1	0.238676	0.336927	23.9095	0.624965	0.11317	0.0132664	0.00696086	1	
0.18	0.3	0.65	0.239491	0.327168	23.2618	0.675874	0.133821	0.0166794	0.0104275	1	0.239491	0.327168	23.2618	0.669533	0.0705294	0.011428	0.0045358	1	
0.18	0.3	0.7	0.240285	0.317914	22.5902	0.725604	0.137595	0.0223724	0.0109699	1	0.240285	0.317914	22.5902	0.717019	0.0658131	0.0144456	0.00473802	1	
