0.004 0.1 0.2 0 0 0 0 0 0 0 0 0 0 0 0 0 0 0 0 0 0 0 0
0.004 0.1 0.25 0 0 0 0 0 0 0 0 0 0 0 0 0 0 0 0 0 0 0 0
0.004 0.1 0.3 0 0 0 0 0 0 0 0 0 0 0 0 0 0 0 0 0 0 0 0
0.004 0.1 0.35 0 0 0 0 0 0 0 0 0 0 0 0 0 0 0 0 0 0 0 0
0.004 0.1 0.4 0 0 0 0 0 0 0 0 0 0 0 0 0 0 0 0 0 0 0 0
0.004 0.1 0.45 0 0 0 0 0 0 0 0 0 0 0 0 0 0 0 0 0 0 0 0
0.004 0.1 0.5 0 0 0 0 0 0 0 0 0 0 0 0 0 0 0 0 0 0 0 0
0.004 0.1 0.55 0 0 0 0 0 0 0 0 0 0 0 0 0 0 0 0 0 0 0 0
0.004 0.1 0.6 0 0 0 0 0 0 0 0 0 0 0 0 0 0 0 0 0 0 0 0
0.004 0.1 0.65 0 0 0 0 0 0 0 0 0 0 0 0 0 0 0 0 0 0 0 0
0.004 0.1 0.7 0 0 0 0 0 0 0 0 0 0 0 0 0 0 0 0 0 0 0 0
0.004 0.1 0.75 0 0 0 0 0 0 0 0 0 0 0 0 0 0 0 0 0 0 0 0
0.004 0.15 0.2 0 0 0 0 0 0 0 0 0 0 0 0 0 0 0 0 0 0 0 0
0.004 0.15 0.25 0 0 0 0 0 0 0 0 0 0 0 0 0 0 0 0 0 0 0 0
0.004 0.15 0.3 0 0 0 0 0 0 0 0 0 0 0 0 0 0 0 0 0 0 0 0
0.004 0.15 0.35 0 0 0 0 0 0 0 0 0 0 0 0 0 0 0 0 0 0 0 0
0.004 0.15 0.4 0 0 0 0 0 0 0 0 0 0 0 0 0 0 0 0 0 0 0 0
0.004 0.15 0.45 0 0 0 0 0 0 0 0 0 0 0 0 0 0 0 0 0 0 0 0
0.004 0.15 0.5 0 0 0 0 0 0 0 0 0 0 0 0 0 0 0 0 0 0 0 0
0.004 0.15 0.55 0 0 0 0 0 0 0 0 0 0 0 0 0 0 0 0 0 0 0 0
0.004 0.15 0.6 0 0 0 0 0 0 0 0 0 0 0 0 0 0 0 0 0 0 0 0
0.004 0.15 0.65 0 0 0 0 0 0 0 0 0 0 0 0 0 0 0 0 0 0 0 0
0.004 0.15 0.7 0 0 0 0 0 0 0 0 0 0 0 0 0 0 0 0 0 0 0 0
0.004 0.15 0.75 0 0 0 0 0 0 0 0 0 0 0 0 0 0 0 0 0 0 0 0
0.004 0.2 0.2 0 0 0 0 0 0 0 0 0 0 0 0 0 0 0 0 0 0 0 0
0.004 0.2 0.25 0 0 0 0 0 0 0 0 0 0 0 0 0 0 0 0 0 0 0 0
0.004 0.2 0.3 0 0 0 0 0 0 0 0 0 0 0 0 0 0 0 0 0 0 0 0
0.004 0.2 0.35 0 0 0 0 0 0 0 0 0 0 0 0 0 0 0 0 0 0 0 0
0.004 0.2 0.4 0 0 0 0 0 0 0 0 0 0 0 0 0 0 0 0 0 0 0 0
0.004 0.2 0.45 0 0 0 0 0 0 0 0 0 0 0 0 0 0 0 0 0 0 0 0
0.004 0.2 0.5 0 0 0 0 0 0 0 0 0 0 0 0 0 0 0 0 0 0 0 0
0.004 0.2 0.55 0 0 0 0 0 0 0 0 0 0 0 0 0 0 0 0 0 0 0 0
0.004 0.2 0.6 0 0 0 0 0 0 0 0 0 0 0 0 0 0 0 0 0 0 0 0
0.004 0.2 0.65 0 0 0 0 0 0 0 0 0 0 0 0 0 0 0 0 0 0 0 0
0.004 0.2 0.7 0 0 0 0 0 0 0 0 0 0 0 0 0 0 0 0 0 0 0 0
0.004 0.2 0.75 0 0 0 0 0 0 0 0 0 0 0 0 0 0 0 0 0 0 0 0
0.004 0.3 0.2 0.00865779 0.444772 1.14696 0.222564 0.40935 0.00768694 5.34945e-05 2947 228188 1 0.00865779 0.444772 1.14696 0.222564 0.307411 0.00663421 4.40271e-05 2235 228188 1
0.004 0.3 0.25 0.00886351 0.434915 1.15 0.272196 0.303288 0.00630383 4.60548e-05 2427 254454 1 0.00886351 0.434915 1.15 0.272196 0.234967 0.00556772 3.98948e-05 1868 254454 1
0.004 0.3 0.3 0.00879821 0.433061 1.13401 0.323613 0.251482 0.00593942 4.7223e-05 1885 254454 1 0.00879821 0.433061 1.13401 0.323613 0.179537 0.00494239 3.69344e-05 1388 254454 1
0.004 0.3 0.35 0.00884235 0.433655 1.14349 0.372782 0.170322 0.00468993 3.76497e-05 1393 254454 1 0.00884235 0.433655 1.14349 0.372782 0.117307 0.00379417 2.86167e-05 1006 254454 1
0.004 0.3 0.4 0.00878773 0.433586 1.13853 0.423942 0.148738 0.00442703 3.9189e-05 1195 254454 1 0.00878773 0.433586 1.13853 0.423942 0.100284 0.00352247 3.02671e-05 861 254454 1
0.004 0.3 0.45 0.00860856 0.437126 1.11885 0.473061 0.121965 0.00399274 3.88948e-05 1001 243074 1 0.00860856 0.437126 1.11885 0.473061 0.0852274 0.00328631 3.08233e-05 719 243074 1
0.004 0.3 0.5 0.0090574 0.411273 1.10196 0.522925 0.0983351 0.00425872 4.31619e-05 575 162920 1 0.0090574 0.411273 1.10196 0.522925 0.0658007 0.00346742 3.40507e-05 388 162920 1
0.004 0.3 0.55 0.00951616 0.387331 1.09474 0.573995 0.0817572 0.00520227 5.84302e-05 268 88240 1 0.00951616 0.387331 1.09474 0.573995 0.0562353 0.00439325 4.93221e-05 178 88240 1
0.004 0.3 0.6 0.00947603 0.37636 1.04668 0.621645 0.0595565 0.00624332 7.22346e-05 100 37815 1 0.00947603 0.37636 1.04668 0.621645 0.039771 0.0055277 6.12152e-05 56 37815 1
0.004 0.3 0.65 0.00975427 0.353693 1.03293 0.677727 0.0698356 0.0177785 0.000260964 17 9051 1 0.00975427 0.353693 1.03293 0.677727 0.0571857 0.0138568 0.000200774 19 9051 1
0.004 0.3 0.7 0 0 0 0 0 0 0 0 2 0 0 0 0 0 0 0 0 0 2 0
0.004 0.3 0.75 0 0 0 0 0 0 0 0 0 0 0 0 0 0 0 0 0 0 0 0
0.004 0.5 0.2 0.00748821 0.597083 1.32209 0.223033 0.38401 0.00531479 3.53116e-05 5423 481498 1 0.00748821 0.597083 1.32209 0.223033 0.320033 0.00485399 3.20229e-05 4516 481498 1
0.004 0.5 0.25 0.00753034 0.596267 1.32772 0.273333 0.307739 0.00488807 3.50073e-05 4131 481498 1 0.00753034 0.596267 1.32772 0.273333 0.240945 0.00433443 2.98213e-05 3224 481498 1
0.004 0.5 0.3 0.007453 0.595687 1.31398 0.324676 0.246239 0.004449 3.45208e-05 3212 475693 1 0.007453 0.595687 1.31398 0.324676 0.195538 0.00398258 2.98855e-05 2528 475693 1
0.004 0.5 0.35 0.00768659 0.567394 1.28967 0.373058 0.20045 0.00487139 4.18171e-05 1785 313967 1 0.00768659 0.567394 1.28967 0.373058 0.162115 0.0043796 3.7241e-05 1448 313967 1
0.004 0.5 0.4 0.00803672 0.52973 1.25701 0.42667 0.183507 0.00697492 6.66435e-05 735 142834 1 0.00803672 0.52973 1.25701 0.42667 0.139045 0.00590402 5.45751e-05 593 142834 1
0.004 0.5 0.45 0.00779208 0.511821 1.15232 0.471794 0 0 0 82 20768 0 0.00779208 0.511821 1.15232 0.471794 0 0 0 43 20768 0
0.004 0.5 0.5 0 0 0 0 0 0 0 0 5 0 0 0 0 0 0 0 0 0 5 0
0.004 0.5 0.55 0 0 0 0 0 0 0 0 0 0 0 0 0 0 0 0 0 0 0 0
0.004 0.5 0.6 0 0 0 0 0 0 0 0 0 0 0 0 0 0 0 0 0 0 0 0
0.004 0.5 0.65 0 0 0 0 0 0 0 0 0 0 0 0 0 0 0 0 0 0 0 0
0.004 0.5 0.7 0 0 0 0 0 0 0 0 0 0 0 0 0 0 0 0 0 0 0 0
0.004 0.5 0.75 0 0 0 0 0 0 0 0 0 0 0 0 0 0 0 0 0 0 0 0
0.01 0.1 0.2 0 0 0 0 0 0 0 0 0 0 0 0 0 0 0 0 0 0 0 0
0.01 0.1 0.25 0 0 0 0 0 0 0 0 0 0 0 0 0 0 0 0 0 0 0 0
0.01 0.1 0.3 0 0 0 0 0 0 0 0 0 0 0 0 0 0 0 0 0 0 0 0
0.01 0.1 0.35 0 0 0 0 0 0 0 0 0 0 0 0 0 0 0 0 0 0 0 0
0.01 0.1 0.4 0 0 0 0 0 0 0 0 0 0 0 0 0 0 0 0 0 0 0 0
0.01 0.1 0.45 0 0 0 0 0 0 0 0 0 0 0 0 0 0 0 0 0 0 0 0
0.01 0.1 0.5 0 0 0 0 0 0 0 0 0 0 0 0 0 0 0 0 0 0 0 0
0.01 0.1 0.55 0 0 0 0 0 0 0 0 0 0 0 0 0 0 0 0 0 0 0 0
0.01 0.1 0.6 0 0 0 0 0 0 0 0 0 0 0 0 0 0 0 0 0 0 0 0
0.01 0.1 0.65 0 0 0 0 0 0 0 0 0 0 0 0 0 0 0 0 0 0 0 0
0.01 0.1 0.7 0 0 0 0 0 0 0 0 0 0 0 0 0 0 0 0 0 0 0 0
0.01 0.1 0.75 0 0 0 0 0 0 0 0 0 0 0 0 0 0 0 0 0 0 0 0
0.01 0.15 0.2 0 0 0 0 0 0 0 0 0 0 0 0 0 0 0 0 0 0 0 0
0.01 0.15 0.25 0 0 0 0 0 0 0 0 0 0 0 0 0 0 0 0 0 0 0 0
0.01 0.15 0.3 0 0 0 0 0 0 0 0 0 0 0 0 0 0 0 0 0 0 0 0
0.01 0.15 0.35 0 0 0 0 0 0 0 0 28 0 0 0 0 0 0 0 0 0 28 0
0.01 0.15 0.4 0.0182938 0.191988 1.0643 0.422332 0.124346 0.00968642 8.85244e-05 178 33589 1 0.0182938 0.191988 1.0643 0.422332 0.083844 0.00823793 6.84268e-05 111 33589 1
0.01 0.15 0.45 0.0188302 0.18564 1.06133 0.473672 0.12383 0.00750099 7.34602e-05 295 62172 1 0.0188302 0.18564 1.06133 0.473672 0.0757222 0.00577278 5.19934e-05 183 62172 1
0.01 0.15 0.5 0.0188242 0.188549 1.07564 0.52716 0.0897383 0.00624537 5.68575e-05 222 62176 1 0.0188242 0.188549 1.07564 0.52716 0.0657716 0.00553752 4.61002e-05 150 62176 1
0.01 0.15 0.55 0.0191208 0.187442 1.08091 0.572674 0.0730366 0.00554048 5.58518e-05 186 62176 1 0.0191208 0.187442 1.08091 0.572674 0.0349702 0.0035173 3.10895e-05 105 62176 1
0.01 0.15 0.6 0.01875 0.187866 1.05959 0.628345 0.0568528 0.00484697 4.51668e-05 149 62176 1 0.01875 0.187866 1.05959 0.628345 0.0305738 0.0035168 3.28564e-05 80 62176 1
0.01 0.15 0.65 0.0189574 0.185483 1.03466 0.67049 0.0596684 0.00566693 5.92613e-05 120 62176 1 0.0189574 0.185483 1.03466 0.67049 0.0251186 0.00342122 3.15496e-05 57 62176 1
0.01 0.15 0.7 0.0189203 0.182689 1.04574 0.726998 0.0305941 0.00383958 3.33771e-05 68 62176 1 0.0189203 0.182689 1.04574 0.726998 0.0173849 0.00290328 2.46934e-05 39 62176 1
0.01 0.15 0.75 0.0189077 0.187711 1.06775 0.806939 0.0289238 0.00267243 3.22837e-05 128 62176 1 0.0189077 0.187711 1.06775 0.806939 0.0089778 0.00141976 1.12763e-05 43 62176 1
0.01 0.2 0.2 0 0 0 0 0 0 0 0 0 0 0 0 0 0 0 0 0 0 0 0
0.01 0.2 0.25 0.0153566 0.293883 1.40636 0.273554 0 0 0 162 18075 0 0.0153566 0.293883 1.40636 0.273554 0 0 0 136 18075 0
0.01 0.2 0.3 0.0156121 0.275422 1.28595 0.323501 0.242124 0.00502339 3.88478e-05 2454 298098 1 0.0156121 0.275422 1.28595 0.323501 0.173556 0.00430747 3.23972e-05 1716 298098 1
0.01 0.2 0.35 0.0161207 0.259257 1.24237 0.374449 0.181371 0.0032734 2.60809e-05 3254 489241 1 0.0161207 0.259257 1.24237 0.374449 0.122371 0.00271325 2.09216e-05 2158 489241 1
0.01 0.2 0.4 0.0164845 0.25234 1.2346 0.424543 0.142548 0.00267914 2.26621e-05 3022 553636 1 0.0164845 0.25234 1.2346 0.424543 0.0896269 0.0020898 1.67535e-05 1957 553636 1
0.01 0.2 0.45 0.0162802 0.255674 1.23225 0.473263 0.107839 0.00228521 2.02235e-05 2386 553863 1 0.0162802 0.255674 1.23225 0.473263 0.0666427 0.00178298 1.52315e-05 1496 553863 1
0.01 0.2 0.5 0.0163937 0.252109 1.2239 0.523157 0.0898098 0.00214594 1.95819e-05 1881 553863 1 0.0163937 0.252109 1.2239 0.523157 0.0492943 0.00150489 1.30494e-05 1151 553863 1
0.01 0.2 0.55 0.0158257 0.259972 1.21776 0.574299 0.0682529 0.00177778 1.69214e-05 1590 553863 1 0.0158257 0.259972 1.21776 0.574299 0.038021 0.00130075 1.1443e-05 916 553863 1
0.01 0.2 0.6 0.0168002 0.249183 1.24478 0.623248 0.0548664 0.001665 1.59212e-05 1169 553863 1 0.0168002 0.249183 1.24478 0.623248 0.027441 0.00113794 1.01175e-05 625 553863 1
0.01 0.2 0.65 0.016259 0.24908 1.20495 0.672982 0.0477332 0.00166702 1.58486e-05 885 553863 1 0.016259 0.24908 1.20495 0.672982 0.0271762 0.00130359 1.16107e-05 463 553863 1
0.01 0.2 0.7 0.0161751 0.250046 1.19855 0.725384 0.0412612 0.00154158 1.55891e-05 776 553861 1 0.0161751 0.250046 1.19855 0.725384 0.0202107 0.00106284 9.5926e-06 390 553861 1
0.01 0.2 0.75 0.0161128 0.251663 1.20134 0.790712 0.0323437 0.000995263 1.10872e-05 1154 515983 1 0.0161128 0.251663 1.20134 0.790712 0.0189907 0.000752736 8.51141e-06 698 515983 1
0.01 0.3 0.2 0.0142331 0.430657 1.83119 0.223505 0.408365 0.00527125 3.57863e-05 6256 459399 1 0.0142331 0.430657 1.83119 0.223505 0.324024 0.0047522 3.14066e-05 4848 459399 1
0.01 0.3 0.25 0.0140931 0.385259 1.61243 0.273447 0.313235 0.00329588 2.37781e-05 9476 903207 1 0.0140931 0.385259 1.61243 0.273447 0.23579 0.00288519 2.00087e-05 7018 903207 1
0.01 0.3 0.3 0.0142125 0.380698 1.60909 0.323572 0.24823 0.0029158 2.19376e-05 7630 940495 1 0.0142125 0.380698 1.60909 0.323572 0.174314 0.00242605 1.75533e-05 5433 940495 1
0.01 0.3 0.35 0.0140825 0.382044 1.60058 0.374624 0.187425 0.00250508 1.98778e-05 5922 940495 1 0.0140825 0.382044 1.60058 0.374624 0.132602 0.00210164 1.59712e-05 4200 940495 1
0.01 0.3 0.4 0.0141852 0.380315 1.59684 0.422965 0.13997 0.00213021 1.71016e-05 4575 940494 1 0.0141852 0.380315 1.59684 0.422965 0.097842 0.00176092 1.39294e-05 3277 940494 1
0.01 0.3 0.45 0.0142297 0.377111 1.5879 0.473886 0.121874 0.00202507 1.79909e-05 3870 927534 1 0.0142297 0.377111 1.5879 0.473886 0.0788285 0.00160869 1.32157e-05 2550 927534 1
0.01 0.3 0.5 0.0138638 0.365536 1.49589 0.523928 0.101015 0.00194994 1.8756e-05 2879 813440 1 0.0138638 0.365536 1.49589 0.523928 0.0618347 0.00148092 1.32115e-05 1868 813440 1
0.01 0.3 0.55 0.0143309 0.356727 1.50207 0.57608 0.0804766 0.00187521 1.90868e-05 1985 671601 1 0.0143309 0.356727 1.50207 0.57608 0.0511409 0.00145089 1.38783e-05 1339 671601 1
0.01 0.3 0.6 0.0140189 0.337 1.39255 0.624455 0.0717075 0.00204979 2.1601e-05 1327 527854 1 0.0140189 0.337 1.39255 0.624455 0.0420712 0.00150635 1.56887e-05 846 527854 1
0.01 0.3 0.65 0.0142148 0.331284 1.38843 0.67544 0.061585 0.00233223 2.66372e-05 768 382526 1 0.0142148 0.331284 1.38843 0.67544 0.0388443 0.00181418 1.96915e-05 498 382526 1
0.01 0.3 0.7 0.0138113 0.320345 1.30498 0.72877 0.0612566 0.00306801 3.84661e-05 442 237143 1 0.0138113 0.320345 1.30498 0.72877 0.0331364 0.00214995 2.5786e-05 263 237143 1
0.01 0.3 0.75 0.0150922 0.309972 1.31925 0.826658 0.0516843 0.00728117 0.000114314 58 17195 1 0.0150922 0.309972 1.31925 0.826658 0.0251002 0.004784 7.77577e-05 32 17195 1
0.01 0.5 0.2 0.0138632 0.581425 2.38777 0.222244 0.418621 0.00607077 4.00635e-05 4957 381488 1 0.0138632 0.581425 2.38777 0.222244 0.329083 0.00540237 3.37456e-05 3870 381488 1
0.01 0.5 0.25 0.0139239 0.583199 2.41104 0.272832 0.331798 0.0055817 3.91599e-05 3706 381488 1 0.0139239 0.583199 2.41104 0.272832 0.253645 0.00487223 3.30896e-05 2845 381488 1
0.01 0.5 0.3 0.0141827 0.575597 2.426 0.325142 0.26156 0.00497361 3.75702e-05 2907 378681 1 0.0141827 0.575597 2.426 0.325142 0.191337 0.00424021 3.01224e-05 2143 378681 1
0.01 0.5 0.35 0.0139311 0.555763 2.29157 0.371098 0.210745 0.00513878 4.08467e-05 1779 284093 1 0.0139311 0.555763 2.29157 0.371098 0.148582 0.00430648 3.24388e-05 1258 284093 1
0.01 0.5 0.4 0.0137213 0.528487 2.13556 0.425916 0.168827 0.0061781 5.44599e-05 795 152034 1 0.0137213 0.528487 2.13556 0.425916 0.132703 0.00548091 4.79449e-05 624 152034 1
0.01 0.5 0.45 0.0136872 0.507138 2.00562 0.47667 0 0 0 125 26984 0 0.0136872 0.507138 2.00562 0.47667 0 0 0 91 26984 0
0.01 0.5 0.5 0 0 0 0 0 0 0 0 12 0 0 0 0 0 0 0 0 0 12 0
0.01 0.5 0.55 0 0 0 0 0 0 0 0 0 0 0 0 0 0 0 0 0 0 0 0
0.01 0.5 0.6 0 0 0 0 0 0 0 0 0 0 0 0 0 0 0 0 0 0 0 0
0.01 0.5 0.65 0 0 0 0 0 0 0 0 0 0 0 0 0 0 0 0 0 0 0 0
0.01 0.5 0.7 0 0 0 0 0 0 0 0 0 0 0 0 0 0 0 0 0 0 0 0
0.01 0.5 0.75 0 0 0 0 0 0 0 0 0 0 0 0 0 0 0 0 0 0 0 0
0.02 0.1 0.2 0 0 0 0 0 0 0 0 0 0 0 0 0 0 0 0 0 0 0 0
0.02 0.1 0.25 0 0 0 0 0 0 0 0 0 0 0 0 0 0 0 0 0 0 0 0
0.02 0.1 0.3 0 0 0 0 0 0 0 0 0 0 0 0 0 0 0 0 0 0 0 0
0.02 0.1 0.35 0 0 0 0 0 0 0 0 0 0 0 0 0 0 0 0 0 0 0 0
0.02 0.1 0.4 0 0 0 0 0 0 0 0 0 0 0 0 0 0 0 0 0 0 0 0
0.02 0.1 0.45 0 0 0 0 0 0 0 0 1 0 0 0 0 0 0 0 0 0 1 0
0.02 0.1 0.5 0.025269 0.147868 1.16424 0.524653 0 0 0 40 10699 0 0.025269 0.147868 1.16424 0.524653 0 0 0 27 10699 0
0.02 0.1 0.55 0.0261992 0.143088 1.13517 0.576475 0.0669539 0.00452948 4.03172e-05 235 83567 1 0.0261992 0.143088 1.13517 0.576475 0.028735 0.00283416 2.21797e-05 110 83567 1
0.02 0.1 0.6 0.0273398 0.138465 1.1364 0.622282 0.0549613 0.00318731 2.70907e-05 318 140119 1 0.0273398 0.138465 1.1364 0.622282 0.0233637 0.00205681 1.57623e-05 137 140119 1
0.02 0.1 0.65 0.026909 0.137744 1.1048 0.675105 0.0483793 0.00300975 2.53535e-05 279 165125 1 0.026909 0.137744 1.1048 0.675105 0.0213695 0.00199162 1.61116e-05 123 165125 1
0.02 0.1 0.7 0.0273546 0.137193 1.11666 0.723662 0.0413988 0.00270322 2.31483e-05 251 168141 1 0.0273546 0.137193 1.11666 0.723662 0.0161242 0.00176009 1.26317e-05 89 168141 1
0.02 0.1 0.75 0.0270004 0.13561 1.08936 0.800116 0.0283185 0.00157699 1.29503e-05 346 168141 1 0.0270004 0.13561 1.08936 0.800116 0.00812274 0.000824979 5.56839e-06 103 168141 1
0.02 0.15 0.2 0 0 0 0 0 0 0 0 0 0 0 0 0 0 0 0 0 0 0 0
0.02 0.15 0.25 0 0 0 0 0 0 0 0 0 0 0 0 0 0 0 0 0 0 0 0
0.02 0.15 0.3 0 0 0 0 0 0 0 0 0 0 0 0 0 0 0 0 0 0 0 0
0.02 0.15 0.35 0 0 0 0 0 0 0 0 27 0 0 0 0 0 0 0 0 0 27 0
0.02 0.15 0.4 0.0246667 0.193063 1.43905 0.424053 0.150494 0.00760505 6.87593e-05 418 74919 1 0.0246667 0.193063 1.43905 0.424053 0.0942653 0.0062019 5.44536e-05 247 74919 1
0.02 0.15 0.45 0.0247129 0.183143 1.35079 0.472677 0.109825 0.00346781 3.07112e-05 1073 247837 1 0.0247129 0.183143 1.35079 0.472677 0.0713087 0.00285205 2.52605e-05 669 247837 1
0.02 0.15 0.5 0.0245606 0.176647 1.29094 0.523045 0.091096 0.00257944 2.29881e-05 1334 379800 1 0.0245606 0.176647 1.29094 0.523045 0.0492204 0.00180552 1.56796e-05 798 379800 1
0.02 0.15 0.55 0.0244491 0.173484 1.26068 0.573267 0.0731761 0.00219193 1.99091e-05 1195 401400 1 0.0244491 0.173484 1.26068 0.573267 0.0365474 0.00150727 1.26498e-05 627 401400 1
0.02 0.15 0.6 0.0245777 0.175239 1.27405 0.623518 0.0602365 0.00203004 1.81047e-05 948 401407 1 0.0245777 0.175239 1.27405 0.623518 0.0296659 0.00140219 1.23878e-05 480 401407 1
0.02 0.15 0.65 0.0250483 0.174464 1.2977 0.675854 0.0495388 0.00190191 1.69539e-05 728 401407 1 0.0250483 0.174464 1.2977 0.675854 0.0205606 0.00119275 9.51633e-06 318 401407 1
0.02 0.15 0.7 0.0248754 0.172806 1.277 0.722654 0.0417757 0.00182347 1.63177e-05 565 401407 1 0.0248754 0.172806 1.277 0.722654 0.0148646 0.00104528 8.28541e-06 216 401407 1
0.02 0.15 0.75 0.0244582 0.171305 1.24313 0.796785 0.0302646 0.0010613 9.93316e-06 879 401407 1 0.0244582 0.171305 1.24313 0.796785 0.00956774 0.000602066 4.66871e-06 270 401407 1
0.02 0.2 0.2 0 0 0 0 0 0 0 0 0 0 0 0 0 0 0 0 0 0 0 0
0.02 0.2 0.25 0.0244373 0.295069 2.23225 0.278246 0 0 0 100 8170 0 0.0244373 0.295069 2.23225 0.278246 0 0 0 63 8170 0
0.02 0.2 0.3 0.0243048 0.27357 1.99469 0.323386 0.243271 0.00647256 4.98538e-05 1491 172952 1 0.0243048 0.27357 1.99469 0.323386 0.173826 0.00553783 4.00726e-05 1041 172952 1
0.02 0.2 0.35 0.0243562 0.253815 1.84305 0.373102 0.204055 0.00414696 3.43122e-05 2574 355757 1 0.0243562 0.253815 1.84305 0.373102 0.121851 0.00318014 2.36884e-05 1559 355757 1
0.02 0.2 0.4 0.0243343 0.244306 1.77228 0.423865 0.15704 0.00310924 2.6522e-05 2719 461037 1 0.0243343 0.244306 1.77228 0.423865 0.0895775 0.00233308 1.80852e-05 1566 461037 1
0.02 0.2 0.45 0.0243224 0.240663 1.73922 0.474385 0.126208 0.00281267 2.48388e-05 2144 461822 1 0.0243224 0.240663 1.73922 0.474385 0.0684855 0.00202531 1.67008e-05 1223 461822 1
0.02 0.2 0.5 0.0245196 0.237575 1.72805 0.525065 0.092372 0.00232737 2.08624e-05 1689 461822 1 0.0245196 0.237575 1.72805 0.525065 0.0530252 0.00178827 1.44476e-05 940 461822 1
0.02 0.2 0.55 0.0242966 0.240189 1.73339 0.575102 0.0737316 0.00210273 1.88626e-05 1318 461822 1 0.0242966 0.240189 1.73339 0.575102 0.0399964 0.00147594 1.32301e-05 787 461822 1
0.02 0.2 0.6 0.0244871 0.243482 1.77161 0.624984 0.0608967 0.00191709 1.8306e-05 1086 461822 1 0.0244871 0.243482 1.77161 0.624984 0.0296144 0.00131969 1.12501e-05 541 461822 1
0.02 0.2 0.65 0.0242223 0.246381 1.78232 0.672353 0.0467628 0.00176705 1.59455e-05 753 461822 1 0.0242223 0.246381 1.78232 0.672353 0.0220907 0.00117147 9.61277e-06 381 461822 1
0.02 0.2 0.7 0.0240948 0.23926 1.70533 0.722099 0.0404592 0.00166698 1.63518e-05 637 461822 1 0.0240948 0.23926 1.70533 0.722099 0.0172709 0.00106979 9.46965e-06 279 461822 1
0.02 0.2 0.75 0.0240826 0.238133 1.70481 0.797518 0.031193 0.00102368 1.11614e-05 1012 444114 1 0.0240826 0.238133 1.70481 0.797518 0.0158035 0.000741223 7.20956e-06 490 444114 1
0.02 0.3 0.2 0.0241829 0.429862 3.10401 0.223596 0.434334 0.00898648 6.10606e-05 2437 163533 1 0.0241829 0.429862 3.10401 0.223596 0.314526 0.00765852 4.83046e-05 1768 163533 1
0.02 0.3 0.25 0.0244374 0.383705 2.78969 0.273784 0.329984 0.00549647 3.87353e-05 3782 332271 1 0.0244374 0.383705 2.78969 0.273784 0.247111 0.00480473 3.25961e-05 2776 332271 1
0.02 0.3 0.3 0.0243834 0.380431 2.76137 0.324107 0.261993 0.00483073 3.56065e-05 3099 350131 1 0.0243834 0.380431 2.76137 0.324107 0.179965 0.00399701 2.73737e-05 2132 350131 1
0.02 0.3 0.35 0.0240585 0.379584 2.71784 0.374705 0.193671 0.00407377 3.09539e-05 2389 350131 1 0.0240585 0.379584 2.71784 0.374705 0.12615 0.00328667 2.32717e-05 1553 350131 1
0.02 0.3 0.4 0.0242197 0.377704 2.71041 0.423941 0.159587 0.0036775 2.96876e-05 2001 350131 1 0.0242197 0.377704 2.71041 0.423941 0.099047 0.00292179 2.10155e-05 1214 350131 1
0.02 0.3 0.45 0.0245894 0.381106 2.78859 0.475271 0.134416 0.00345325 2.94021e-05 1613 345606 1 0.0245894 0.381106 2.78859 0.475271 0.075696 0.00256203 1.9097e-05 925 345606 1
0.02 0.3 0.5 0.0240174 0.363297 2.58223 0.522633 0.107082 0.0032345 2.86451e-05 1172 305692 1 0.0240174 0.363297 2.58223 0.522633 0.061553 0.00240415 1.98592e-05 696 305692 1
0.02 0.3 0.55 0.0242657 0.35244 2.53769 0.574564 0.0955276 0.00337604 3.33582e-05 864 254932 1 0.0242657 0.35244 2.53769 0.574564 0.0541557 0.00243833 2.13709e-05 528 254932 1
0.02 0.3 0.6 0.0243948 0.340487 2.45684 0.623716 0.0776534 0.00334206 3.46929e-05 585 203388 1 0.0243948 0.340487 2.45684 0.623716 0.041521 0.0024249 2.15669e-05 315 203388 1
0.02 0.3 0.65 0.0238229 0.333996 2.34877 0.675604 0.0671537 0.00374041 4.09994e-05 351 151516 1 0.0238229 0.333996 2.34877 0.675604 0.0333131 0.00257269 2.54436e-05 181 151516 1
0.02 0.3 0.7 0.0234341 0.318638 2.17054 0.724611 0.0644027 0.00496145 5.95482e-05 187 98475 1 0.0234341 0.318638 2.17054 0.724611 0.0395699 0.00393543 4.48232e-05 112 98475 1
0.02 0.3 0.75 0.0224136 0.313057 1.96505 0.78101 0.0456598 0.00956203 0.000136269 26 8634 1 0.0224136 0.313057 1.96505 0.78101 0.0181363 0.00494625 8.57769e-05 16 8634 1
0.02 0.5 0.2 0.0240511 0.585628 4.18895 0.222756 0.422265 0.0105052 6.57184e-05 1679 124119 1 0.0240511 0.585628 4.18895 0.222756 0.338895 0.00946138 5.65375e-05 1336 124119 1
0.02 0.5 0.25 0.0242439 0.583188 4.19296 0.273342 0.349536 0.00981335 6.65215e-05 1327 124119 1 0.0242439 0.583188 4.19296 0.273342 0.24383 0.00813538 5.05673e-05 944 124119 1
0.02 0.5 0.3 0.0241889 0.576943 4.12262 0.323683 0.266969 0.00851415 6.11093e-05 1040 123295 1 0.0241889 0.576943 4.12262 0.323683 0.198493 0.00742987 5.06147e-05 750 123295 1
0.02 0.5 0.35 0.0242353 0.559382 3.98543 0.375115 0.210934 0.00857899 6.26305e-05 638 95067 1 0.0242353 0.559382 3.98543 0.375115 0.156474 0.00740627 5.29869e-05 472 95067 1
0.02 0.5 0.4 0.0242791 0.524455 3.76594 0.429619 0.190343 0.0110199 9.09991e-05 318 52172 1 0.0242791 0.524455 3.76594 0.429619 0.118571 0.00862148 6.83782e-05 201 52172 1
0.02 0.5 0.45 0.0246749 0.517695 3.61698 0.475364 0 0 0 48 9314 0 0.0246749 0.517695 3.61698 0.475364 0 0 0 29 9314 0
0.02 0.5 0.5 0 0 0 0 0 0 0 0 4 0 0 0 0 0 0 0 0 0 4 0
0.02 0.5 0.55 0 0 0 0 0 0 0 0 0 0 0 0 0 0 0 0 0 0 0 0
0.02 0.5 0.6 0 0 0 0 0 0 0 0 0 0 0 0 0 0 0 0 0 0 0 0
0.02 0.5 0.65 0 0 0 0 0 0 0 0 0 0 0 0 0 0 0 0 0 0 0 0
0.02 0.5 0.7 0 0 0 0 0 0 0 0 0 0 0 0 0 0 0 0 0 0 0 0
0.02 0.5 0.75 0 0 0 0 0 0 0 0 0 0 0 0 0 0 0 0 0 0 0 0
0.03 0.1 0.2 0 0 0 0 0 0 0 0 0 0 0 0 0 0 0 0 0 0 0 0
0.03 0.1 0.25 0 0 0 0 0 0 0 0 0 0 0 0 0 0 0 0 0 0 0 0
0.03 0.1 0.3 0 0 0 0 0 0 0 0 0 0 0 0 0 0 0 0 0 0 0 0
0.03 0.1 0.35 0 0 0 0 0 0 0 0 0 0 0 0 0 0 0 0 0 0 0 0
0.03 0.1 0.4 0 0 0 0 0 0 0 0 0 0 0 0 0 0 0 0 0 0 0 0
0.03 0.1 0.45 0 0 0 0 0 0 0 0 0 0 0 0 0 0 0 0 0 0 0 0
0.03 0.1 0.5 0.0342685 0.145685 1.56183 0.532288 0 0 0 26 8454 0 0.0342685 0.145685 1.56183 0.532288 0 0 0 14 8454 0
0.03 0.1 0.55 0.0341951 0.142341 1.46692 0.576683 0.0694958 0.00481307 4.3199e-05 225 81868 1 0.0341951 0.142341 1.46692 0.576683 0.0296399 0.00297591 2.50947e-05 105 81868 1
0.03 0.1 0.6 0.0351665 0.134701 1.41318 0.624543 0.0542518 0.00297142 2.53456e-05 356 171400 1 0.0351665 0.134701 1.41318 0.624543 0.0243102 0.001907 1.5542e-05 174 171400 1
0.03 0.1 0.65 0.0350977 0.130576 1.36986 0.676698 0.0511048 0.00244759 2.11492e-05 470 258090 1 0.0350977 0.130576 1.36986 0.676698 0.0194505 0.00148048 1.11856e-05 184 258090 1
0.03 0.1 0.7 0.034796 0.126055 1.30576 0.723931 0.0425035 0.00197071 1.66514e-05 498 337565 1 0.034796 0.126055 1.30576 0.723931 0.0135421 0.00108035 7.76318e-06 167 337565 1
0.03 0.1 0.75 0.0347288 0.12396 1.28332 0.796968 0.0289465 0.00106017 8.55022e-06 796 389786 1 0.0347288 0.12396 1.28332 0.796968 0.00904451 0.000600345 4.13311e-06 241 389786 1
0.03 0.15 0.2 0 0 0 0 0 0 0 0 0 0 0 0 0 0 0 0 0 0 0 0
0.03 0.15 0.25 0 0 0 0 0 0 0 0 0 0 0 0 0 0 0 0 0 0 0 0
0.03 0.15 0.3 0 0 0 0 0 0 0 0 0 0 0 0 0 0 0 0 0 0 0 0
0.03 0.15 0.35 0 0 0 0 0 0 0 0 25 0 0 0 0 0 0 0 0 0 25 0
0.03 0.15 0.4 0.0352581 0.191128 2.04957 0.422219 0.137561 0.00919786 8.54854e-05 240 40524 1 0.0352581 0.191128 2.04957 0.422219 0.0823892 0.00752455 6.22049e-05 129 40524 1
0.03 0.15 0.45 0.0336761 0.185383 1.86025 0.47322 0.134571 0.00543999 4.97364e-05 656 135667 1 0.0336761 0.185383 1.86025 0.47322 0.0645086 0.00368176 3.17503e-05 330 135667 1
0.03 0.15 0.5 0.0345515 0.176356 1.81738 0.5249 0.0937355 0.00339274 3.0701e-05 820 221794 1 0.0345515 0.176356 1.81738 0.5249 0.0435439 0.00230869 1.84522e-05 381 221794 1
0.03 0.15 0.55 0.0348825 0.1722 1.79314 0.572915 0.0783108 0.00296521 2.72807e-05 752 240235 1 0.0348825 0.1722 1.79314 0.572915 0.0377423 0.00200218 1.7462e-05 384 240235 1
0.03 0.15 0.6 0.0341692 0.169665 1.72608 0.622542 0.068444 0.00282019 2.68875e-05 633 240244 1 0.0341692 0.169665 1.72608 0.622542 0.0266029 0.00167257 1.41955e-05 273 240244 1
0.03 0.15 0.65 0.03436 0.174737 1.78781 0.674561 0.0452102 0.00230817 2.01197e-05 412 240244 1 0.03436 0.174737 1.78781 0.674561 0.0204692 0.00156981 1.24733e-05 180 240244 1
0.03 0.15 0.7 0.0341266 0.173793 1.76514 0.723587 0.0431214 0.0023919 2.13267e-05 350 240244 1 0.0341266 0.173793 1.76514 0.723587 0.0167049 0.00146289 1.16675e-05 139 240244 1
0.03 0.15 0.75 0.0348898 0.171817 1.77143 0.805111 0.0296765 0.0013219 1.27493e-05 545 240244 1 0.0348898 0.171817 1.77143 0.805111 0.0086758 0.000726282 5.57696e-06 152 240244 1
0.03 0.2 0.2 0 0 0 0 0 0 0 0 0 0 0 0 0 0 0 0 0 0 0 0
0.03 0.2 0.25 0.0327352 0.296373 3.0066 0.275885 0 0 0 46 4041 0 0.0327352 0.296373 3.0066 0.275885 0 0 0 31 4041 0
0.03 0.2 0.3 0.034804 0.27423 2.84845 0.322877 0.252204 0.00928822 6.95969e-05 776 87723 1 0.034804 0.27423 2.84845 0.322877 0.171122 0.00777974 5.696e-05 509 87723 1
0.03 0.2 0.35 0.0350527 0.254685 2.67185 0.374109 0.192578 0.00546664 4.21042e-05 1309 183356 1 0.0350527 0.254685 2.67185 0.374109 0.114937 0.00425566 3.01876e-05 772 183356 1
0.03 0.2 0.4 0.034152 0.240497 2.43922 0.425002 0.166026 0.00454438 3.79622e-05 1418 238360 1 0.034152 0.240497 2.43922 0.425002 0.091753 0.00333992 2.49318e-05 801 238360 1
0.03 0.2 0.45 0.0350067 0.239255 2.49208 0.472184 0.128261 0.00391928 3.31993e-05 1145 238768 1 0.0350067 0.239255 2.49208 0.472184 0.0691903 0.00282823 2.25017e-05 638 238768 1
0.03 0.2 0.5 0.0345722 0.238114 2.45548 0.524952 0.0983958 0.0033433 3.04556e-05 931 238768 1 0.0345722 0.238114 2.45548 0.524952 0.047908 0.00235656 1.75948e-05 440 238768 1
0.03 0.2 0.55 0.034597 0.245139 2.51103 0.574547 0.0726863 0.00289335 2.52288e-05 674 238768 1 0.034597 0.245139 2.51103 0.574547 0.0348784 0.00194223 1.49073e-05 344 238768 1
0.03 0.2 0.6 0.0344963 0.241642 2.46662 0.624121 0.0671111 0.00284212 2.68776e-05 600 238768 1 0.0344963 0.241642 2.46662 0.624121 0.0284818 0.00179672 1.41508e-05 269 238768 1
0.03 0.2 0.65 0.0344432 0.238532 2.43183 0.670807 0.0494062 0.0023712 2.17625e-05 468 238768 1 0.0344432 0.238532 2.43183 0.670807 0.0209139 0.00157476 1.25165e-05 189 238768 1
0.03 0.2 0.7 0.0343446 0.244036 2.47659 0.728321 0.0405717 0.00220328 2.06383e-05 366 238768 1 0.0343446 0.244036 2.47659 0.728321 0.0187318 0.00156568 1.3865e-05 152 238768 1
0.03 0.2 0.75 0.03412 0.233767 2.37929 0.790669 0.034075 0.0014678 1.5929e-05 589 229931 1 0.03412 0.233767 2.37929 0.790669 0.0111668 0.000824635 7.33157e-06 199 229931 1
0.03 0.3 0.2 0.0343992 0.432713 4.43916 0.222239 0.453601 0.0128415 8.49129e-05 1294 82795 1 0.0343992 0.432713 4.43916 0.222239 0.319326 0.0107452 6.64991e-05 920 82795 1
0.03 0.3 0.25 0.0347098 0.380603 3.9319 0.273829 0.331804 0.00761949 5.36242e-05 1982 168395 1 0.0347098 0.380603 3.9319 0.273829 0.238633 0.00645442 4.27254e-05 1430 168395 1
0.03 0.3 0.3 0.0345671 0.381272 3.9128 0.324379 0.27519 0.00687019 5.10423e-05 1685 177258 1 0.0345671 0.381272 3.9128 0.324379 0.181558 0.00564762 3.88408e-05 1085 177258 1
0.03 0.3 0.35 0.0346274 0.372271 3.81916 0.375055 0.209727 0.00586961 4.45379e-05 1345 177258 1 0.0346274 0.372271 3.81916 0.375055 0.132903 0.00471017 3.2681e-05 838 177258 1
0.03 0.3 0.4 0.0347666 0.381848 3.94567 0.426243 0.170316 0.00537424 4.23035e-05 1060 177258 1 0.0347666 0.381848 3.94567 0.426243 0.0923957 0.00393354 2.73069e-05 581 177258 1
0.03 0.3 0.45 0.0343257 0.369808 3.76815 0.474383 0.139423 0.00492926 4.17582e-05 849 175045 1 0.0343257 0.369808 3.76815 0.474383 0.0762765 0.00358384 2.63215e-05 480 175045 1
0.03 0.3 0.5 0.0337209 0.363029 3.64027 0.52453 0.119659 0.00479998 4.27438e-05 665 155033 1 0.0337209 0.363029 3.64027 0.52453 0.0610906 0.00337897 2.54269e-05 348 155033 1
0.03 0.3 0.55 0.0338085 0.356215 3.54968 0.576532 0.0848282 0.00434695 3.7347e-05 407 129174 1 0.0338085 0.356215 3.54968 0.576532 0.0433046 0.00315641 2.51173e-05 200 129174 1
0.03 0.3 0.6 0.0351585 0.334958 3.52825 0.629884 0.0789077 0.00465894 4.45215e-05 308 103057 1 0.0351585 0.334958 3.52825 0.629884 0.0386194 0.00327825 2.71462e-05 147 103057 1
0.03 0.3 0.65 0.0345247 0.341035 3.44983 0.684441 0.0639185 0.00497839 5.01102e-05 179 76275 1 0.0345247 0.341035 3.44983 0.684441 0.0326232 0.0035098 3.10631e-05 93 76275 1
0.03 0.3 0.7 0.0326311 0.323145 3.10632 0.72754 0.0547378 0.00545638 5.84893e-05 110 49578 1 0.0326311 0.323145 3.10632 0.72754 0.0320411 0.00469266 5.13752e-05 51 49578 1
0.03 0.3 0.75 0.0354475 0.310488 3.0971 0.804253 0.0210981 0.00802643 0.000134788 8 4193 1 0.0354475 0.310488 3.0971 0.804253 0.0109345 0.00599131 0.000107798 4 4193 1
0.03 0.5 0.2 0.0340138 0.578401 5.86766 0.221853 0.472314 0.0161659 0.000102914 894 58259 1 0.0340138 0.578401 5.86766 0.221853 0.349052 0.0142152 8.65688e-05 631 58259 1
0.03 0.5 0.25 0.0346292 0.583571 6.02485 0.27336 0.354338 0.0140683 9.34859e-05 661 58259 1 0.0346292 0.583571 6.02485 0.27336 0.256309 0.0119683 7.41043e-05 481 58259 1
0.03 0.5 0.3 0.0344022 0.580513 5.89949 0.323178 0.300039 0.01304 9.70635e-05 561 57859 1 0.0344022 0.580513 5.89949 0.323178 0.173487 0.010075 6.61917e-05 311 57859 1
0.03 0.5 0.35 0.0332678 0.555411 5.46454 0.370727 0.236024 0.0131832 0.000104933 343 43922 1 0.0332678 0.555411 5.46454 0.370727 0.143268 0.010294 7.14695e-05 205 43922 1
0.03 0.5 0.4 0.0348841 0.533275 5.50691 0.422924 0.193768 0.016059 0.000136471 156 24077 1 0.0348841 0.533275 5.50691 0.422924 0.121364 0.0130255 9.90625e-05 92 24077 1
0.03 0.5 0.45 0.0316682 0.500143 4.6511 0.49779 0 0 0 24 4351 0 0.0316682 0.500143 4.6511 0.49779 0 0 0 13 4351 0
0.03 0.5 0.5 0 0 0 0 0 0 0 0 2 0 0 0 0 0 0 0 0 0 2 0
0.03 0.5 0.55 0 0 0 0 0 0 0 0 0 0 0 0 0 0 0 0 0 0 0 0
0.03 0.5 0.6 0 0 0 0 0 0 0 0 0 0 0 0 0 0 0 0 0 0 0 0
0.03 0.5 0.65 0 0 0 0 0 0 0 0 0 0 0 0 0 0 0 0 0 0 0 0
0.03 0.5 0.7 0 0 0 0 0 0 0 0 0 0 0 0 0 0 0 0 0 0 0 0
0.03 0.5 0.75 0 0 0 0 0 0 0 0 0 0 0 0 0 0 0 0 0 0 0 0
0.04 0.1 0.2 0 0 0 0 0 0 0 0 0 0 0 0 0 0 0 0 0 0 0 0
0.04 0.1 0.25 0 0 0 0 0 0 0 0 0 0 0 0 0 0 0 0 0 0 0 0
0.04 0.1 0.3 0 0 0 0 0 0 0 0 0 0 0 0 0 0 0 0 0 0 0 0
0.04 0.1 0.35 0 0 0 0 0 0 0 0 0 0 0 0 0 0 0 0 0 0 0 0
0.04 0.1 0.4 0 0 0 0 0 0 0 0 0 0 0 0 0 0 0 0 0 0 0 0
0.04 0.1 0.45 0 0 0 0 0 0 0 0 0 0 0 0 0 0 0 0 0 0 0 0
0.04 0.1 0.5 0.0571495 0.149165 2.65023 0.522204 0 0 0 26 8893 0 0.0571495 0.149165 2.65023 0.522204 0 0 0 7 8893 0
0.04 0.1 0.55 0.0473268 0.14347 2.0406 0.573281 0.0808379 0.00516933 4.52923e-05 262 87152 1 0.0473268 0.14347 2.0406 0.573281 0.0340956 0.00344111 2.77972e-05 105 87152 1
0.04 0.1 0.6 0.0476642 0.138922 1.97765 0.625597 0.057642 0.00295485 2.49715e-05 405 184226 1 0.0476642 0.138922 1.97765 0.625597 0.023253 0.00187505 1.49449e-05 164 184226 1
0.04 0.1 0.65 0.047981 0.130495 1.88411 0.675275 0.0471322 0.00228987 1.82638e-05 454 280087 1 0.047981 0.130495 1.88411 0.675275 0.0179944 0.00139186 1.06967e-05 179 280087 1
0.04 0.1 0.7 0.0478464 0.127883 1.81605 0.722316 0.0387629 0.00179592 1.38222e-05 498 374965 1 0.0478464 0.127883 1.81605 0.722316 0.0121753 0.00102849 6.76056e-06 148 374965 1
0.04 0.1 0.75 0.0482835 0.122049 1.75344 0.793973 0.0293449 0.000998903 7.817e-06 920 456016 1 0.0482835 0.122049 1.75344 0.793973 0.0070483 0.000488208 2.99635e-06 220 456016 1
0.04 0.15 0.2 0 0 0 0 0 0 0 0 0 0 0 0 0 0 0 0 0 0 0 0
0.04 0.15 0.25 0 0 0 0 0 0 0 0 0 0 0 0 0 0 0 0 0 0 0 0
0.04 0.15 0.3 0 0 0 0 0 0 0 0 0 0 0 0 0 0 0 0 0 0 0 0
0.04 0.15 0.35 0 0 0 0 0 0 0 0 25 0 0 0 0 0 0 0 0 0 25 0
0.04 0.15 0.4 0.0468875 0.193123 2.74053 0.424216 0.179208 0.0117912 0.000106403 248 41110 1 0.0468875 0.193123 2.74053 0.424216 0.0871315 0.00814795 6.59746e-05 122 41110 1
0.04 0.15 0.45 0.0491268 0.181377 2.65733 0.474655 0.121075 0.0050326 4.38874e-05 620 139401 1 0.0491268 0.181377 2.65733 0.474655 0.0618754 0.0035945 2.85609e-05 317 139401 1
0.04 0.15 0.5 0.0492414 0.174524 2.57243 0.520869 0.103127 0.00363701 3.2342e-05 861 229010 1 0.0492414 0.174524 2.57243 0.520869 0.04548 0.00236405 1.85439e-05 395 229010 1
0.04 0.15 0.55 0.0481005 0.174027 2.48405 0.575467 0.0774608 0.00296979 2.63348e-05 730 248476 1 0.0481005 0.174027 2.48405 0.575467 0.0345791 0.00192138 1.51285e-05 347 248476 1
0.04 0.15 0.6 0.0477449 0.173803 2.44604 0.627391 0.0563784 0.00249882 2.13462e-05 547 248490 1 0.0477449 0.173803 2.44604 0.627391 0.0286695 0.00173369 1.45274e-05 293 248490 1
0.04 0.15 0.65 0.0485682 0.177527 2.5715 0.675389 0.0511716 0.00244675 2.11597e-05 472 248490 1 0.0485682 0.177527 2.5715 0.675389 0.0190498 0.00144375 1.14344e-05 186 248490 1
0.04 0.15 0.7 0.0483924 0.17544 2.50577 0.720042 0.0369796 0.00203034 1.75203e-05 357 248490 1 0.0483924 0.17544 2.50577 0.720042 0.0140758 0.00126765 9.8792e-06 132 248490 1
0.04 0.15 0.75 0.04757 0.169825 2.40155 0.798755 0.0281236 0.0012533 1.09676e-05 543 248490 1 0.04757 0.169825 2.40155 0.798755 0.00758014 0.000642949 4.59543e-06 147 248490 1
0.04 0.2 0.2 0 0 0 0 0 0 0 0 0 0 0 0 0 0 0 0 0 0 0 0
0.04 0.2 0.25 0.0485148 0.295282 4.43354 0.268916 0 0 0 32 4064 0 0.0485148 0.295282 4.43354 0.268916 0 0 0 33 4064 0
0.04 0.2 0.3 0.049011 0.271727 4.01556 0.321735 0.272092 0.00947207 7.23342e-05 872 87895 1 0.049011 0.271727 4.01556 0.321735 0.16026 0.0074959 5.14635e-05 481 87895 1
0.04 0.2 0.35 0.0483203 0.250275 3.59934 0.374307 0.224014 0.00602364 4.71499e-05 1463 182688 1 0.0483203 0.250275 3.59934 0.374307 0.122784 0.00442616 3.20976e-05 811 182688 1
0.04 0.2 0.4 0.0488991 0.240609 3.50363 0.422918 0.167464 0.00452567 3.60186e-05 1453 238687 1 0.0488991 0.240609 3.50363 0.422918 0.0817628 0.00313817 2.1276e-05 715 238687 1
0.04 0.2 0.45 0.0492269 0.239665 3.49547 0.473885 0.122863 0.00377276 3.09843e-05 1127 239111 1 0.0492269 0.239665 3.49547 0.473885 0.0708279 0.00295889 2.24196e-05 608 239111 1
0.04 0.2 0.5 0.0478098 0.240782 3.41724 0.522855 0.102912 0.00344662 2.99123e-05 950 239111 1 0.0478098 0.240782 3.41724 0.522855 0.0453846 0.00227154 1.69046e-05 420 239111 1
0.04 0.2 0.55 0.0483223 0.23543 3.40083 0.57214 0.0860003 0.00319703 2.81407e-05 775 239111 1 0.0483223 0.23543 3.40083 0.57214 0.0375066 0.0020859 1.60316e-05 342 239111 1
0.04 0.2 0.6 0.0498916 0.243073 3.59707 0.624136 0.0729932 0.00297626 2.75557e-05 645 239111 1 0.0498916 0.243073 3.59707 0.624136 0.0280888 0.00182431 1.34996e-05 254 239111 1
0.04 0.2 0.65 0.0474521 0.239184 3.34023 0.672323 0.0522395 0.00246623 2.19666e-05 481 239111 1 0.0474521 0.239184 3.34023 0.672323 0.0197991 0.00152078 1.21806e-05 180 239111 1
0.04 0.2 0.7 0.0494052 0.236027 3.46473 0.727536 0.0449308 0.00234228 2.18694e-05 398 239111 1 0.0494052 0.236027 3.46473 0.727536 0.013801 0.0012567 9.68795e-06 127 239111 1
0.04 0.2 0.75 0.0503166 0.242549 3.62541 0.790807 0.0297868 0.00136082 1.344e-05 519 230302 1 0.0503166 0.242549 3.62541 0.790807 0.0117714 0.000854759 7.53579e-06 203 230302 1
0.04 0.3 0.2 0.0480347 0.428441 6.14051 0.22264 0.480035 0.0135557 8.99769e-05 1302 77853 1 0.0480347 0.428441 6.14051 0.22264 0.326351 0.0112825 6.92794e-05 873 77853 1
0.04 0.3 0.25 0.0489873 0.381508 5.55867 0.274363 0.366053 0.00816734 5.68221e-05 2103 164483 1 0.0489873 0.381508 5.55867 0.274363 0.235779 0.00660987 4.0867e-05 1331 164483 1
0.04 0.3 0.3 0.048039 0.382719 5.45754 0.322654 0.293464 0.0070796 5.25203e-05 1803 173700 1 0.048039 0.382719 5.45754 0.322654 0.169103 0.00538769 3.51843e-05 1037 173700 1
0.04 0.3 0.35 0.0489105 0.379624 5.49857 0.373818 0.217878 0.0059657 4.43931e-05 1407 173700 1 0.0489105 0.379624 5.49857 0.373818 0.120676 0.00447597 2.96913e-05 762 173700 1
0.04 0.3 0.4 0.0478738 0.366824 5.21623 0.422871 0.177743 0.00549772 4.38371e-05 1105 173700 1 0.0478738 0.366824 5.21623 0.422871 0.0953671 0.00404417 2.72385e-05 585 173700 1
0.04 0.3 0.45 0.0485745 0.375722 5.42453 0.471478 0.144905 0.00499828 4.0341e-05 891 171690 1 0.0485745 0.375722 5.42453 0.471478 0.0725508 0.00348798 2.47196e-05 458 171690 1
0.04 0.3 0.5 0.0489321 0.357544 5.22505 0.523711 0.114365 0.00460602 3.8944e-05 660 153431 1 0.0489321 0.357544 5.22505 0.523711 0.0568404 0.00322783 2.38918e-05 329 153431 1
0.04 0.3 0.55 0.0489949 0.356716 5.15686 0.571862 0.090139 0.00443559 3.84494e-05 442 129441 1 0.0489949 0.356716 5.15686 0.571862 0.053406 0.00354754 2.82474e-05 241 129441 1
0.04 0.3 0.6 0.0478453 0.335825 4.68695 0.622718 0.0799102 0.00471591 4.29791e-05 307 104343 1 0.0478453 0.335825 4.68695 0.622718 0.0439507 0.00345385 2.94007e-05 173 104343 1
0.04 0.3 0.65 0.0479963 0.327853 4.64779 0.677632 0.0683629 0.00518706 4.73128e-05 187 77647 1 0.0479963 0.327853 4.64779 0.677632 0.0382184 0.0038831 3.69944e-05 105 77647 1
0.04 0.3 0.7 0.0459427 0.316424 4.28215 0.727263 0.0490686 0.00516858 4.9965e-05 98 50440 1 0.0459427 0.316424 4.28215 0.727263 0.0239787 0.00366399 3.63099e-05 46 50440 1
0.04 0.3 0.75 0.0424383 0.303121 3.6765 0.839981 0.0386363 0.00971292 0.000158846 18 4410 1 0.0424383 0.303121 3.6765 0.839981 0.0211776 0.00884166 0.000157366 7 4410 1
0.04 0.5 0.2 0.048181 0.587186 8.44057 0.22505 0.449898 0.0157368 9.36247e-05 851 56689 1 0.048181 0.587186 8.44057 0.22505 0.355366 0.0142558 8.56684e-05 652 56689 1
0.04 0.5 0.25 0.0501875 0.581002 8.65525 0.272349 0.376364 0.0144349 9.64559e-05 716 56689 1 0.0501875 0.581002 8.65525 0.272349 0.242785 0.0116009 7.03461e-05 459 56689 1
0.04 0.5 0.3 0.0497858 0.57808 8.56968 0.322526 0.312646 0.0134169 9.44505e-05 574 56256 1 0.0497858 0.57808 8.56968 0.322526 0.197183 0.0107784 6.921e-05 355 56256 1
0.04 0.5 0.35 0.049764 0.557292 8.2588 0.375127 0.260803 0.0140315 0.000110092 368 41679 1 0.049764 0.557292 8.2588 0.375127 0.138658 0.0102201 6.79918e-05 194 41679 1
0.04 0.5 0.4 0.0473561 0.534054 7.60014 0.427959 0.2023 0.0174187 0.000153069 146 22287 1 0.0473561 0.534054 7.60014 0.427959 0.127366 0.0132224 0.000107669 98 22287 1
0.04 0.5 0.45 0.0431949 0.513446 6.18754 0.484098 0 0 0 20 3955 0 0.0431949 0.513446 6.18754 0.484098 0 0 0 14 3955 0
0.04 0.5 0.5 0 0 0 0 0 0 0 0 3 0 0 0 0 0 0 0 0 0 3 0
0.04 0.5 0.55 0 0 0 0 0 0 0 0 0 0 0 0 0 0 0 0 0 0 0 0
0.04 0.5 0.6 0 0 0 0 0 0 0 0 0 0 0 0 0 0 0 0 0 0 0 0
0.04 0.5 0.65 0 0 0 0 0 0 0 0 0 0 0 0 0 0 0 0 0 0 0 0
0.04 0.5 0.7 0 0 0 0 0 0 0 0 0 0 0 0 0 0 0 0 0 0 0 0
0.04 0.5 0.75 0 0 0 0 0 0 0 0 0 0 0 0 0 0 0 0 0 0 0 0
0.06 0.1 0.2 0 0 0 0 0 0 0 0 0 0 0 0 0 0 0 0 0 0 0 0
0.06 0.1 0.25 0 0 0 0 0 0 0 0 0 0 0 0 0 0 0 0 0 0 0 0
0.06 0.1 0.3 0 0 0 0 0 0 0 0 0 0 0 0 0 0 0 0 0 0 0 0
0.06 0.1 0.35 0 0 0 0 0 0 0 0 0 0 0 0 0 0 0 0 0 0 0 0
0.06 0.1 0.4 0 0 0 0 0 0 0 0 0 0 0 0 0 0 0 0 0 0 0 0
0.06 0.1 0.45 0 0 0 0 0 0 0 0 0 0 0 0 0 0 0 0 0 0 0 0
0.06 0.1 0.5 0.0681917 0.148552 3.15675 0.519993 0 0 0 27 7221 0 0.0681917 0.148552 3.15675 0.519993 0 0 0 8 7221 0
0.06 0.1 0.55 0.0755611 0.140575 3.19181 0.573318 0.0791213 0.00607591 5.00394e-05 180 71552 1 0.0755611 0.140575 3.19181 0.573318 0.0302472 0.00383429 3.04195e-05 66 71552 1
0.06 0.1 0.6 0.0763917 0.138182 3.1515 0.626367 0.057856 0.00356546 2.84922e-05 280 152274 1 0.0763917 0.138182 3.1515 0.626367 0.0192629 0.00199936 1.44311e-05 99 152274 1
0.06 0.1 0.65 0.077371 0.134564 3.11802 0.674577 0.0502655 0.0026989 2.13273e-05 369 232775 1 0.077371 0.134564 3.11802 0.674577 0.0144054 0.0014364 9.8924e-06 106 232775 1
0.06 0.1 0.7 0.0753191 0.127456 2.84491 0.727491 0.0378625 0.00199122 1.51975e-05 386 313082 1 0.0753191 0.127456 2.84491 0.727491 0.010529 0.00107926 7.08214e-06 101 313082 1
0.06 0.1 0.75 0.0731664 0.124755 2.71493 0.799054 0.0296323 0.00113012 8.4891e-06 730 382599 1 0.0731664 0.124755 2.71493 0.799054 0.00712197 0.000583041 3.62776e-06 157 382599 1
0.06 0.15 0.2 0 0 0 0 0 0 0 0 0 0 0 0 0 0 0 0 0 0 0 0
0.06 0.15 0.25 0 0 0 0 0 0 0 0 0 0 0 0 0 0 0 0 0 0 0 0
0.06 0.15 0.3 0 0 0 0 0 0 0 0 0 0 0 0 0 0 0 0 0 0 0 0
0.06 0.15 0.35 0 0 0 0 0 0 0 0 11 0 0 0 0 0 0 0 0 0 11 0
0.06 0.15 0.4 0.0778128 0.193433 4.57604 0.425112 0.154455 0.0127347 0.000103178 157 32122 1 0.0778128 0.193433 4.57604 0.425112 0.0782805 0.00882573 6.74631e-05 84 32122 1
0.06 0.15 0.45 0.073375 0.181154 4.01371 0.473408 0.13743 0.00641834 5.60072e-05 488 109363 1 0.073375 0.181154 4.01371 0.473408 0.0607688 0.00441122 3.27193e-05 201 109363 1
0.06 0.15 0.5 0.0735335 0.173017 3.78561 0.522255 0.0958642 0.00387842 3.2436e-05 652 180799 1 0.0735335 0.173017 3.78561 0.522255 0.0367895 0.00241577 1.75948e-05 247 180799 1
0.06 0.15 0.55 0.0759588 0.172313 3.86304 0.576914 0.0676401 0.00312362 2.38907e-05 498 196402 1 0.0759588 0.172313 3.86304 0.576914 0.0296224 0.00209264 1.53246e-05 214 196402 1
0.06 0.15 0.6 0.0776981 0.176307 4.02249 0.626503 0.0554473 0.00278798 2.17593e-05 420 196410 1 0.0776981 0.176307 4.02249 0.626503 0.0212098 0.00178517 1.28674e-05 150 196410 1
0.06 0.15 0.65 0.0754593 0.170876 3.83341 0.670186 0.0497042 0.00263807 2.16467e-05 380 196410 1 0.0754593 0.170876 3.83341 0.670186 0.0170109 0.00166396 1.22333e-05 111 196410 1
0.06 0.15 0.7 0.0711405 0.17165 3.6541 0.7271 0.0416028 0.00240621 2.10003e-05 322 196410 1 0.0711405 0.17165 3.6541 0.7271 0.0115766 0.00132957 1.03084e-05 80 196410 1
0.06 0.15 0.75 0.0775087 0.173025 3.9784 0.799683 0.0263581 0.00134416 1.09479e-05 411 196410 1 0.0775087 0.173025 3.9784 0.799683 0.0059639 0.00065965 4.43983e-06 86 196410 1
0.06 0.2 0.2 0 0 0 0 0 0 0 0 0 0 0 0 0 0 0 0 0 0 0 0
0.06 0.2 0.25 0.0798588 0.295957 7.29547 0.276915 0 0 0 54 3270 0 0.0798588 0.295957 7.29547 0.276915 0 0 0 23 3270 0
0.06 0.2 0.3 0.0753775 0.275377 6.23183 0.324226 0.265374 0.010422 7.82615e-05 684 69479 1 0.0753775 0.275377 6.23183 0.324226 0.165294 0.00843162 5.89253e-05 405 69479 1
0.06 0.2 0.35 0.0741702 0.25517 5.6424 0.374194 0.216864 0.00655596 4.98201e-05 1154 145552 1 0.0741702 0.25517 5.6424 0.374194 0.112317 0.00491002 3.37537e-05 551 145552 1
0.06 0.2 0.4 0.076385 0.243403 5.55628 0.42073 0.180856 0.00534469 4.26635e-05 1211 189572 1 0.076385 0.243403 5.55628 0.42073 0.0835294 0.0036197 2.52733e-05 561 189572 1
0.06 0.2 0.45 0.0759877 0.243572 5.48708 0.474097 0.142687 0.00463686 3.798e-05 1007 189898 1 0.0759877 0.243572 5.48708 0.474097 0.0528251 0.0028614 1.92062e-05 359 189898 1
0.06 0.2 0.5 0.0744891 0.244024 5.41272 0.52562 0.105944 0.00390581 3.26063e-05 784 189898 1 0.0744891 0.244024 5.41272 0.52562 0.0402253 0.00248571 1.69972e-05 278 189898 1
0.06 0.2 0.55 0.0751284 0.242027 5.41011 0.575527 0.0828955 0.00349016 2.89848e-05 602 189898 1 0.0751284 0.242027 5.41011 0.575527 0.0307664 0.00212519 1.42312e-05 222 189898 1
0.06 0.2 0.6 0.0745997 0.23688 5.26 0.622627 0.0622654 0.00304527 2.44673e-05 444 189898 1 0.0745997 0.23688 5.26 0.622627 0.0212143 0.00169581 1.16147e-05 167 189898 1
0.06 0.2 0.65 0.0803317 0.247417 5.85342 0.676017 0.0535647 0.00286691 2.53645e-05 373 189898 1 0.0803317 0.247417 5.85342 0.676017 0.016951 0.00162018 1.16344e-05 115 189898 1
0.06 0.2 0.7 0.073219 0.242748 5.26076 0.721133 0.0457815 0.00257647 2.39758e-05 340 189898 1 0.073219 0.242748 5.26076 0.721133 0.0134923 0.00138858 1.03897e-05 101 189898 1
0.06 0.2 0.75 0.0780548 0.234422 5.455 0.7962 0.0347715 0.00166352 1.6254e-05 473 182918 1 0.0780548 0.234422 5.455 0.7962 0.00871273 0.000820447 6.31471e-06 121 182918 1
0.06 0.3 0.2 0.0760442 0.434711 9.85545 0.222464 0.498032 0.0161142 0.000106216 992 55590 1 0.0760442 0.434711 9.85545 0.222464 0.341282 0.0134698 8.08275e-05 671 55590 1
0.06 0.3 0.25 0.0769296 0.372915 8.53175 0.27339 0.377669 0.00965022 6.5775e-05 1605 119561 1 0.0769296 0.372915 8.53175 0.27339 0.235022 0.007774 4.79936e-05 955 119561 1
0.06 0.3 0.3 0.0746986 0.383642 8.51542 0.323078 0.301073 0.0082702 5.99855e-05 1392 126497 1 0.0746986 0.383642 8.51542 0.323078 0.162961 0.00607241 3.79628e-05 760 126497 1
0.06 0.3 0.35 0.0761364 0.377372 8.59496 0.373929 0.22193 0.00697928 5.01751e-05 1062 126497 1 0.0761364 0.377372 8.59496 0.373929 0.109935 0.00500006 3.06543e-05 509 126497 1
0.06 0.3 0.4 0.0780134 0.374121 8.73356 0.424346 0.174346 0.00622663 4.68475e-05 829 126497 1 0.0780134 0.374121 8.73356 0.424346 0.0819744 0.00420122 2.74913e-05 403 126497 1
0.06 0.3 0.45 0.0775185 0.371097 8.52058 0.470288 0.146782 0.00564529 4.56628e-05 721 124922 1 0.0775185 0.371097 8.52058 0.470288 0.0726311 0.0042855 2.81144e-05 302 124922 1
0.06 0.3 0.5 0.0702178 0.375178 7.75419 0.526685 0.128717 0.00577128 4.85718e-05 529 111661 1 0.0702178 0.375178 7.75419 0.526685 0.0529212 0.00366861 2.7147e-05 221 111661 1
0.06 0.3 0.55 0.0717125 0.352329 7.4494 0.57476 0.0913906 0.00501463 4.25137e-05 358 94480 1 0.0717125 0.352329 7.4494 0.57476 0.0346905 0.0029854 2.09631e-05 144 94480 1
0.06 0.3 0.6 0.0832534 0.334773 8.36757 0.631616 0.0674566 0.00488437 3.78473e-05 205 76808 1 0.0832534 0.334773 8.36757 0.631616 0.039041 0.00384496 3.22734e-05 111 76808 1
0.06 0.3 0.65 0.0693995 0.33899 7.06802 0.666133 0.0602816 0.00540825 4.73844e-05 135 57834 1 0.0693995 0.33899 7.06802 0.666133 0.0161539 0.00257784 2.03777e-05 42 57834 1
0.06 0.3 0.7 0.0760897 0.324686 7.2845 0.71787 0.0507776 0.00593235 5.21332e-05 80 38400 1 0.0760897 0.324686 7.2845 0.71787 0.026105 0.00504329 4.30482e-05 29 38400 1
0.06 0.3 0.75 0 0 0 0 0.0417742 0.0134218 0.000164129 11 3291 1 0 0 0 0 0.0207376 0.0101942 0.000157224 5 3291 1
0.06 0.5 0.2 0.0784751 0.586829 13.6946 0.221717 0.488356 0.0182619 0.000112207 748 45525 1 0.0784751 0.586829 13.6946 0.221717 0.342808 0.0154081 8.68463e-05 516 45525 1
0.06 0.5 0.25 0.0776836 0.591293 13.6642 0.274826 0.380482 0.0160802 0.000104213 584 45525 1 0.0776836 0.591293 13.6642 0.274826 0.231555 0.012408 7.11094e-05 363 45525 1
0.06 0.5 0.3 0.0778609 0.577007 13.2515 0.327211 0.324882 0.0146147 0.000104236 519 45210 1 0.0778609 0.577007 13.2515 0.327211 0.211152 0.0121567 8.18301e-05 318 45210 1
0.06 0.5 0.35 0.0788081 0.563524 13.1646 0.372105 0.295599 0.0165884 0.000129568 335 33575 1 0.0788081 0.563524 13.1646 0.372105 0.165212 0.0120602 9.05362e-05 202 33575 1
0.06 0.5 0.4 0.0679033 0.529926 10.675 0.431221 0.240642 0.0202632 0.000173915 151 17730 1 0.0679033 0.529926 10.675 0.431221 0.103383 0.013229 9.81744e-05 65 17730 1
0.06 0.5 0.45 0.0754485 0.51488 11.0948 0.462337 0 0 0 18 3204 0 0.0754485 0.51488 11.0948 0.462337 0 0 0 7 3204 0
0.06 0.5 0.5 0 0 0 0 0 0 0 0 0 0 0 0 0 0 0 0 0 0 0 0
0.06 0.5 0.55 0 0 0 0 0 0 0 0 0 0 0 0 0 0 0 0 0 0 0 0
0.06 0.5 0.6 0 0 0 0 0 0 0 0 0 0 0 0 0 0 0 0 0 0 0 0
0.06 0.5 0.65 0 0 0 0 0 0 0 0 0 0 0 0 0 0 0 0 0 0 0 0
0.06 0.5 0.7 0 0 0 0 0 0 0 0 0 0 0 0 0 0 0 0 0 0 0 0
0.06 0.5 0.75 0 0 0 0 0 0 0 0 0 0 0 0 0 0 0 0 0 0 0 0
0.1 0.1 0.2 0 0 0 0 0 0 0 0 0 0 0 0 0 0 0 0 0 0 0 0
0.1 0.1 0.25 0 0 0 0 0 0 0 0 0 0 0 0 0 0 0 0 0 0 0 0
0.1 0.1 0.3 0 0 0 0 0 0 0 0 0 0 0 0 0 0 0 0 0 0 0 0
0.1 0.1 0.35 0 0 0 0 0 0 0 0 0 0 0 0 0 0 0 0 0 0 0 0
0.1 0.1 0.4 0 0 0 0 0 0 0 0 0 0 0 0 0 0 0 0 0 0 0 0
0.1 0.1 0.45 0 0 0 0 0 0 0 0 0 0 0 0 0 0 0 0 0 0 0 0
0.1 0.1 0.5 0 0 0 0 0 0 0 11 2936 0 0 0 0 0 0 0 0 4 2936 0
0.1 0.1 0.55 0.126044 0.143513 5.48695 0.57701 0.0649224 0.00936402 6.90857e-05 51 29129 1 0.126044 0.143513 5.48695 0.57701 0.0243548 0.00535323 4.78611e-05 22 29129 1
0.1 0.1 0.6 0.119462 0.135059 4.81535 0.615394 0.0482288 0.00514477 3.71568e-05 93 62141 1 0.119462 0.135059 4.81535 0.615394 0.013631 0.00285113 1.92999e-05 24 62141 1
0.1 0.1 0.65 0.115347 0.133867 4.60482 0.668269 0.0466166 0.00437815 3.1209e-05 121 95335 1 0.115347 0.133867 4.60482 0.668269 0.0139907 0.00257085 1.68214e-05 31 95335 1
0.1 0.1 0.7 0.114347 0.124808 4.3097 0.713678 0.0340414 0.00320809 2.18982e-05 120 129050 1 0.114347 0.124808 4.3097 0.713678 0.00773371 0.00157391 9.72512e-06 25 129050 1
0.1 0.1 0.75 0.115554 0.122695 4.23206 0.777843 0.0238781 0.00171956 1.14932e-05 203 158709 1 0.115554 0.122695 4.23206 0.777843 0.00499466 0.000808173 4.38694e-06 40 158709 1
0.1 0.15 0.2 0 0 0 0 0 0 0 0 0 0 0 0 0 0 0 0 0 0 0 0
0.1 0.15 0.25 0 0 0 0 0 0 0 0 0 0 0 0 0 0 0 0 0 0 0 0
0.1 0.15 0.3 0 0 0 0 0 0 0 0 0 0 0 0 0 0 0 0 0 0 0 0
0.1 0.15 0.35 0 0 0 0 0 0 0 0 7 0 0 0 0 0 0 0 0 0 7 0
0.1 0.15 0.4 0.123523 0.193801 7.2311 0.416366 0.151998 0.0195484 0.0001593 64 13823 1 0.123523 0.193801 7.2311 0.416366 0.103559 0.0176538 0.000158124 36 13823 1
0.1 0.15 0.45 0.114964 0.181052 6.23074 0.470801 0.129909 0.00930294 8.18332e-05 208 46616 1 0.114964 0.181052 6.23074 0.470801 0.0450194 0.00571006 4.11911e-05 66 46616 1
0.1 0.15 0.5 0.118864 0.173739 6.10035 0.525379 0.0936179 0.00627536 5.11538e-05 235 76803 1 0.118864 0.173739 6.10035 0.525379 0.0314432 0.00365899 2.62444e-05 78 76803 1
0.1 0.15 0.55 0.115158 0.170372 5.8335 0.571191 0.0707657 0.00533567 4.09387e-05 188 83472 1 0.115158 0.170372 5.8335 0.571191 0.0230814 0.00313519 2.12484e-05 58 83472 1
0.1 0.15 0.6 0.11918 0.173036 6.16712 0.63294 0.0560049 0.00455731 3.48768e-05 161 83478 1 0.11918 0.173036 6.16712 0.63294 0.0132368 0.00214535 1.41611e-05 41 83478 1
0.1 0.15 0.65 0.120221 0.175875 6.25678 0.677231 0.0454081 0.00408214 3.17435e-05 132 83478 1 0.120221 0.175875 6.25678 0.677231 0.0138926 0.0023696 1.78691e-05 37 83478 1
0.1 0.15 0.7 0.11317 0.171655 5.89002 0.7244 0.0358353 0.00352992 2.73797e-05 109 83478 1 0.11317 0.171655 5.89002 0.7244 0.00690529 0.00159366 1.26473e-05 20 83478 1
0.1 0.15 0.75 0.113356 0.170577 5.7341 0.815918 0.031437 0.00246716 2.19097e-05 172 83478 1 0.113356 0.170577 5.7341 0.815918 0.00519632 0.000984876 7.11768e-06 29 83478 1
0.1 0.2 0.2 0 0 0 0 0 0 0 0 0 0 0 0 0 0 0 0 0 0 0 0
0.1 0.2 0.25 0 0 0 0 0 0 0 12 1174 0 0 0 0 0 0 0 0 5 1174 0
0.1 0.2 0.3 0.121433 0.273796 9.92825 0.324569 0.299291 0.0185172 0.000146268 276 26220 1 0.121433 0.273796 9.92825 0.324569 0.137379 0.0130329 9.44958e-05 118 26220 1
0.1 0.2 0.35 0.118027 0.257206 9.05538 0.376406 0.23518 0.011293 9.03959e-05 459 56835 1 0.118027 0.257206 9.05538 0.376406 0.0971351 0.00747115 4.85383e-05 178 56835 1
0.1 0.2 0.4 0.114589 0.254577 8.65023 0.422295 0.172831 0.00829963 6.46845e-05 457 75040 1 0.114589 0.254577 8.65023 0.422295 0.0595367 0.00487539 2.95366e-05 157 75040 1
0.1 0.2 0.45 0.115738 0.246015 8.42362 0.474877 0.133962 0.00723218 5.72091e-05 363 75179 1 0.115738 0.246015 8.42362 0.474877 0.0479949 0.00440824 2.97625e-05 125 75179 1
0.1 0.2 0.5 0.110226 0.237076 7.73306 0.523841 0.109284 0.00650056 5.28747e-05 302 75179 1 0.110226 0.237076 7.73306 0.523841 0.0303709 0.00335309 2.08284e-05 86 75179 1
0.1 0.2 0.55 0.113176 0.246709 8.23929 0.569086 0.081465 0.00535676 4.60352e-05 245 75179 1 0.113176 0.246709 8.23929 0.569086 0.0260148 0.0030925 2.03476e-05 74 75179 1
0.1 0.2 0.6 0.121716 0.236939 8.50775 0.627069 0.0671683 0.00507225 4.27654e-05 186 75179 1 0.121716 0.236939 8.50775 0.627069 0.0226947 0.00291685 2.11963e-05 64 75179 1
0.1 0.2 0.65 0.118658 0.230257 8.35577 0.669177 0.0517299 0.00433247 3.65084e-05 151 75179 1 0.118658 0.230257 8.35577 0.669177 0.0130329 0.00227752 1.89107e-05 35 75179 1
0.1 0.2 0.7 0.113573 0.256435 8.62921 0.724411 0.0475306 0.00407344 3.69472e-05 146 75179 1 0.113573 0.256435 8.62921 0.724411 0.00830295 0.00171619 1.22155e-05 25 75179 1
0.1 0.2 0.75 0.121756 0.235375 8.62927 0.800357 0.0322849 0.00245864 2.26381e-05 184 72644 1 0.121756 0.235375 8.62927 0.800357 0.00903153 0.00131739 1.18902e-05 51 72644 1
0.1 0.3 0.2 0.118666 0.429478 15.2991 0.223904 0.479568 0.0245245 0.000160658 399 22698 1 0.118666 0.429478 15.2991 0.223904 0.282079 0.0190398 0.000108228 229 22698 1
0.1 0.3 0.25 0.11638 0.377721 13.1293 0.274448 0.395298 0.0156256 0.000109104 670 46740 1 0.11638 0.377721 13.1293 0.274448 0.235005 0.0123327 7.84791e-05 383 46740 1
0.1 0.3 0.3 0.116804 0.375325 12.9827 0.323417 0.302616 0.0131654 9.55076e-05 556 49290 1 0.116804 0.375325 12.9827 0.323417 0.127282 0.00849466 5.05925e-05 237 49290 1
0.1 0.3 0.35 0.118135 0.3803 13.3223 0.369547 0.225557 0.0110951 7.92595e-05 438 49290 1 0.118135 0.3803 13.3223 0.369547 0.104729 0.0075847 4.72283e-05 201 49290 1
0.1 0.3 0.4 0.117928 0.380417 13.3069 0.425807 0.189241 0.0102174 7.92313e-05 362 49290 1 0.117928 0.380417 13.3069 0.425807 0.0697766 0.00632268 3.88246e-05 128 49290 1
0.1 0.3 0.45 0.117243 0.37834 13.1636 0.468345 0.171259 0.00971504 8.07273e-05 331 48654 1 0.117243 0.37834 13.1636 0.468345 0.0567484 0.00546825 3.80973e-05 116 48654 1
0.1 0.3 0.5 0.118501 0.36635 12.7351 0.527745 0.120118 0.00834505 6.88434e-05 223 43150 1 0.118501 0.36635 12.7351 0.527745 0.0443691 0.00516066 3.5765e-05 79 43150 1
0.1 0.3 0.55 0.11253 0.334945 11.1941 0.577192 0.0922757 0.00817748 6.24591e-05 137 36082 1 0.11253 0.334945 11.1941 0.577192 0.0397622 0.00588407 3.64055e-05 49 36082 1
0.1 0.3 0.6 0.118614 0.336166 11.5656 0.624147 0.0882501 0.00880773 7.90459e-05 108 28899 1 0.118614 0.336166 11.5656 0.624147 0.0330549 0.00562438 5.01159e-05 37 28899 1
0.1 0.3 0.65 0.110188 0.329615 10.8942 0.680273 0.058135 0.00774143 7.09929e-05 62 21629 1 0.110188 0.329615 10.8942 0.680273 0.0179088 0.00438179 3.76586e-05 18 21629 1
0.1 0.3 0.7 0.107454 0.326919 10.2721 0.72851 0.0328081 0.00639922 6.31935e-05 29 14274 1 0.107454 0.326919 10.2721 0.72851 0.020092 0.00659383 6.52903e-05 10 14274 1
0.1 0.3 0.75 0 0 0 0 0 0 0 4 1201 0 0 0 0 0 0 0 0 1 1201 0
0.1 0.5 0.2 0.119488 0.584816 20.6014 0.22229 0.557897 0.0298483 0.000187226 362 19008 1 0.119488 0.584816 20.6014 0.22229 0.324578 0.022721 0.000122544 214 19008 1
0.1 0.5 0.25 0.121134 0.578484 20.8231 0.273825 0.415762 0.0253783 0.000166192 280 19008 1 0.121134 0.578484 20.8231 0.273825 0.278342 0.0214269 0.000133041 177 19008 1
0.1 0.5 0.3 0.115836 0.574022 19.8261 0.319969 0.336988 0.0228006 0.000159499 230 18878 1 0.115836 0.574022 19.8261 0.319969 0.176584 0.0167708 0.000103195 117 18878 1
0.1 0.5 0.35 0.12005 0.559527 19.8403 0.375129 0.325334 0.0269057 0.000231048 155 14176 1 0.12005 0.559527 19.8403 0.375129 0.173234 0.0202147 0.000132636 78 14176 1
0.1 0.5 0.4 0.110179 0.533723 17.5718 0.423723 0.227776 0.0291418 0.000285006 66 7428 1 0.110179 0.533723 17.5718 0.423723 0.13512 0.0231208 0.000186739 37 7428 1
0.1 0.5 0.45 0 0 0 0 0 0 0 8 1356 0 0 0 0 0 0 0 0 7 1356 0
0.1 0.5 0.5 0 0 0 0 0 0 0 0 0 0 0 0 0 0 0 0 0 0 0 0
0.1 0.5 0.55 0 0 0 0 0 0 0 0 0 0 0 0 0 0 0 0 0 0 0 0
0.1 0.5 0.6 0 0 0 0 0 0 0 0 0 0 0 0 0 0 0 0 0 0 0 0
0.1 0.5 0.65 0 0 0 0 0 0 0 0 0 0 0 0 0 0 0 0 0 0 0 0
0.1 0.5 0.7 0 0 0 0 0 0 0 0 0 0 0 0 0 0 0 0 0 0 0 0
0.1 0.5 0.75 0 0 0 0 0 0 0 0 0 0 0 0 0 0 0 0 0 0 0 0
0.14 0.1 0.2 0 0 0 0 0 0 0 0 0 0 0 0 0 0 0 0 0 0 0 0
0.14 0.1 0.25 0 0 0 0 0 0 0 0 0 0 0 0 0 0 0 0 0 0 0 0
0.14 0.1 0.3 0 0 0 0 0 0 0 0 0 0 0 0 0 0 0 0 0 0 0 0
0.14 0.1 0.35 0 0 0 0 0 0 0 0 0 0 0 0 0 0 0 0 0 0 0 0
0.14 0.1 0.4 0 0 0 0 0 0 0 0 0 0 0 0 0 0 0 0 0 0 0 0
0.14 0.1 0.45 0 0 0 0 0 0 0 0 0 0 0 0 0 0 0 0 0 0 0 0
0.14 0.1 0.5 0.140815 0.147582 6.42231 0.546805 0 0 0 4 1536 0 0.140815 0.147582 6.42231 0.546805 0 0 0 2 1536 0
0.14 0.1 0.55 0.166783 0.147831 7.30295 0.58106 0.0433401 0.0114779 8.30973e-05 15 15821 1 0.166783 0.147831 7.30295 0.58106 0.0284404 0.00945055 0.000119618 10 15821 1
0.14 0.1 0.6 0.143408 0.137829 5.8782 0.611187 0.0627281 0.00957198 7.20185e-05 46 33535 1 0.143408 0.137829 5.8782 0.611187 0.00392166 0.0020138 1.32266e-05 4 33535 1
0.14 0.1 0.65 0.158035 0.136433 6.50555 0.686965 0.0354567 0.00582457 4.02899e-05 39 51156 1 0.158035 0.136433 6.50555 0.686965 0.00881298 0.00304516 1.8431e-05 9 51156 1
0.14 0.1 0.7 0.148388 0.130277 5.8188 0.722222 0.0328669 0.00533613 3.41251e-05 40 68804 1 0.148388 0.130277 5.8188 0.722222 0.00839098 0.00250293 1.71529e-05 12 68804 1
0.14 0.1 0.75 0.153457 0.114589 5.24314 0.79895 0.0224383 0.00262012 1.61317e-05 78 84184 1 0.153457 0.114589 5.24314 0.79895 0.00320526 0.00104942 6.52322e-06 10 84184 1
0.14 0.15 0.2 0 0 0 0 0 0 0 0 0 0 0 0 0 0 0 0 0 0 0 0
0.14 0.15 0.25 0 0 0 0 0 0 0 0 0 0 0 0 0 0 0 0 0 0 0 0
0.14 0.15 0.3 0 0 0 0 0 0 0 0 0 0 0 0 0 0 0 0 0 0 0 0
0.14 0.15 0.35 0 0 0 0 0 0 0 0 3 0 0 0 0 0 0 0 0 0 3 0
0.14 0.15 0.4 0.162727 0.194456 9.4995 0.429185 0.158442 0.0328696 0.000276121 24 6762 1 0.162727 0.194456 9.4995 0.429185 0.0457799 0.0167912 0.000127948 8 6762 1
0.14 0.15 0.45 0.157623 0.184369 8.68487 0.465711 0.129712 0.0139099 0.000119087 92 23654 1 0.157623 0.184369 8.68487 0.465711 0.0485994 0.00932029 6.70488e-05 29 23654 1
0.14 0.15 0.5 0.15393 0.184738 8.2791 0.532472 0.0827988 0.00884437 6.55313e-05 93 39482 1 0.15393 0.184738 8.2791 0.532472 0.0271437 0.00517221 3.71628e-05 29 39482 1
0.14 0.15 0.55 0.154076 0.166578 7.67553 0.57855 0.0667513 0.00760959 5.50684e-05 82 42979 1 0.154076 0.166578 7.67553 0.57855 0.0137728 0.00364476 2.61982e-05 15 42979 1
0.14 0.15 0.6 0 0 0 0 0.0596644 0.00710178 5.47101e-05 75 42981 1 0 0 0 0 0.012609 0.00333922 2.27167e-05 15 42981 1
0.14 0.15 0.65 0.153895 0.176988 7.99815 0.67015 0.0517541 0.00685369 5.48839e-05 60 42981 1 0.153895 0.176988 7.99815 0.67015 0.0117185 0.00345928 2.42699e-05 12 42981 1
0.14 0.15 0.7 0.16998 0.168076 8.6288 0.71697 0.0401407 0.00564686 4.40808e-05 53 42981 1 0.16998 0.168076 8.6288 0.71697 0.0049944 0.00225422 1.45361e-05 5 42981 1
0.14 0.15 0.75 0.17351 0.168055 9.05972 0.834679 0.018929 0.00271379 1.78473e-05 51 42981 1 0.17351 0.168055 9.05972 0.834679 0.0032677 0.00118401 7.41848e-06 8 42981 1
0.14 0.2 0.2 0 0 0 0 0 0 0 0 0 0 0 0 0 0 0 0 0 0 0 0
0.14 0.2 0.25 0 0 0 0 0 0 0 7 569 0 0 0 0 0 0 0 0 3 569 0
0.14 0.2 0.3 0.160374 0.270563 13.1799 0.325305 0.304647 0.0272655 0.00020457 131 12807 1 0.160374 0.270563 13.1799 0.325305 0.154832 0.0197142 0.000140291 65 12807 1
0.14 0.2 0.35 0.156768 0.251862 11.7598 0.377195 0.210961 0.015522 0.000116799 194 27542 1 0.156768 0.251862 11.7598 0.377195 0.0864261 0.0100974 6.52043e-05 77 27542 1
0.14 0.2 0.4 0.155367 0.234461 10.937 0.419523 0.174414 0.0119363 9.10366e-05 226 36637 1 0.155367 0.234461 10.937 0.419523 0.0464924 0.00642995 3.82631e-05 54 36637 1
0.14 0.2 0.45 0.155959 0.238251 10.8921 0.464458 0.135891 0.0105439 9.1052e-05 177 36718 1 0.155959 0.238251 10.8921 0.464458 0.0343974 0.00534016 3.04582e-05 44 36718 1
0.14 0.2 0.5 0.15327 0.249903 11.1816 0.519775 0.111471 0.00963947 7.8198e-05 142 36718 1 0.15327 0.249903 11.1816 0.519775 0.0227468 0.00432798 2.8689e-05 29 36718 1
0.14 0.2 0.55 0.145191 0.22542 10.002 0.579362 0.0767709 0.00763344 6.26101e-05 108 36718 1 0.145191 0.22542 10.002 0.579362 0.0192158 0.00405135 2.3612e-05 24 36718 1
0.14 0.2 0.6 0.147258 0.212701 9.39755 0.626865 0.0671173 0.00704479 6.76323e-05 97 36718 1 0.147258 0.212701 9.39755 0.626865 0.00946257 0.00246223 1.45823e-05 16 36718 1
0.14 0.2 0.65 0.152409 0.247729 11.3206 0.677517 0.056856 0.00713245 5.89278e-05 68 36718 1 0.152409 0.247729 11.3206 0.677517 0.0188625 0.00393508 3.58105e-05 24 36718 1
0.14 0.2 0.7 0 0 0 0 0.0453944 0.00574099 5.44218e-05 68 36718 1 0 0 0 0 0.00870197 0.00280215 2.11758e-05 10 36718 1
0.14 0.2 0.75 0.149177 0.248913 11.2338 0.821975 0.0410173 0.00425315 4.74036e-05 100 35454 1 0.149177 0.248913 11.2338 0.821975 0.00812101 0.00225481 1.76371e-05 14 35454 1
0.14 0.3 0.2 0.159718 0.414679 19.8251 0.22464 0.502941 0.0338954 0.000235199 229 12246 1 0.159718 0.414679 19.8251 0.22464 0.257941 0.0254505 0.00015077 107 12246 1
0.14 0.3 0.25 0.156324 0.385905 17.9602 0.270642 0.382792 0.0211548 0.00015415 343 24768 1 0.156324 0.385905 17.9602 0.270642 0.19484 0.0151081 9.51583e-05 175 24768 1
0.14 0.3 0.3 0.159 0.387848 18.2333 0.317821 0.328511 0.0191305 0.000145767 311 26157 1 0.159 0.387848 18.2333 0.317821 0.113933 0.0110219 6.30118e-05 113 26157 1
0.14 0.3 0.35 0.153613 0.367607 16.7752 0.382076 0.219336 0.0150079 0.000109437 225 26157 1 0.153613 0.367607 16.7752 0.382076 0.079387 0.00894187 5.25512e-05 85 26157 1
0.14 0.3 0.4 0.154828 0.404207 18.6806 0.431948 0.201435 0.0140972 0.000116289 218 26157 1 0.154828 0.404207 18.6806 0.431948 0.0545599 0.00720261 4.72659e-05 61 26157 1
0.14 0.3 0.45 0.159621 0.388346 18.3334 0.477534 0.162478 0.0131162 0.000118649 166 25850 1 0.159621 0.388346 18.3334 0.477534 0.0537763 0.00737064 4.9697e-05 56 25850 1
0.14 0.3 0.5 0.160709 0.385339 18.0891 0.519111 0.145391 0.0128025 0.000109778 140 22865 1 0.160709 0.385339 18.0891 0.519111 0.0436851 0.00744388 5.37426e-05 37 22865 1
0.14 0.3 0.55 0.150456 0.368543 16.7934 0.568727 0.0933152 0.010933 9.06426e-05 79 19077 1 0.150456 0.368543 16.7934 0.568727 0.0312434 0.00597745 4.52197e-05 29 19077 1
0.14 0.3 0.6 0.165003 0.325927 16.1072 0.615997 0.0798936 0.0116915 0.000100508 51 15222 1 0.165003 0.325927 16.1072 0.615997 0.0267259 0.0068463 7.42148e-05 17 15222 1
0.14 0.3 0.65 0.153189 0.323097 14.9614 0.675487 0.0882747 0.0146854 0.000155415 40 11306 1 0.153189 0.323097 14.9614 0.675487 0.0213379 0.007862 8.62221e-05 8 11306 1
0.14 0.3 0.7 0.150526 0.302919 14.1937 0.705443 0.0785733 0.0188591 0.000214736 19 7366 1 0.150526 0.302919 14.1937 0.705443 0.00473688 0.00349735 4.63953e-05 2 7366 1
0.14 0.3 0.75 0 0 0 0 0 0 0 1 667 0 0 0 0 0 0 0 0 0 667 0
0.14 0.5 0.2 0.158365 0.563766 26.3298 0.218581 0 0 0 181 9543 0 0.158365 0.563766 26.3298 0.218581 0 0 0 117 9543 0
0.14 0.5 0.25 0.162081 0.61011 29.5496 0.276007 0 0 0 135 9543 0 0.162081 0.61011 29.5496 0.276007 0 0 0 73 9543 0
0.14 0.5 0.3 0.161691 0.5674 27.4662 0.321106 0 0 0 125 9488 0 0.161691 0.5674 27.4662 0.321106 0 0 0 57 9488 0
0.14 0.5 0.35 0.159854 0.561248 26.516 0.379689 0 0 0 93 7274 0 0.159854 0.561248 26.516 0.379689 0 0 0 28 7274 0
0.14 0.5 0.4 0.171444 0.528215 26.7093 0.417797 0 0 0 39 3964 0 0.171444 0.528215 26.7093 0.417797 0 0 0 15 3964 0
0.14 0.5 0.45 0 0 0 0 0 0 0 8 743 0 0 0 0 0 0 0 0 2 743 0
0.14 0.5 0.5 0 0 0 0 0 0 0 0 0 0 0 0 0 0 0 0 0 0 0 0
0.14 0.5 0.55 0 0 0 0 0 0 0 0 0 0 0 0 0 0 0 0 0 0 0 0
0.14 0.5 0.6 0 0 0 0 0 0 0 0 0 0 0 0 0 0 0 0 0 0 0 0
0.14 0.5 0.65 0 0 0 0 0 0 0 0 0 0 0 0 0 0 0 0 0 0 0 0
0.14 0.5 0.7 0 0 0 0 0 0 0 0 0 0 0 0 0 0 0 0 0 0 0 0
0.14 0.5 0.75 0 0 0 0 0 0 0 0 0 0 0 0 0 0 0 0 0 0 0 0
0.18 0.1 0.2 0 0 0 0 0 0 0 0 0 0 0 0 0 0 0 0 0 0 0 0
0.18 0.1 0.25 0 0 0 0 0 0 0 0 0 0 0 0 0 0 0 0 0 0 0 0
0.18 0.1 0.3 0 0 0 0 0 0 0 0 0 0 0 0 0 0 0 0 0 0 0 0
0.18 0.1 0.35 0 0 0 0 0 0 0 0 0 0 0 0 0 0 0 0 0 0 0 0
0.18 0.1 0.4 0 0 0 0 0 0 0 0 0 0 0 0 0 0 0 0 0 0 0 0
0.18 0.1 0.45 0 0 0 0 0 0 0 0 0 0 0 0 0 0 0 0 0 0 0 0
0.18 0.1 0.5 0 0 0 0 0 0 0 2 2209 0 0 0 0 0 0 0 0 0 2209 0
0.18 0.1 0.55 0 0 0 0 0 0 0 17 22355 0 0 0 0 0 0 0 0 10 22355 0
0.18 0.1 0.6 0.180833 0.141933 8.19881 0.647681 0 0 0 29 47849 0 0.180833 0.141933 8.19881 0.647681 0 0 0 7 47849 0
0.18 0.1 0.65 0.209679 0.133499 8.23968 0.668347 0 0 0 32 71622 0 0.209679 0.133499 8.23968 0.668347 0 0 0 3 71622 0
0.18 0.1 0.7 0.242805 0.127966 9.0299 0.71501 0 0 0 24 91224 0 0.242805 0.127966 9.0299 0.71501 0 0 0 5 91224 0
0.18 0.1 0.75 0.236866 0.111717 7.9311 0.76305 0 0 0 53 101480 0 0.236866 0.111717 7.9311 0.76305 0 0 0 8 101480 0
0.18 0.15 0.2 0 0 0 0 0 0 0 0 0 0 0 0 0 0 0 0 0 0 0 0
0.18 0.15 0.25 0 0 0 0 0 0 0 0 0 0 0 0 0 0 0 0 0 0 0 0
0.18 0.15 0.3 0 0 0 0 0 0 0 0 0 0 0 0 0 0 0 0 0 0 0 0
0.18 0.15 0.35 0 0 0 0 0 0 0 0 3 0 0 0 0 0 0 0 0 0 3 0
0.18 0.15 0.4 0.202176 0.189989 12.2053 0.448347 0.128374 0.0256083 0.000239637 27 9267 1 0.202176 0.189989 12.2053 0.448347 0.0828061 0.0248904 0.000248826 12 9267 1
0.18 0.15 0.45 0.23064 0.184553 12.9881 0.471841 0.112011 0.0136742 0.000118448 72 31888 1 0.23064 0.184553 12.9881 0.471841 0.0198439 0.00604478 4.04558e-05 11 31888 1
0.18 0.15 0.5 0.209413 0.183937 11.6282 0.518637 0.0904533 0.010023 8.2366e-05 88 53683 1 0.209413 0.183937 11.6282 0.518637 0.0279972 0.00541908 4.0907e-05 29 53683 1
0.18 0.15 0.55 0.262665 0.177807 14.325 0.560932 0.0601415 0.00741682 5.4727e-05 70 58404 1 0.262665 0.177807 14.325 0.560932 0.0140673 0.00396926 2.44e-05 13 58404 1
0.18 0.15 0.6 0.257657 0.163322 13.0007 0.61375 0.0578087 0.0071475 6.13418e-05 69 58407 1 0.257657 0.163322 13.0007 0.61375 0.00400091 0.00160062 1.43729e-05 7 58407 1
0.18 0.15 0.65 0.21744 0.172991 11.3896 0.67249 0.0423155 0.00602429 4.54538e-05 52 58407 1 0.21744 0.172991 11.3896 0.67249 0.00826091 0.00318419 2.56989e-05 7 58407 1
0.18 0.15 0.7 0.215932 0.196422 12.675 0.708416 0.0312812 0.00520517 3.87414e-05 38 58407 1 0.215932 0.196422 12.675 0.708416 0.0074262 0.00270235 3.13643e-05 8 58407 1
0.18 0.15 0.75 0.215344 0.183301 12.079 0.794604 0.0249788 0.00323842 2.58483e-05 64 58407 1 0.215344 0.183301 12.079 0.794604 0.00315167 0.00108009 8.04352e-06 9 58407 1
0.18 0.2 0.2 0 0 0 0 0 0 0 0 0 0 0 0 0 0 0 0 0 0 0 0
0.18 0.2 0.25 0.237877 0.297866 22.3035 0.2845 0 0 0 7 890 0 0.237877 0.297866 22.3035 0.2845 0 0 0 5 890 0
0.18 0.2 0.3 0.225181 0.272742 18.4062 0.322358 0.218649 0.0191602 0.000155966 138 19348 1 0.225181 0.272742 18.4062 0.322358 0.106476 0.0136504 0.000107893 65 19348 1
0.18 0.2 0.35 0.243467 0.255925 18.6916 0.37311 0.197504 0.0132818 0.000112116 235 40566 1 0.243467 0.255925 18.6916 0.37311 0.0994768 0.00938332 7.99929e-05 120 40566 1
0.18 0.2 0.4 0.258317 0.242222 18.2948 0.427058 0.16895 0.010903 9.81846e-05 257 52968 1 0.258317 0.242222 18.2948 0.427058 0.0453384 0.00573076 3.95503e-05 66 52968 1
0.18 0.2 0.45 0.221321 0.260182 17.3305 0.476401 0.121047 0.00914282 7.76394e-05 188 53073 1 0.221321 0.260182 17.3305 0.476401 0.0241693 0.00408681 2.69757e-05 37 53073 1
0.18 0.2 0.5 0.271889 0.246779 20.0695 0.523937 0.0922818 0.00761748 6.99426e-05 159 53073 1 0.271889 0.246779 20.0695 0.523937 0.0224836 0.0037492 2.50897e-05 38 53073 1
0.18 0.2 0.55 0.210562 0.283462 18.2523 0.588077 0.0632772 0.00590753 4.8754e-05 123 53073 1 0.210562 0.283462 18.2523 0.588077 0.0122931 0.00261794 1.65397e-05 23 53073 1
0.18 0.2 0.6 0.219578 0.230122 14.9038 0.619118 0.0637301 0.00630269 5.72993e-05 111 53073 1 0.219578 0.230122 14.9038 0.619118 0.0125183 0.00285994 1.95202e-05 20 53073 1
0.18 0.2 0.65 0.198486 0.219468 13.1377 0.676875 0.0613659 0.00630814 6.21245e-05 102 53073 1 0.198486 0.219468 13.1377 0.676875 0.00848716 0.0023325 1.73388e-05 14 53073 1
0.18 0.2 0.7 0.255595 0.272085 20.0676 0.743679 0.0528565 0.00579477 6.20165e-05 91 53073 1 0.255595 0.272085 20.0676 0.743679 0.00956578 0.00211998 2.10519e-05 22 53073 1
0.18 0.2 0.75 0.313511 0.273985 27.0362 0.789931 0.0258918 0.00268665 2.59422e-05 103 51125 1 0.313511 0.273985 27.0362 0.789931 0.00533522 0.00126267 1.22776e-05 19 51125 1
0.18 0.3 0.2 0.252126 0.426594 31.955 0.22378 0.45749 0.0265804 0.000202403 311 17967 1 0.252126 0.426594 31.955 0.22378 0.278002 0.0221709 0.000152664 165 17967 1
0.18 0.3 0.25 0.265717 0.394768 31.1037 0.274802 0.349831 0.0164903 0.000125152 474 37217 1 0.265717 0.394768 31.1037 0.274802 0.174386 0.011775 8.32951e-05 232 37217 1
0.18 0.3 0.3 0.241593 0.396173 28.0143 0.322339 0.293251 0.0146947 0.000120987 423 39255 1 0.241593 0.396173 28.0143 0.322339 0.108785 0.00880037 5.97704e-05 160 39255 1
0.18 0.3 0.35 0.244426 0.365191 26.1877 0.37597 0.233423 0.0126928 0.000111413 358 39255 1 0.244426 0.365191 26.1877 0.37597 0.0837449 0.00780589 5.49558e-05 122 39255 1
0.18 0.3 0.4 0.263877 0.393988 31.001 0.417639 0.203258 0.0120261 0.000110356 306 39255 1 0.263877 0.393988 31.001 0.417639 0.0703936 0.00726403 5.16159e-05 100 39255 1
0.18 0.3 0.45 0.256881 0.376251 28.2991 0.474322 0.188261 0.0119005 0.000116337 268 38781 1 0.256881 0.376251 28.2991 0.474322 0.0425445 0.00527538 3.64318e-05 68 38781 1
0.18 0.3 0.5 0.243524 0.37856 27.5445 0.524559 0.139372 0.0105102 0.000106723 191 34483 1 0.243524 0.37856 27.5445 0.524559 0.0382388 0.00550629 5.0409e-05 51 34483 1
0.18 0.3 0.55 0.224898 0.352726 24.1468 0.569934 0.114696 0.0102246 0.000121228 139 28860 1 0.224898 0.352726 24.1468 0.569934 0.0298943 0.00598284 4.98284e-05 27 28860 1
0.18 0.3 0.6 0.23682 0.335593 23.5732 0.6243 0.111731 0.0126509 0.000133896 86 23078 1 0.23682 0.335593 23.5732 0.6243 0.0272093 0.00588698 5.29672e-05 23 23078 1
0.18 0.3 0.65 0.35575 0.308476 33.9351 0.666655 0 0 0 53 17143 0 0.35575 0.308476 33.9351 0.666655 0 0 0 13 17143 0
0.18 0.3 0.7 0.370454 0.302718 34.1372 0.723554 0 0 0 25 11276 0 0.370454 0.302718 34.1372 0.723554 0 0 0 5 11276 0
0.18 0.3 0.75 0 0 0 0 0 0 0 3 1024 0 0 0 0 0 0 0 0 1 1024 0
0.18 0.5 0.2 0.246762 0.564292 41.9436 0.219493 0 0 0 272 13270 0 0.246762 0.564292 41.9436 0.219493 0 0 0 153 13270 0
0.18 0.5 0.25 0.223715 0.575 38.0605 0.270545 0 0 0 241 13270 0 0.223715 0.575 38.0605 0.270545 0 0 0 93 13270 0
0.18 0.5 0.3 0.24527 0.614002 43.7992 0.331634 0 0 0 170 13174 0 0.24527 0.614002 43.7992 0.331634 0 0 0 85 13174 0
0.18 0.5 0.35 0.238376 0.57383 40.4477 0.377926 0 0 0 130 9882 0 0.238376 0.57383 40.4477 0.377926 0 0 0 41 9882 0
0.18 0.5 0.4 0.205238 0.516852 30.3288 0.441922 0 0 0 60 5334 0 0.205238 0.516852 30.3288 0.441922 0 0 0 12 5334 0
0.18 0.5 0.45 0 0 0 0 0 0 0 8 982 0 0 0 0 0 0 0 0 2 982 0
0.18 0.5 0.5 0 0 0 0 0 0 0 0 0 0 0 0 0 0 0 0 0 0 0 0
0.18 0.5 0.55 0 0 0 0 0 0 0 0 0 0 0 0 0 0 0 0 0 0 0 0
0.18 0.5 0.6 0 0 0 0 0 0 0 0 0 0 0 0 0 0 0 0 0 0 0 0
0.18 0.5 0.65 0 0 0 0 0 0 0 0 0 0 0 0 0 0 0 0 0 0 0 0
0.18 0.5 0.7 0 0 0 0 0 0 0 0 0 0 0 0 0 0 0 0 0 0 0 0
0.18 0.5 0.75 0 0 0 0 0 0 0 0 0 0 0 0 0 0 0 0 0 0 0 0 
