0 0 0 0 0 0
0 0 1 0 0 0
0 0 2 0 0 0
0 0 3 0 0 0
0 0 4 0 0 0
0 0 5 0 0 0
0 0 6 0 0 0
0 0 7 0 0 0
0 0 8 0 0 0
0 0 9 0 0 0
0 0 10 0 0 0
0 0 11 0 0 0
1 0 0 0 0 0
1 0 1 0 0 0
1 0 2 0 0 0
1 0 3 0 0 0
1 0 4 0 0 0
1 0 5 0 0 0
1 0 6 0 0 0
1 0 7 0 0 0
1 0 8 0 0 0
1 0 9 0 0 0
1 0 10 0 0 0
1 0 11 0 0 0
0 1 0 2.09179 0.398494 0.00870061
0 1 1 1.42715 0.340499 0.00608349
0 1 2 0.440528 0.0991462 0.00294166
0 1 3 0 0 0
0 1 4 0 0 0
0 1 5 0 0 0
0 1 6 0 0 0
0 1 7 0 0 0
0 1 8 0 0 0
0 1 9 0 0 0
0 1 10 0 0 0
0 1 11 0 0 0
1 1 0 1.97417 0.426532 0.00704018
1 1 1 3.79541 0.865275 0.0169738
1 1 2 0.703204 0.167089 0.00377198
1 1 3 0 0 0
1 1 4 0 0 0
1 1 5 0 0 0
1 1 6 0 0 0
1 1 7 0 0 0
1 1 8 0 0 0
1 1 9 0 0 0
1 1 10 0 0 0
1 1 11 0 0 0
0 2 0 2.39154 0.028464 0.00151564
0 2 1 1.8864 0.0230324 0.00146809
0 2 2 0.89561 0.0123132 0.000862784
0 2 3 0.685707 0.0397999 0.00187749
0 2 4 0 0 0
0 2 5 0 0 0
0 2 6 0 0 0
0 2 7 0 0 0
0 2 8 0 0 0
0 2 9 0 0 0
0 2 10 0 0 0
0 2 11 0 0 0
1 2 0 2.75945 0.0313712 0.00166364
1 2 1 1.96473 0.024593 0.00148106
1 2 2 1.24475 0.0171003 0.0011317
1 2 3 0.693843 0.0542104 0.0019566
1 2 4 0 0 0
1 2 5 0 0 0
1 2 6 0 0 0
1 2 7 0 0 0
1 2 8 0 0 0
1 2 9 0 0 0
1 2 10 0 0 0
1 2 11 0 0 0
0 3 0 2.2618 0.0100701 0.000835364
0 3 1 1.63052 0.00783998 0.000729122
0 3 2 0.982817 0.00497033 0.000537263
0 3 3 0.796889 0.00951555 0.000837952
0 3 4 0.291632 0.017126 0.000834792
0 3 5 0 0 0
0 3 6 0 0 0
0 3 7 0 0 0
0 3 8 0 0 0
0 3 9 0 0 0
0 3 10 0 0 0
0 3 11 0 0 0
1 3 0 2.92014 0.0126616 0.00100356
1 3 1 1.83037 0.00813025 0.000723651
1 3 2 1.41187 0.00713659 0.000747691
1 3 3 1.00118 0.0121924 0.000938904
1 3 4 1.05781 0.0674245 0.00305886
1 3 5 0 0 0
1 3 6 0 0 0
1 3 7 0 0 0
1 3 8 0 0 0
1 3 9 0 0 0
1 3 10 0 0 0
1 3 11 0 0 0
0 4 0 2.34534 0.00335978 0.000382952
0 4 1 1.58305 0.00238436 0.000303815
0 4 2 1.11591 0.00180278 0.000275217
0 4 3 0.772998 0.00209002 0.000279493
0 4 4 0.545739 0.00302069 0.000330321
0 4 5 0.347115 0.00676908 0.000628399
0 4 6 0.374494 0.0161277 0.00138769
0 4 7 0.108468 0.0123535 0.00128613
0 4 8 0 0 0
0 4 9 0 0 0
0 4 10 0 0 0
0 4 11 0 0 0
1 4 0 2.87942 0.00412065 0.000435136
1 4 1 1.98206 0.00292 0.000370878
1 4 2 1.49944 0.00237214 0.000330008
1 4 3 1.09229 0.00279155 0.000358211
1 4 4 0.750184 0.00444616 0.000447745
1 4 5 0.458918 0.0097044 0.000830605
1 4 6 0.70619 0.0302669 0.00208152
1 4 7 0.141578 0.0210452 0.00167782
1 4 8 0 0 0
1 4 9 0 0 0
1 4 10 0 0 0
1 4 11 0 0 0
0 5 0 2.27965 0.00163741 0.000215142
0 5 1 1.53173 0.00106643 0.000174064
0 5 2 1.04413 0.000763455 0.000139842
0 5 3 0.746936 0.000679115 0.000125934
0 5 4 0.464087 0.000591527 0.000119294
0 5 5 0.364793 0.000819321 0.00019883
0 5 6 0.22859 0.000732622 0.000182567
0 5 7 0.215291 0.00134796 0.000291185
0 5 8 0.122597 0.00140332 0.000245324
0 5 9 0.0813742 0.00168898 0.000313542
0 5 10 0.112202 0.00660338 0.000911929
0 5 11 0.0709958 0.00597202 0.00157132
1 5 0 2.94455 0.00205921 0.000254842
1 5 1 2.06504 0.00141754 0.000212577
1 5 2 1.53008 0.00108275 0.000177448
1 5 3 1.0902 0.000984534 0.000173952
1 5 4 0.840096 0.00106143 0.000184085
1 5 5 0.64572 0.00146243 0.000301007
1 5 6 0.404303 0.00133682 0.000277824
1 5 7 0.36159 0.00202083 0.00034216
1 5 8 0.277796 0.00302607 0
1 5 9 0.119685 0.002076 0.000324661
1 5 10 0.15067 0.00576605 0.000578315
1 5 11 0.406711 0.0808692 0
0 6 0 2.29873 0.00226847 0.000243857
0 6 1 1.50847 0.00128174 0.000184939
0 6 2 0.979897 0.000801384 0.000124813
0 6 3 0.678456 0.000641874 0.000108072
0 6 4 0.477943 0.000546277 0.000107868
0 6 5 0.323461 0.000470387 0.000125301
0 6 6 0.23418 0.000413625 0.000109735
0 6 7 0.155429 0.000376272 9.83728e-05
0 6 8 0.0903546 0.000276063 8.02412e-05
0 6 9 0.103971 0.000504685 0.000136622
0 6 10 0.0752763 0.00050862 0.000156257
0 6 11 0.0481387 0.00047386 0.000173888
1 6 0 3.02078 0.00297649 0.000297255
1 6 1 2.13821 0.00177307 0.000232678
1 6 2 1.51854 0.00123938 0.000174453
1 6 3 1.11781 0.00105297 0.00016145
1 6 4 0.814859 0.000892129 0.000150472
1 6 5 0.564563 0.000803417 0.000183017
1 6 6 0.413722 0.0007112 0.000143051
1 6 7 0.367222 0.000885868 0.000181021
1 6 8 0.206374 0.000634519 0.000118815
1 6 9 0.139134 0.000520677 0.000117976
1 6 10 0.118845 0.000773978 0.000142494
1 6 11 0.0602357 0.000530207 0.000190634
0 7 0 2.07872 0.00647567 0.000611754
0 7 1 1.32235 0.00248748 0.000370794
0 7 2 0.946676 0.00153685 0.000221533
0 7 3 0.560414 0.000837872 0.000151167
0 7 4 0.395911 0.000583887 0.000124763
0 7 5 0.269815 0.00039746 9.59457e-05
0 7 6 0.178172 0.000316439 7.56737e-05
0 7 7 0.131379 0.000239963 7.30762e-05
0 7 8 0.0791031 0.000171589 5.69238e-05
0 7 9 0.0596494 0.00018987 5.79959e-05
0 7 10 0.0582438 0.000220202 7.85923e-05
0 7 11 0.0221312 8.24459e-05 4.86819e-05
1 7 0 2.90318 0.00903558 0.000763105
1 7 1 2.01266 0.00372693 0.000499294
1 7 2 1.52467 0.00235813 0.000302077
1 7 3 0.994637 0.00144504 0.000221871
1 7 4 0.790059 0.00109588 0.000205874
1 7 5 0.527583 0.000748322 0
1 7 6 0.436153 0.000765111 0.000148078
1 7 7 0.299771 0.00057476 0.000130637
1 7 8 0.249441 0.000602459 0.000127722
1 7 9 0.248075 0.000921098 0.000167841
1 7 10 0.138549 0.000520302 0.000125644
1 7 11 0.0879908 0.000340159 0.000118891
0 8 0 1.95572 0.00358464 0.000479388
0 8 1 1.29935 0.00131235 0.000296205
0 8 2 0.882061 0.000672071 0.000159936
0 8 3 0.541761 0.000354497 0.00010535
0 8 4 0.35981 0.000219661 7.40408e-05
0 8 5 0.247306 0.000143954 5.53943e-05
0 8 6 0.182141 0.000111423 4.85547e-05
0 8 7 0.10772 7.36455e-05 3.68002e-05
0 8 8 0.0879516 7.08479e-05 3.75062e-05
0 8 9 0.0537814 6.76687e-05 4.28646e-05
0 8 10 0.0346625 3.96387e-05 3.30728e-05
0 8 11 0.0251869 1.57486e-05 2.08396e-05
1 8 0 2.90461 0.00509247 0.000623053
1 8 1 1.98242 0.00196982 0.000387774
1 8 2 1.35639 0.00100883 0.000198244
1 8 3 1.01557 0.000651805 0.000161394
1 8 4 0.779518 0.000480861 0.000130176
1 8 5 0.588732 0.000349791 0.000103451
1 8 6 0.439258 0.000274067 9.36505e-05
1 8 7 0.325378 0.000216261 7.89931e-05
1 8 8 0.274527 0.00023234 7.90685e-05
1 8 9 0.209064 0.000296342 0.000118579
1 8 10 0.141322 0.000181664 8.92225e-05
1 8 11 0.0826891 5.389e-05 4.77016e-05
