0 0 0 5.66801 0.00052674 0
0 0 1 3.74386 0.000349775 0
0 0 2 2.61833 0.000254119 0
0 0 3 1.88007 0.000239146 0
0 0 4 1.43695 0.000265821 0
0 0 5 1.08313 0.000298211 0
0 0 6 0.872571 0.000397266 0
0 0 7 0.70085 0.000582103 0
0 0 8 0.462245 0.00090134 0
0 0 9 0.445253 0.00332324 0
0 0 10 0 0 0
0 0 11 0 0 0
1 0 0 6.33662 0.000577004 0
1 0 1 4.286 0.000390612 0
1 0 2 3.02711 0.000287784 0
1 0 3 2.29219 0.000286892 0
1 0 4 1.77329 0.000321541 0
1 0 5 1.41238 0.000394312 0
1 0 6 1.14026 0.000514088 0
1 0 7 0.943904 0.000760443 0
1 0 8 0.754884 0.00145553 0
1 0 9 0.314658 0.00187933 0
1 0 10 0 0 0
1 0 11 0 0 0
0 1 0 5.81929 0.000444313 0
0 1 1 3.86622 0.000198708 0
0 1 2 2.59719 0.000109299 0
0 1 3 1.85268 7.52191e-05 0
0 1 4 1.40886 5.91411e-05 0
0 1 5 1.11673 5.02392e-05 0
0 1 6 0.870688 4.3641e-05 0
0 1 7 0.679561 3.76335e-05 0
0 1 8 0.533909 3.30607e-05 0
0 1 9 0.419768 2.97142e-05 0
0 1 10 0.366119 3.02876e-05 0
0 1 11 0.303091 1.85256e-05 0
1 1 0 6.72133 0.000502345 0
1 1 1 4.61583 0.000232849 0
1 1 2 3.14226 0.000130456 0
1 1 3 2.37598 9.46589e-05 0
1 1 4 1.81629 7.4895e-05 0
1 1 5 1.42464 6.31938e-05 0
1 1 6 1.14861 5.64535e-05 0
1 1 7 0.90147 4.89463e-05 0
1 1 8 0.734283 4.54724e-05 0
1 1 9 0.581326 4.09799e-05 0
1 1 10 0.483495 3.97655e-05 0
1 1 11 0.415776 2.44135e-05 0
0 2 0 5.8962 0.00133448 0
0 2 1 3.94731 0.000570648 0
0 2 2 2.62542 0.000279239 0
0 2 3 1.87921 0.00016327 0
0 2 4 1.33142 9.87184e-05 0
0 2 5 1.02286 6.62892e-05 0
0 2 6 0.823187 4.96322e-05 0
0 2 7 0.643827 3.72547e-05 0
0 2 8 0.491871 2.84812e-05 0
0 2 9 0.401826 2.39826e-05 0
0 2 10 0.327745 2.03334e-05 0
0 2 11 0.269076 9.15081e-06 0
1 2 0 7.03132 0.00154617 0
1 2 1 4.79409 0.000680048 0
1 2 2 3.28288 0.000341282 0
1 2 3 2.42335 0.000205443 0
1 2 4 1.89767 0.000138143 0
1 2 5 1.47182 9.47864e-05 0
1 2 6 1.18414 7.08522e-05 0
1 2 7 0.914513 5.29195e-05 0
1 2 8 0.715445 4.11771e-05 0
1 2 9 0.557954 3.29968e-05 0
1 2 10 0.497361 3.08623e-05 0
1 2 11 0.384526 1.28987e-05 0
0 3 0 6.03583 0.00272364 0
0 3 1 3.979 0.00118038 0
0 3 2 2.6292 0.000559761 0
0 3 3 1.81298 0.000308363 0
0 3 4 1.37937 0.000199757 0
0 3 5 1.07384 0.000136926 0
0 3 6 0.751114 8.39473e-05 0
0 3 7 0.606421 6.17779e-05 0
0 3 8 0.451088 4.22192e-05 0
0 3 9 0.337789 2.90296e-05 0
0 3 10 0.305778 2.44156e-05 0
0 3 11 0.214141 8.50771e-06 0
1 3 0 7.44059 0.00325244 0
1 3 1 4.96885 0.00143536 0
1 3 2 3.41697 0.000712476 0
1 3 3 2.46564 0.000408386 0
1 3 4 1.79221 0.000253989 0
1 3 5 1.49724 0.000186669 0
1 3 6 1.11956 0.000124693 0
1 3 7 0.854327 8.59083e-05 0
1 3 8 0.749923 7.00422e-05 0
1 3 9 0.598415 5.15517e-05 0
1 3 10 0.448049 3.54964e-05 0
1 3 11 0.365638 1.45255e-05 0
0 4 0 5.94305 0.00279585 0
0 4 1 3.72309 0.00111955 0
0 4 2 2.49615 0.000539544 0
0 4 3 1.72946 0.000300026 0
0 4 4 1.30442 0.000189381 0
0 4 5 1.01664 0.000129966 0
0 4 6 0.696564 7.70074e-05 0
0 4 7 0.550315 5.45092e-05 0
0 4 8 0.401346 3.58576e-05 0
0 4 9 0.309606 2.55112e-05 0
0 4 10 0.26648 2.0263e-05 0
0 4 11 0.202912 7.57886e-06 0
1 4 0 7.58837 0.00345504 0
1 4 1 5.05705 0.00148278 0
1 4 2 3.45413 0.000727049 0
1 4 3 2.61291 0.000442806 0
1 4 4 2.03231 0.000294539 0
1 4 5 1.50646 0.000188268 0
1 4 6 1.17556 0.000129541 0
1 4 7 0.842549 8.23004e-05 0
1 4 8 0.668837 5.91416e-05 0
1 4 9 0.57979 4.7992e-05 0
1 4 10 0.399708 2.98597e-05 0
1 4 11 0.328731 1.19564e-05 0
0 5 0 6.05319 0.00377122 0
0 5 1 3.81639 0.00154712 0
0 5 2 2.38797 0.00068608 0
0 5 3 1.70557 0.00039479 0
0 5 4 1.23242 0.000238103 0
0 5 5 0.917576 0.000154689 0
0 5 6 0.616579 8.97763e-05 0
0 5 7 0.480203 6.27223e-05 0
0 5 8 0.32657 3.75607e-05 0
0 5 9 0.250531 2.70638e-05 0
0 5 10 0.217795 2.11188e-05 0
0 5 11 0.148469 6.9e-06 0
1 5 0 7.88583 0.00475399 0
1 5 1 5.21463 0.0020347 0
1 5 2 3.6251 0.00101802 0
1 5 3 2.65116 0.00059651 0
1 5 4 1.78276 0.000334666 0
1 5 5 1.38583 0.000228478 0
1 5 6 1.18621 0.00017308 0
1 5 7 0.815355 0.000103814 0
1 5 8 0.630062 7.27568e-05 0
1 5 9 0.491535 5.18526e-05 0
1 5 10 0.414858 3.99857e-05 0
1 5 11 0.29929 1.37413e-05 0
0 6 0 5.98243 0.00901944 0
0 6 1 3.65572 0.00365178 0
0 6 2 2.3124 0.0017179 0
0 6 3 1.33431 0.000786394 0
0 6 4 0.934154 0.000458741 0
0 6 5 0.768425 0.000328597 0
0 6 6 0.51307 0.000189045 0
0 6 7 0.329015 0.000103419 0
0 6 8 0.200844 5.48358e-05 0
0 6 9 0.227745 5.9251e-05 0
0 6 10 0.156008 3.77321e-05 0
0 6 11 0.103015 1.16776e-05 0
1 6 0 8.29162 0.0121809 0
1 6 1 5.46072 0.00526018 0
1 6 2 3.54495 0.0025143 0
1 6 3 2.38053 0.00138336 0
1 6 4 1.6486 0.000800933 0
1 6 5 1.4689 0.000614531 0
1 6 6 0.970124 0.00034911 0
1 6 7 0.77622 0.000244105 0
1 6 8 0.550028 0.000155555 0
1 6 9 0.405623 0.00010231 0
1 6 10 0.2331 5.42608e-05 0
1 6 11 0.23661 2.63069e-05 0
0 7 0 5.90262 0.0178089 0
0 7 1 3.62176 0.00708223 0
0 7 2 2.28152 0.00330186 0
0 7 3 1.50867 0.00185059 0
0 7 4 0.78077 0.000776597 0
0 7 5 0.558961 0.000461749 0
0 7 6 0.410455 0.000311482 0
0 7 7 0.364293 0.00023966 0
0 7 8 0.163202 9.49292e-05 0
0 7 9 0.148517 8.30897e-05 0
0 7 10 0.101327 6.13722e-05 0
0 7 11 0.0694216 1.681e-05 0
1 7 0 8.63002 0.0244539 0
1 7 1 5.3658 0.00990773 0
1 7 2 3.39873 0.00461682 0
1 7 3 2.36331 0.00271813 0
1 7 4 2.05336 0.00208641 0
1 7 5 1.38023 0.00113491 0
1 7 6 1.11062 0.000804912 0
1 7 7 0.627588 0.000389909 0
1 7 8 0.589732 0.000434782 0
1 7 9 0.384163 0.00019566 0
1 7 10 0.149373 0.000210351 0
1 7 11 0.204815 4.95838e-05 0
0 8 0 5.85108 0.0126866 0
0 8 1 3.30905 0.00456289 0
0 8 2 1.93492 0.00202456 0
0 8 3 1.13417 0.000966344 0
0 8 4 0.578671 0.000435787 0
0 8 5 0.56056 0.000354423 0
0 8 6 0.332365 0.000172825 0
0 8 7 0.196724 8.76004e-05 0
0 8 8 0.141697 5.98626e-05 0
0 8 9 0.0828913 3.26624e-05 0
0 8 10 0.0613893 1.9647e-05 0
0 8 11 0.0445078 7.68796e-06 0
1 8 0 8.67198 0.0172964 0
1 8 1 5.1917 0.00686831 0
1 8 2 3.16392 0.00310179 0
1 8 3 2.32157 0.0018871 0
1 8 4 1.30887 0.000955496 0
1 8 5 1.13671 0.000686451 0
1 8 6 0.792197 0.000409952 0
1 8 7 0.50689 0.000228796 0
1 8 8 0.371598 0.000148225 0
1 8 9 0.26494 9.93505e-05 0
1 8 10 0.2042 8.74009e-05 0
1 8 11 0.123154 2.15251e-05 0
