0 0 0 0 0 0
0 0 1 0.20546 1.96394e-05 1.07056e-05
0 0 2 0.695147 5.92128e-05 4.4065e-05
0 0 3 0.135872 8.98309e-06 6.03465e-06
0 0 4 0.375198 3.46319e-05 2.6597e-05
0 0 5 0.357952 5.08313e-05 4.99216e-05
0 0 6 0.312764 6.17914e-05 6.32956e-05
0 0 7 0.25709 9.14385e-05 8.30813e-05
0 0 8 0.169302 0.000129832 0.000104137
0 0 9 0.168882 0.000564562 0.000272308
0 0 10 0 0 0
0 0 11 0 0 0
1 0 0 0 0 0
1 0 1 0.235047 2.18385e-05 1.16425e-05
1 0 2 0.812005 6.89595e-05 4.89209e-05
1 0 3 0.190855 1.30537e-05 7.5506e-06
1 0 4 0.459885 4.30101e-05 3.01908e-05
1 0 5 0.448714 6.46001e-05 5.9457e-05
1 0 6 0.400558 7.93614e-05 7.79878e-05
1 0 7 0.353079 0.000130976 0.000109695
1 0 8 0.238675 0.000178762 0.000133733
1 0 9 0.179096 0.00064227 0.000269583
1 0 10 0 0 0
1 0 11 0 0 0
0 1 0 0 0 0
0 1 1 0.144412 1.73253e-05 8.71205e-06
0 1 2 0.57815 6.09967e-05 4.18578e-05
0 1 3 0.0316399 1.08531e-06 1.17418e-06
0 1 4 0.14283 5.06056e-06 6.95991e-06
0 1 5 0.186159 7.51768e-06 1.33282e-05
0 1 6 0.196193 8.43928e-06 1.74554e-05
0 1 7 0.194702 9.36251e-06 2.20568e-05
0 1 8 0.0228683 7.15229e-07 1.53076e-06
0 1 9 0.0562693 1.79046e-06 5.58198e-06
0 1 10 0.0752017 2.69193e-06 9.85164e-06
0 1 11 0.0570679 1.22658e-06 8.9987e-06
1 1 0 0 0 0
1 1 1 0.1675 1.90858e-05 9.33847e-06
1 1 2 0.696414 7.26757e-05 4.75267e-05
1 1 3 0.0362291 1.18389e-06 1.24836e-06
1 1 4 0.18677 6.63901e-06 8.38236e-06
1 1 5 0.244962 1.00031e-05 1.61896e-05
1 1 6 0.25631 1.11524e-05 2.07236e-05
1 1 7 0.00010168 2.48211e-09 1.03011e-08
1 1 8 0.0277389 8.40252e-07 1.74726e-06
1 1 9 0.0805039 2.6614e-06 6.83688e-06
1 1 10 0.099383 3.69488e-06 1.10321e-05
1 1 11 0.0863714 2.15885e-06 1.12885e-05
0 2 0 0 0 0
0 2 1 0.128907 4.48471e-05 1.32808e-05
0 2 2 0.539361 0.000166815 6.70598e-05
0 2 3 0.0297336 2.65645e-06 1.90185e-06
0 2 4 0.131494 1.21018e-05 1.0679e-05
0 2 5 0.176595 1.84098e-05 2.04452e-05
0 2 6 0.167283 1.85002e-05 2.40231e-05
0 2 7 0.179662 2.24225e-05 3.14927e-05
0 2 8 0.00636832 2.99476e-07 7.28569e-07
0 2 9 0.0340397 1.79207e-06 4.65726e-06
0 2 10 0.0440366 2.41518e-06 7.52434e-06
0 2 11 0.0428348 1.18129e-06 7.72833e-06
1 2 0 0 0 0
1 2 1 0.150324 5.09141e-05 1.47317e-05
1 2 2 0.681379 0.000208864 8.00107e-05
1 2 3 0.0395217 3.55434e-06 2.3172e-06
1 2 4 0.187053 1.69455e-05 1.38065e-05
1 2 5 0.242686 2.53034e-05 2.61604e-05
1 2 6 0.245426 2.68979e-05 3.10614e-05
1 2 7 0.000505259 2.42955e-08 5.21422e-08
1 2 8 0.0130666 6.94511e-07 1.25139e-06
1 2 9 0.0472034 2.50736e-06 5.38333e-06
1 2 10 0.0644134 3.54413e-06 9.54696e-06
1 2 11 0.069761 2.20994e-06 1.03872e-05
0 3 0 0 0 0
0 3 1 0.146631 0.000107863 2.17236e-05
0 3 2 0.542677 0.000350458 9.63454e-05
0 3 3 0.0191678 2.93507e-06 1.88527e-06
0 3 4 0.129534 2.31386e-05 1.54503e-05
0 3 5 0.168943 3.43077e-05 2.87461e-05
0 3 6 0.156961 3.42482e-05 3.26335e-05
0 3 7 0.0001574 1.19059e-08 4.0268e-08
0 3 8 0.008219 8.10488e-07 1.31529e-06
0 3 9 0.0240078 2.31311e-06 5.15121e-06
0 3 10 0.0367168 3.87451e-06 8.77515e-06
0 3 11 0.0384028 2.25818e-06 9.83884e-06
1 3 0 0 0 0
1 3 1 0.175337 0.00012888 2.43634e-05
1 3 2 0.691756 0.000430953 0.000111948
1 3 3 0.0278679 4.40594e-06 2.42994e-06
1 3 4 0.176582 3.16596e-05 1.93321e-05
1 3 5 0.249919 5.01834e-05 3.91777e-05
1 3 6 0.256862 5.76651e-05 4.79317e-05
1 3 7 0.240553 5.9453e-05 5.51341e-05
1 3 8 0.0131104 1.36428e-06 1.72718e-06
1 3 9 0.0385911 3.73322e-06 6.58273e-06
1 3 10 0.0696426 7.69076e-06 1.40971e-05
1 3 11 0.0684167 4.40333e-06 1.39022e-05
0 4 0 0 0 0
0 4 1 0.154698 0.000112134 2.25292e-05
0 4 2 0.576228 0.000367355 9.37003e-05
0 4 3 0.0247755 4.19239e-06 2.32723e-06
0 4 4 0.116722 2.14479e-05 1.40591e-05
0 4 5 0.151125 2.97895e-05 2.55724e-05
0 4 6 0.154112 3.15147e-05 3.23588e-05
0 4 7 0.000154185 1.1516e-08 4.06666e-08
0 4 8 0.00603937 5.69509e-07 1.03276e-06
0 4 9 0.0228656 2.28232e-06 4.6203e-06
0 4 10 0.0337267 3.42797e-06 8.19414e-06
0 4 11 0.0352854 2.08195e-06 8.85374e-06
1 4 0 0 0 0
1 4 1 0.2034 0.000147314 2.6859e-05
1 4 2 0.790804 0.000501304 0.000118851
1 4 3 0.0298344 4.69025e-06 2.63837e-06
1 4 4 0.175564 3.09246e-05 1.87066e-05
1 4 5 0.231892 4.56676e-05 3.48733e-05
1 4 6 0.257226 5.45799e-05 4.77069e-05
1 4 7 0.247734 5.87858e-05 5.59606e-05
1 4 8 0.0106178 1.01047e-06 1.35074e-06
1 4 9 0.0453632 4.66071e-06 7.50264e-06
1 4 10 0.0634499 6.60356e-06 1.24117e-05
1 4 11 0.0675693 4.43632e-06 1.37631e-05
0 5 0 0 0 0
0 5 1 0.151425 0.000119724 2.10767e-05
0 5 2 0.576676 0.000429729 9.35809e-05
0 5 3 0.0306377 6.67751e-06 3.22649e-06
0 5 4 0.107114 2.38703e-05 1.44555e-05
0 5 5 0.127601 3.28134e-05 2.49175e-05
0 5 6 0.137025 3.7738e-05 3.27315e-05
0 5 7 0.000202782 1.94625e-08 6.16055e-08
0 5 8 0.00535408 6.19933e-07 1.09343e-06
0 5 9 0.0232268 3.01611e-06 5.43321e-06
0 5 10 0.0288573 3.82326e-06 8.171e-06
0 5 11 0.0279529 2.30276e-06 8.7228e-06
1 5 0 0 0 0
1 5 1 0.203565 0.000165796 2.67198e-05
1 5 2 0.823072 0.000603999 0.00012145
1 5 3 0.033928 7.31317e-06 3.09065e-06
1 5 4 0.196561 4.48058e-05 2.31821e-05
1 5 5 0.248917 6.29936e-05 4.2148e-05
1 5 6 0.245129 6.68831e-05 5.05593e-05
1 5 7 0.245979 7.42475e-05 6.38954e-05
1 5 8 0.00997708 1.29596e-06 1.52124e-06
1 5 9 0.0465091 6.12329e-06 8.50521e-06
1 5 10 0.0662675 9.00271e-06 1.44975e-05
1 5 11 0.0655035 5.83144e-06 1.46661e-05
0 6 0 0 0 0
0 6 1 0.120141 0.000244147 2.53303e-05
0 6 2 0.518119 0.000869541 0.00012571
0 6 3 0.0174087 8.02595e-06 3.08877e-06
0 6 4 0.0992237 5.54553e-05 2.17261e-05
0 6 5 0.136455 8.53605e-05 4.23324e-05
0 6 6 0.136886 9.43977e-05 5.3374e-05
0 6 7 0.111491 8.90408e-05 5.53128e-05
0 6 8 0.00603284 1.96065e-06 2.51413e-06
0 6 9 0.0153443 5.11145e-06 6.02904e-06
0 6 10 0.0214738 6.84251e-06 1.03246e-05
0 6 11 0.0231381 4.92937e-06 1.31986e-05
1 6 0 0 0 0
1 6 1 0.217489 0.00042815 3.85685e-05
1 6 2 0.809822 0.0013791 0.000174237
1 6 3 0.0349361 1.78159e-05 5.37389e-06
1 6 4 0.181539 9.77786e-05 3.149e-05
1 6 5 0.249975 0.000156599 6.42895e-05
1 6 6 0.256956 0.000167507 8.23376e-05
1 6 7 0.249106 0.000199965 0.000100555
1 6 8 0.00859578 2.53445e-06 2.67633e-06
1 6 9 0.050816 1.6846e-05 1.42091e-05
1 6 10 0.0510029 1.54276e-05 1.82717e-05
1 6 11 0.0588127 1.3405e-05 2.23467e-05
0 7 0 0 0 0
0 7 1 0 0 0
0 7 2 0 0 0
0 7 3 0.0200856 2.8819e-05 6.66236e-06
0 7 4 0.0698428 7.51059e-05 2.47026e-05
0 7 5 0.142769 0.000174819 5.88578e-05
0 7 6 0.114419 0.00014953 5.76412e-05
0 7 7 0.101114 0.000134001 6.61731e-05
0 7 8 0.00532313 2.78364e-06 3.29443e-06
0 7 9 0.016302 1.03539e-05 9.42252e-06
0 7 10 0.0168761 1.18251e-05 1.32067e-05
0 7 11 0.0206551 9.00357e-06 1.78406e-05
1 7 0 0 0 0
1 7 1 0 0 0
1 7 2 0 0 0
1 7 3 0.0204038 2.31279e-05 6.1268e-06
1 7 4 0.183173 0.000213752 5.72999e-05
1 7 5 0.266124 0.000300667 9.06353e-05
1 7 6 0.305799 0.000407283 0.000127675
1 7 7 0.223145 0.000289647 0.000123119
1 7 8 0.0149116 9.1958e-06 5.24308e-06
1 7 9 0.0607846 4.61769e-05 2.55435e-05
1 7 10 0.0525847 3.57863e-05 2.99666e-05
1 7 11 0.0617977 2.88905e-05 3.5271e-05
0 8 0 0 0 0
0 8 1 0 0 0
0 8 2 0 0 0
0 8 3 0.0136349 1.43074e-05 5.30803e-06
0 8 4 0.0803349 6.95071e-05 2.62289e-05
0 8 5 0.13006 0.000104921 4.83513e-05
0 8 6 0.0970968 7.98165e-05 4.64299e-05
0 8 7 0.0889889 8.79918e-05 5.57124e-05
0 8 8 0.00087908 3.5834e-07 7.73126e-07
0 8 9 0.017508 1.927e-05 1.71388e-05
0 8 10 0.0131332 7.57666e-06 1.42026e-05
0 8 11 0.0121405 3.63126e-06 9.8966e-06
1 8 0 0 0 0
1 8 1 0 0 0
1 8 2 0 0 0
1 8 3 0.0343642 3.19134e-05 8.23112e-06
1 8 4 0.205398 0.000189301 5.42883e-05
1 8 5 0.273379 0.000213105 8.20732e-05
1 8 6 0.265785 0.000221213 9.82189e-05
1 8 7 0.283268 0.000277891 0.000130287
1 8 8 0.00528642 2.14031e-06 1.72112e-06
1 8 9 0.0494082 3.61918e-05 2.90546e-05
1 8 10 0.0790846 6.10711e-05 5.12183e-05
1 8 11 0.0477156 1.69256e-05 2.3908e-05
