0 0 0 1.721055
0 0 1 1.168405
0 0 2 0.815137
0 0 3 0.5876615
0 0 4 0.4396755
0 0 5 0.323526
0 0 6 0.242683
0 0 7 0.182755
0 0 8 0.150033
0 0 9 0.0773679
0 0 10 0
0 0 11 0
1 0 0 1.780225
1 0 1 1.21059
1 0 2 0.8765005
1 0 3 0.62272
1 0 4 0.4669085
1 0 5 0.354231
1 0 6 0.268598
1 0 7 0.210874
1 0 8 0.179909
1 0 9 0.106505
1 0 10 0
1 0 11 0
0 1 0 1.724085
0 1 1 1.170555
0 1 2 0.843729666666667
0 1 3 0.593373333333333
0 1 4 0.445993
0 1 5 0.336007
0 1 6 0.254766333333333
0 1 7 0.190485
0 1 8 0.145731666666667
0 1 9 0.118651333333333
0 1 10 0.0881941333333333
0 1 11 0.0592077
1 1 0 1.802255
1 1 1 1.242475
1 1 2 0.889485
1 1 3 0.645795333333333
1 1 4 0.47086175
1 1 5 0.376299
1 1 6 0.283001666666667
1 1 7 0.210669
1 1 8 0.174670666666667
1 1 9 0.136525666666667
1 1 10 0.1145918
1 1 11 0.0781055333333333
0 2 0 1.731855
0 2 1 1.159015
0 2 2 0.818918333333333
0 2 3 0.59313
0 2 4 0.43142175
0 2 5 0.325521666666667
0 2 6 0.243131
0 2 7 0.1877045
0 2 8 0.14711325
0 2 9 0.1132904
0 2 10 0.087166775
0 2 11 0.060465425
1 2 0 1.84471
1 2 1 1.258685
1 2 2 0.900294666666667
1 2 3 0.64874
1 2 4 0.49136275
1 2 5 0.368704333333333
1 2 6 0.283806333333333
1 2 7 0.22304425
1 2 8 0.178911
1 2 9 0.13886825
1 2 10 0.1102638
1 2 11 0.07481395
0 3 0 1.727065
0 3 1 1.154515
0 3 2 0.826894333333333
0 3 3 0.573937
0 3 4 0.4224235
0 3 5 0.320804
0 3 6 0.237204666666667
0 3 7 0.18234975
0 3 8 0.139557
0 3 9 0.1029685
0 3 10 0.084974525
0 3 11 0.051087125
1 3 0 1.855845
1 3 1 1.271845
1 3 2 0.906171666666667
1 3 3 0.658157
1 3 4 0.4843825
1 3 5 0.372512
1 3 6 0.282124
1 3 7 0.212917
1 3 8 0.171678
1 3 9 0.1326795
1 3 10 0.10235555
1 3 11 0.072332475
0 4 0 1.72992
0 4 1 1.130655
0 4 2 0.795836
0 4 3 0.562141333333333
0 4 4 0.40182975
0 4 5 0.301299
0 4 6 0.224531
0 4 7 0.17265875
0 4 8 0.130363
0 4 9 0.100528225
0 4 10 0.0773872
0 4 11 0.050733825
1 4 0 1.88877
1 4 1 1.303345
1 4 2 0.937880333333333
1 4 3 0.662071666666667
1 4 4 0.49729675
1 4 5 0.372825666666667
1 4 6 0.278806666666667
1 4 7 0.21745675
1 4 8 0.165098
1 4 9 0.1320005
1 4 10 0.10282365
1 4 11 0.072723975
0 5 0 1.72109
0 5 1 1.16501
0 5 2 0.789453666666667
0 5 3 0.543282333333333
0 5 4 0.39718925
0 5 5 0.287433
0 5 6 0.213418666666667
0 5 7 0.1635475
0 5 8 0.1177885
0 5 9 0.089197775
0 5 10 0.066176725
0 5 11 0.044245475
1 5 0 1.96483
1 5 1 1.354845
1 5 2 0.965166666666667
1 5 3 0.674044333333333
1 5 4 0.49771625
1 5 5 0.36807
1 5 6 0.275860333333333
1 5 7 0.2112515
1 5 8 0.1631835
1 5 9 0.13075975
1 5 10 0.0968234
1 5 11 0.0638874
0 6 0 1.74398
0 6 1 1.08914
0 6 2 0.766900666666667
0 6 3 0.536323
0 6 4 0.37515725
0 6 5 0.279308
0 6 6 0.203754666666667
0 6 7 0.14675
0 6 8 0.105317525
0 6 9 0.0790765
0 6 10 0.0584449
0 6 11 0.0136856
1 6 0 2.009355
1 6 1 1.376895
1 6 2 1.00199
1 6 3 0.717211333333333
1 6 4 0.500775
1 6 5 0.363984333333333
1 6 6 0.279094666666667
1 6 7 0.20875525
1 6 8 0.15885075
1 6 9 0.12717575
1 6 10 0.09871735
1 6 11 0.0410568
0 7 0 1.69945
0 7 1 1.16617
0 7 2 0.7757185
0 7 3 0.527856
0 7 4 0.363880333333333
0 7 5 0.277416333333333
0 7 6 0.196831666666667
0 7 7 0.1299575
0 7 8 0.0963695
0 7 9 0.07200175
0 7 10 0.0552919
0 7 11 0.0353547666666667
1 7 0 2.09463
1 7 1 1.45296
1 7 2 0.97969
1 7 3 0.7040985
1 7 4 0.500670333333333
1 7 5 0.376665
1 7 6 0.278387333333333
1 7 7 0.21489575
1 7 8 0.1644495
1 7 9 0.110818925
1 7 10 0.10110145
1 7 11 0.0643734666666667
0 8 0 1.73898
0 8 1 1.09534
0 8 2 0.738463
0 8 3 0.5102765
0 8 4 0.358825333333333
0 8 5 0.264814333333333
0 8 6 0.194282
0 8 7 0.136244333333333
0 8 8 0.106745666666667
0 8 9 0.0702528333333333
0 8 10 0.0542666
0 8 11 0.02674005
1 8 0 2.12343
1 8 1 1.39265
1 8 2 1.005961
1 8 3 0.7021685
1 8 4 0.491865333333333
1 8 5 0.362108333333333
1 8 6 0.287543333333333
1 8 7 0.214957
1 8 8 0.171919666666667
1 8 9 0.129230666666667
1 8 10 0.102777533333333
1 8 11 0.056273
