0 0 0 2.32078 9.61419e-05 4.80487e-05
0 0 1 1.58003 6.76935e-05 4.06504e-05
0 0 2 1.12889 5.13999e-05 3.65045e-05
0 0 3 0.791432 4.62242e-05 3.54005e-05
0 0 4 0.603708 5.03899e-05 3.98231e-05
0 0 5 0.43412 5.69881e-05 5.90458e-05
0 0 6 0.340349 6.78785e-05 6.97842e-05
0 0 7 0.258004 9.22807e-05 8.61914e-05
0 0 8 0.162877 0.000120054 9.87934e-05
0 0 9 0.170103 0.000570184 0.00026228
0 0 10 0 0 0
0 0 11 0 0 0
1 0 0 2.57671 0.000106417 4.98182e-05
1 0 1 1.82853 7.8207e-05 4.40789e-05
1 0 2 1.32335 6.00455e-05 4.03122e-05
1 0 3 0.962461 5.57609e-05 4.02265e-05
1 0 4 0.73643 6.21495e-05 4.52435e-05
1 0 5 0.548045 7.29665e-05 7.05909e-05
1 0 6 0.420927 8.13051e-05 8.05364e-05
1 0 7 0.35034 0.000128457 0.000104551
1 0 8 0.238787 0.000178788 0.000132465
1 0 9 0.175588 0.000618021 0.000267429
1 0 10 0 0 0
1 0 11 0 0 0
0 1 0 2.35034 7.85997e-05 4.15739e-05
0 1 1 1.60329 3.61652e-05 2.92178e-05
0 1 2 1.13226 2.06912e-05 1.90242e-05
0 1 3 0.826797 1.45489e-05 1.62746e-05
0 1 4 0.600255 1.06369e-05 1.40373e-05
0 1 5 0.448446 8.57543e-06 1.45836e-05
0 1 6 0.33893 6.94132e-06 1.36479e-05
0 1 7 0.258826 5.75259e-06 1.27258e-05
0 1 8 0.193974 4.64248e-06 1.20764e-05
0 1 9 0.14687 3.88108e-06 1.139e-05
0 1 10 0.11754 3.42944e-06 1.18585e-05
0 1 11 0.0791461 1.38903e-06 8.99579e-06
1 1 0 2.67607 8.85162e-05 4.40456e-05
1 1 1 1.8966 4.25489e-05 3.19921e-05
1 1 2 1.37349 2.49388e-05 2.12594e-05
1 1 3 1.04354 1.83007e-05 1.86579e-05
1 1 4 0.779942 1.38193e-05 1.6306e-05
1 1 5 0.586783 1.12584e-05 1.71044e-05
1 1 6 0.459321 9.56237e-06 1.63677e-05
1 1 7 0.350983 7.82021e-06 1.53325e-05
1 1 8 0.275692 6.79153e-06 1.47787e-05
1 1 9 0.211201 5.77476e-06 1.4419e-05
1 1 10 0.166203 5.05908e-06 1.40263e-05
1 1 11 0.120826 2.4477e-06 1.16159e-05
0 2 0 2.32106 0.000215508 6.72966e-05
0 2 1 1.61531 9.84411e-05 4.74629e-05
0 2 2 1.13546 4.96865e-05 2.84756e-05
0 2 3 0.813733 2.89149e-05 2.25518e-05
0 2 4 0.597065 1.80862e-05 1.72871e-05
0 2 5 0.447101 1.19566e-05 1.56197e-05
0 2 6 0.33511 8.11095e-06 1.30276e-05
0 2 7 0.261147 5.90679e-06 1.0646e-05
0 2 8 0.193854 4.24245e-06 9.13824e-06
0 2 9 0.143929 2.99479e-06 8.12162e-06
0 2 10 0.112518 2.37926e-06 7.77898e-06
0 2 11 0.0792459 7.97599e-07 5.0796e-06
1 2 0 2.72248 0.000249181 7.27001e-05
1 2 1 1.93897 0.000116545 5.20575e-05
1 2 2 1.42061 6.15349e-05 3.26724e-05
1 2 3 1.07519 3.81126e-05 2.65673e-05
1 2 4 0.799053 2.38157e-05 2.04257e-05
1 2 5 0.618514 1.64453e-05 1.8676e-05
1 2 6 0.477517 1.14834e-05 1.60241e-05
1 2 7 0.372641 8.52714e-06 1.30396e-05
1 2 8 0.28295 6.25267e-06 1.12019e-05
1 2 9 0.216958 4.66355e-06 9.98895e-06
1 2 10 0.176843 3.87771e-06 9.9508e-06
1 2 11 0.13625 1.66968e-06 6.92391e-06
0 3 0 2.36068 0.000441858 0.000100497
0 3 1 1.59561 0.00018895 6.67921e-05
0 3 2 1.11624 9.58709e-05 3.9562e-05
0 3 3 0.777589 5.28487e-05 2.97886e-05
0 3 4 0.576648 3.37003e-05 2.29024e-05
0 3 5 0.425517 2.158e-05 2.01276e-05
0 3 6 0.311025 1.37733e-05 1.62373e-05
0 3 7 0.237018 9.40791e-06 1.2416e-05
0 3 8 0.184199 6.43458e-06 1.06883e-05
0 3 9 0.140245 4.36749e-06 9.16203e-06
0 3 10 0.109036 2.99522e-06 8.37133e-06
0 3 11 0.0784635 9.83746e-07 5.26198e-06
1 3 0 2.82798 0.000516572 0.000109801
1 3 1 1.95337 0.000228298 7.58144e-05
1 3 2 1.4667 0.000125039 4.72997e-05
1 3 3 1.06523 7.13771e-05 3.66778e-05
1 3 4 0.822026 4.76328e-05 2.88362e-05
1 3 5 0.626525 3.16135e-05 2.56338e-05
1 3 6 0.46497 2.03084e-05 2.08717e-05
1 3 7 0.362895 1.43453e-05 1.58613e-05
1 3 8 0.296128 1.0416e-05 1.40192e-05
1 3 9 0.227612 7.17681e-06 1.19979e-05
1 3 10 0.183535 5.29506e-06 1.07488e-05
1 3 11 0.156261 2.54483e-06 7.8368e-06
0 4 0 2.26479 0.000436099 0.000102332
0 4 1 1.55472 0.00018793 6.7678e-05
0 4 2 1.09305 9.3447e-05 3.94855e-05
0 4 3 0.772372 5.27894e-05 2.92968e-05
0 4 4 0.562631 3.25219e-05 2.19634e-05
0 4 5 0.40772 2.02859e-05 1.85632e-05
0 4 6 0.294783 1.27937e-05 1.47449e-05
0 4 7 0.22852 8.95664e-06 1.15242e-05
0 4 8 0.17147 5.87254e-06 9.6068e-06
0 4 9 0.133012 4.15393e-06 8.41718e-06
0 4 10 0.101227 2.7916e-06 7.22747e-06
0 4 11 0.0732988 8.96223e-07 4.50574e-06
1 4 0 2.82459 0.000530349 0.00011588
1 4 1 2.03428 0.000242379 7.98846e-05
1 4 2 1.46187 0.000122835 4.70544e-05
1 4 3 1.10268 7.44811e-05 3.70479e-05
1 4 4 0.824631 4.69574e-05 2.79349e-05
1 4 5 0.617588 3.03459e-05 2.38163e-05
1 4 6 0.475887 2.04795e-05 1.99709e-05
1 4 7 0.377522 1.45968e-05 1.54546e-05
1 4 8 0.289201 9.8838e-06 1.28638e-05
1 4 9 0.22695 7.0473e-06 1.11361e-05
1 4 10 0.177146 4.93509e-06 9.62183e-06
1 4 11 0.15335 2.42605e-06 7.03985e-06
0 5 0 2.30236 0.00058707 0.000140399
0 5 1 1.51975 0.000242108 8.52544e-05
0 5 2 1.03904 0.000114569 4.58287e-05
0 5 3 0.73015 6.45376e-05 3.37225e-05
0 5 4 0.51468 3.86905e-05 2.40158e-05
0 5 5 0.377459 2.47968e-05 1.98084e-05
0 5 6 0.264265 1.50746e-05 1.51662e-05
0 5 7 0.201589 1.01568e-05 1.15629e-05
0 5 8 0.154364 7.04114e-06 9.67125e-06
0 5 9 0.115841 4.7893e-06 8.04212e-06
0 5 10 0.0870041 3.15827e-06 7.00754e-06
0 5 11 0.0600114 1.02847e-06 4.16529e-06
1 5 0 2.92845 0.000731925 0.000163048
1 5 1 2.05642 0.000319572 0.000103444
1 5 2 1.52065 0.000165215 5.8654e-05
1 5 3 1.12221 9.76948e-05 4.48296e-05
1 5 4 0.845155 6.23208e-05 3.29623e-05
1 5 5 0.641295 4.08902e-05 2.78434e-05
1 5 6 0.479898 2.67116e-05 2.24571e-05
1 5 7 0.366636 1.81833e-05 1.67448e-05
1 5 8 0.278281 1.24253e-05 1.3345e-05
1 5 9 0.221626 9.02756e-06 1.1702e-05
1 5 10 0.16801 6.07571e-06 9.92665e-06
1 5 11 0.142349 2.98725e-06 7.01824e-06
0 6 0 2.32885 0.00147073 0.000281549
0 6 1 1.49605 0.000595637 0.000163242
0 6 2 1.00481 0.000286881 8.24184e-05
0 6 3 0.677494 0.000155265 5.78456e-05
0 6 4 0.46206 8.82347e-05 3.91208e-05
0 6 5 0.324762 5.32479e-05 2.96218e-05
0 6 6 0.234415 3.42309e-05 2.35082e-05
0 6 7 0.173818 2.35656e-05 1.65053e-05
0 6 8 0.126983 1.54498e-05 1.34484e-05
0 6 9 0.0901112 9.86809e-06 1.07134e-05
0 6 10 0.0633598 6.16068e-06 9.02498e-06
0 6 11 0.0490025 2.52419e-06 6.05296e-06
1 6 0 2.99713 0.00178705 0.000326317
1 6 1 2.08982 0.000796396 0.000200281
1 6 2 1.53175 0.000423596 0.000108245
1 6 3 1.15118 0.000258457 8.2853e-05
1 6 4 0.847711 0.000156378 5.76739e-05
1 6 5 0.620342 9.90396e-05 4.50037e-05
1 6 6 0.476258 6.82716e-05 3.75392e-05
1 6 7 0.354792 4.56938e-05 2.66342e-05
1 6 8 0.270084 3.18009e-05 2.14649e-05
1 6 9 0.201702 2.15858e-05 1.72837e-05
1 6 10 0.15619 1.53875e-05 1.48748e-05
1 6 11 0.130784 7.76026e-06 1.08955e-05
0 7 0 2.1812 0.00453086 0.000715328
0 7 1 1.32791 0.00133097 0.000336488
0 7 2 0.92973 0.000626415 0.000151765
0 7 3 0.611346 0.00031089 9.81469e-05
0 7 4 0.403901 0.000161535 5.92582e-05
0 7 5 0.296391 0.000100869 4.30632e-05
0 7 6 0.198618 6.14216e-05 3.19787e-05
0 7 7 0.154766 4.4233e-05 2.4199e-05
0 7 8 0.0998047 2.52111e-05 1.70373e-05
0 7 9 0.0817531 2.17059e-05 1.53504e-05
0 7 10 0.0535689 1.2429e-05 1.26835e-05
0 7 11 0.0416864 5.04092e-06 8.54137e-06
1 7 0 2.92318 0.0057537 0.000847295
1 7 1 2.01238 0.00199095 0.000449745
1 7 2 1.55534 0.00103627 0.000212142
1 7 3 1.03993 0.000507237 0.000136206
1 7 4 0.790572 0.000301642 9.01611e-05
1 7 5 0.59434 0.000195134 6.80723e-05
1 7 6 0.467453 0.000142316 5.59041e-05
1 7 7 0.35649 9.80321e-05 4.08344e-05
1 7 8 0.262752 6.50194e-05 3.16475e-05
1 7 9 0.208883 5.25979e-05 2.71322e-05
1 7 10 0.152999 3.63157e-05 2.2393e-05
1 7 11 0.11686 1.5718e-05 1.43555e-05
0 8 0 1.98953 0.00279707 0.00068726
0 8 1 1.2942 0.000931122 0.000362135
0 8 2 0.831068 0.00038072 0.000150615
0 8 3 0.58181 0.0002191 0.000107479
0 8 4 0.374703 0.000114688 6.17504e-05
0 8 5 0.2471 6.38105e-05 4.03431e-05
0 8 6 0.182803 4.49927e-05 3.39472e-05
0 8 7 0.123456 3.09591e-05 2.67072e-05
0 8 8 0.0854554 2.28694e-05 2.09849e-05
0 8 9 0.0683933 2.54245e-05 2.72837e-05
0 8 10 0.0479341 1.53188e-05 2.2379e-05
0 8 11 0.0262538 4.19683e-06 1.01548e-05
1 8 0 2.919 0.00406226 0.000897498
1 8 1 1.96998 0.00137797 0.000471721
1 8 2 1.42124 0.000669239 0.000216049
1 8 3 1.07778 0.000395031 0.000160274
1 8 4 0.77581 0.00023392 9.98494e-05
1 8 5 0.557953 0.000144011 6.97625e-05
1 8 6 0.428552 0.000105728 5.86083e-05
1 8 7 0.31427 7.7843e-05 4.79395e-05
1 8 8 0.26065 6.98607e-05 4.47354e-05
1 8 9 0.200968 7.13527e-05 5.14411e-05
1 8 10 0.153817 5.34399e-05 4.49033e-05
1 8 11 0.0993907 1.8689e-05 2.567e-05
