0 0 0 1.92214 0.000987393 0.000131157
0 0 1 1.29409 0.000712804 0.000110549
0 0 2 0.927561 0.000557842 0.000101091
0 0 3 0.644584 0.000498803 9.45912e-05
0 0 4 0.493361 0.000549736 0.000106642
0 0 5 0.343039 0.000584791 0.000148751
0 0 6 0.319494 0.000896625 0.000211135
0 0 7 0.201055 0.00102886 0.000218764
0 0 8 0.120356 0.00122961 0.000240818
0 0 9 0.201348 0.00832474 0.000750091
0 0 10 0 0 0
0 0 11 0 0 0
1 0 0 2.5945 0.000837051 0.000129478
1 0 1 1.90127 0.000627795 0.000116768
1 0 2 1.3753 0.000470187 0.000104273
1 0 3 1.01746 0.000453281 0.000104208
1 0 4 0.768472 0.000517469 0.000115788
1 0 5 0.583615 0.000634867 0.00018479
1 0 6 0.414463 0.000629617 0.000184919
1 0 7 0.283119 0.000867182 0.000201042
1 0 8 0.169892 0.00108822 0.000227231
1 0 9 0.214999 0.00690134 0.00087683
1 0 10 0 0 0
1 0 11 0 0 0
0 1 0 2.1641 0.000855906 0.000120229
0 1 1 1.43034 0.000375221 8.30705e-05
0 1 2 1.025 0.000219736 5.33103e-05
0 1 3 0.729875 0.00014922 4.39807e-05
0 1 4 0.504311 0.000105421 3.54495e-05
0 1 5 0.388683 8.84458e-05 3.71358e-05
0 1 6 0.284605 7.07596e-05 3.30835e-05
0 1 7 0.210971 5.69624e-05 2.96872e-05
0 1 8 0.180948 5.45044e-05 3.22329e-05
0 1 9 0.125549 4.29979e-05 2.68434e-05
0 1 10 0.10209 3.85312e-05 2.8807e-05
0 1 11 0.0694703 1.69628e-05 2.47473e-05
1 1 0 2.71221 0.00070661 0.000112941
1 1 1 1.92043 0.000339335 8.1929e-05
1 1 2 1.38521 0.000200616 5.36242e-05
1 1 3 1.04393 0.000148966 4.62236e-05
1 1 4 0.770737 0.000113782 3.88211e-05
1 1 5 0.575502 9.39405e-05 4.05772e-05
1 1 6 0.445541 8.10248e-05 3.89542e-05
1 1 7 0.33878 6.70418e-05 3.54914e-05
1 1 8 0.25625 5.81519e-05 3.36046e-05
1 1 9 0.191848 4.71452e-05 3.16435e-05
1 1 10 0.158341 4.7354e-05 3.2427e-05
1 1 11 0.110771 2.37646e-05 2.88049e-05
0 2 0 2.17054 0.00236102 0.000191354
0 2 1 1.52022 0.00103933 0.000134146
0 2 2 1.02111 0.00047978 7.41743e-05
0 2 3 0.750516 0.000288431 5.94834e-05
0 2 4 0.533795 0.000173985 4.30971e-05
0 2 5 0.387287 0.000111953 3.64028e-05
0 2 6 0.293363 7.92663e-05 3.0531e-05
0 2 7 0.225507 5.65745e-05 2.35829e-05
0 2 8 0.173674 4.3745e-05 2.15545e-05
0 2 9 0.125535 3.08837e-05 1.80208e-05
0 2 10 0.104356 2.66146e-05 1.87883e-05
0 2 11 0.0729832 9.38973e-06 1.32325e-05
1 2 0 2.70553 0.00197375 0.000178835
1 2 1 1.88219 0.000907906 0.000126126
1 2 2 1.35581 0.000478921 7.55047e-05
1 2 3 1.04119 0.000312757 6.39314e-05
1 2 4 0.786117 0.000203273 4.85926e-05
1 2 5 0.587577 0.00013906 4.26108e-05
1 2 6 0.489641 0.000109561 3.98412e-05
1 2 7 0.351642 7.58065e-05 2.9224e-05
1 2 8 0.272012 5.80174e-05 2.56181e-05
1 2 9 0.197589 4.21644e-05 2.14984e-05
1 2 10 0.171355 3.8092e-05 2.28037e-05
1 2 11 0.128379 1.69891e-05 1.72615e-05
0 3 0 2.15175 0.00447502 0.00025942
0 3 1 1.53143 0.00197166 0.000187408
0 3 2 1.03365 0.000936724 0.000100492
0 3 3 0.67267 0.000466403 6.99043e-05
0 3 4 0.53576 0.000318419 5.63484e-05
0 3 5 0.386863 0.000198992 4.59708e-05
0 3 6 0.271595 0.000122995 3.57621e-05
0 3 7 0.19118 7.86757e-05 2.4656e-05
0 3 8 0.157513 5.79888e-05 2.1806e-05
0 3 9 0.124617 4.24401e-05 2.03095e-05
0 3 10 0.100844 3.12934e-05 1.93711e-05
0 3 11 0.0751062 1.08266e-05 1.36275e-05
1 3 0 2.85666 0.00435492 0.000267815
1 3 1 1.97444 0.00189138 0.000184212
1 3 2 1.46917 0.00104022 0.000115236
1 3 3 1.04683 0.00059639 8.83468e-05
1 3 4 0.770218 0.000382246 6.24539e-05
1 3 5 0.607509 0.000270447 5.87642e-05
1 3 6 0.417565 0.000164576 4.4331e-05
1 3 7 0.330369 0.000125249 3.40632e-05
1 3 8 0.279754 9.50813e-05 3.0428e-05
1 3 9 0.222864 6.95574e-05 2.72676e-05
1 3 10 0.16115 4.63866e-05 2.18023e-05
1 3 11 0.144055 2.55017e-05 1.88051e-05
0 4 0 2.07199 0.00446269 0.000246666
0 4 1 1.5222 0.00195057 0.000178314
0 4 2 1.05832 0.000940812 9.99179e-05
0 4 3 0.710149 0.0004727 6.70127e-05
0 4 4 0.514106 0.000288656 4.9957e-05
0 4 5 0.366702 0.000176618 4.15461e-05
0 4 6 0.278209 0.000118417 3.45855e-05
0 4 7 0.209942 8.11217e-05 2.50921e-05
0 4 8 0.141466 4.79262e-05 1.89391e-05
0 4 9 0.115408 3.62385e-05 1.71631e-05
0 4 10 0.0911255 2.60356e-05 1.56484e-05
0 4 11 0.0709939 9.25446e-06 1.12917e-05
1 4 0 2.81982 0.00470387 0.000264109
1 4 1 2.03925 0.00207167 0.000191118
1 4 2 1.479 0.00105945 0.000111671
1 4 3 1.06226 0.000611207 8.56347e-05
1 4 4 0.802631 0.00039884 6.49721e-05
1 4 5 0.567921 0.000243393 5.18318e-05
1 4 6 0.435806 0.000165734 4.33943e-05
1 4 7 0.342773 0.000120172 3.22184e-05
1 4 8 0.281915 9.20385e-05 2.93621e-05
1 4 9 0.221023 6.75652e-05 2.46636e-05
1 4 10 0.171526 4.86785e-05 2.18867e-05
1 4 11 0.145089 2.39986e-05 1.71465e-05
0 5 0 2.49323 0.00792949 0.000346698
0 5 1 1.45486 0.00245794 0.000190877
0 5 2 1.03539 0.00111552 0.000106529
0 5 3 0.76286 0.000640735 8.38845e-05
0 5 4 0.486626 0.00033023 5.19101e-05
0 5 5 0.35411 0.000200554 4.24961e-05
0 5 6 0.214668 0.000104691 2.83507e-05
0 5 7 0.186015 8.38375e-05 2.34523e-05
0 5 8 0.133707 5.44949e-05 1.81051e-05
0 5 9 0.0955532 3.50916e-05 1.46874e-05
0 5 10 0.0761416 2.38154e-05 1.32314e-05
0 5 11 0.0519522 8.04213e-06 8.75065e-06
1 5 0 3.03851 0.00776523 0.000335095
1 5 1 1.99408 0.00283033 0.000210898
1 5 2 1.50706 0.00145355 0.000127714
1 5 3 1.16685 0.000878117 0.000104537
1 5 4 0.838347 0.000536702 7.21783e-05
1 5 5 0.63526 0.000353185 6.26434e-05
1 5 6 0.495217 0.000246002 5.26858e-05
1 5 7 0.365852 0.000162769 3.73973e-05
1 5 8 0.255109 0.000106645 2.75814e-05
1 5 9 0.218609 8.6149e-05 2.61358e-05
1 5 10 0.161884 5.75141e-05 2.1824e-05
1 5 11 0.142343 2.9934e-05 1.66169e-05
0 6 0 2.09578 0.0196625 0.000465415
0 6 1 1.42223 0.0064064 0.000278579
0 6 2 0.955592 0.00266574 0.000153712
0 6 3 0.681146 0.00140952 0.000117961
0 6 4 0.448369 0.00075088 7.53814e-05
0 6 5 0.327093 0.000437465 5.94148e-05
0 6 6 0.195966 0.000234775 4.08499e-05
0 6 7 0.168646 0.000181832 3.13381e-05
0 6 8 0.129457 0.000124916 2.70633e-05
0 6 9 0.0732454 6.39821e-05 1.83146e-05
0 6 10 0.0707575 5.20984e-05 2.02096e-05
0 6 11 0.0454659 1.82894e-05 1.17782e-05
1 6 0 2.83136 0.0214468 0.000513685
1 6 1 2.11932 0.00862496 0.000377807
1 6 2 1.54505 0.00406532 0.000204724
1 6 3 1.20196 0.00247513 0.000172963
1 6 4 0.841301 0.0013526 0.000117503
1 6 5 0.561917 0.000783205 8.41766e-05
1 6 6 0.472006 0.000587504 7.74626e-05
1 6 7 0.333613 0.000388293 5.51008e-05
1 6 8 0.243744 0.000260836 4.07424e-05
1 6 9 0.204833 0.000203392 3.77215e-05
1 6 10 0.136195 0.000128101 2.84229e-05
1 6 11 0.138594 7.82009e-05 2.70471e-05
0 7 0 2.22184 0.0635412 0.00116983
0 7 1 1.424 0.0163352 0.000644464
0 7 2 0.933064 0.00607334 0.000266069
0 7 3 0.626748 0.00266181 0.000173883
0 7 4 0.43186 0.00145896 0.000113511
0 7 5 0.30399 0.000816962 8.16666e-05
0 7 6 0.197141 0.000458832 5.99026e-05
0 7 7 0.170365 0.000373528 4.92771e-05
0 7 8 0.098505 0.000178481 3.39744e-05
0 7 9 0.073453 0.000132116 2.80698e-05
0 7 10 0.0475754 7.09526e-05 2.34229e-05
0 7 11 0.0278385 2.03013e-05 1.0819e-05
1 7 0 2.70771 0.0733967 0.00134646
1 7 1 1.87786 0.0205221 0.000719831
1 7 2 1.69667 0.0115547 0.000420415
1 7 3 0.981726 0.0044837 0.000239224
1 7 4 0.780395 0.00271463 0.000173243
1 7 5 0.622513 0.00183009 0.000137323
1 7 6 0.50083 0.00138619 0.000122364
1 7 7 0.372983 0.000936562 9.06273e-05
1 7 8 0.314837 0.000754695 8.3149e-05
1 7 9 0.209152 0.000497258 5.76719e-05
1 7 10 0.162997 0.000353628 5.27491e-05
1 7 11 0.119714 0.000146325 3.27865e-05
0 8 0 2.24501 0.0532671 0.00119817
0 8 1 1.23089 0.0118084 0.000548768
0 8 2 0.782928 0.00406048 0.000225604
0 8 3 0.591758 0.00222635 0.000167271
0 8 4 0.452684 0.00124279 0.000115901
0 8 5 0.259414 0.000571887 7.08204e-05
0 8 6 0.174499 0.000336821 5.00513e-05
0 8 7 0.142604 0.000265177 5.15094e-05
0 8 8 0.0782311 0.000160299 3.30174e-05
0 8 9 0.0398077 9.88661e-05 2.55931e-05
0 8 10 0.0462515 0.000102262 3.70324e-05
0 8 11 0.0298779 3.33493e-05 2.01249e-05
1 8 0 3.51556 0.0862546 0.00170885
1 8 1 2.06537 0.0212139 0.000777338
1 8 2 1.48939 0.0090681 0.000387043
1 8 3 1.11453 0.00501623 0.00028821
1 8 4 0.733139 0.00244836 0.000165503
1 8 5 0.539361 0.00158206 0.000129895
1 8 6 0.368898 0.00100145 9.05354e-05
1 8 7 0.302958 0.0008228 8.78444e-05
1 8 8 0.271603 0.000777549 9.11788e-05
1 8 9 0.216877 0.000817996 0.000114368
1 8 10 0.171809 0.00062756 0.000107442
1 8 11 0.095546 0.000175789 5.45705e-05
