0 0 0 1.54835 0.000855565 0
0 0 1 0.992335 0.000550883 0
0 0 2 0.728521 0.000415991 0
0 0 3 0.501933 0.000377682 0
0 0 4 0.357971 0.000397621 0
0 0 5 0.261492 0.000445946 0
0 0 6 0.218468 0.000611694 0
0 0 7 0.167522 0.000872927 0
0 0 8 0.099194 0.00117878 0
0 0 9 0.214477 0.010771 0
0 0 10 0 0 0
0 0 11 0 0 0
1 0 0 1.68808 0.000931989 0
1 0 1 1.17208 0.000647513 0
1 0 2 0.78956 0.000451321 0
1 0 3 0.585401 0.000440866 0
1 0 4 0.418132 0.000465446 0
1 0 5 0.329029 0.000566235 0
1 0 6 0.282552 0.0007966 0
1 0 7 0.189138 0.00100312 0
1 0 8 0.198388 0.00239457 0
1 0 9 0.0536193 0.00286732 0
1 0 10 0 0 0
1 0 11 0 0 0
0 1 0 1.7035 0.0007616 0
0 1 1 1.09829 0.000343445 0
0 1 2 0.78601 0.000206091 0
0 1 3 0.560196 0.000144041 0
0 1 4 0.400329 0.00010825 0
0 1 5 0.321868 9.50788e-05 0
0 1 6 0.253713 8.37034e-05 0
0 1 7 0.185631 6.87783e-05 0
0 1 8 0.168279 7.07262e-05 0
0 1 9 0.127578 6.19995e-05 0
0 1 10 0.0878003 5.06567e-05 0
0 1 11 0.0746908 3.12635e-05 0
1 1 0 1.83056 0.000819294 0
1 1 1 1.32234 0.000411428 0
1 1 2 0.948726 0.000248633 0
1 1 3 0.717683 0.000184276 0
1 1 4 0.55175 0.000148979 0
1 1 5 0.406734 0.000120355 0
1 1 6 0.327431 0.000108266 0
1 1 7 0.271273 0.000100819 0
1 1 8 0.209181 8.84516e-05 0
1 1 9 0.180672 8.81429e-05 0
1 1 10 0.167109 9.64345e-05 0
1 1 11 0.117602 4.9097e-05 0
0 2 0 1.64955 0.00192952 0
0 2 1 1.18831 0.000926611 0
0 2 2 0.818332 0.000491193 0
0 2 3 0.563513 0.000289248 0
0 2 4 0.415668 0.000191053 0
0 2 5 0.346396 0.000145669 0
0 2 6 0.265692 0.000106127 0
0 2 7 0.212434 8.34617e-05 0
0 2 8 0.161512 6.43138e-05 0
0 2 9 0.119786 4.96343e-05 0
0 2 10 0.104658 4.59046e-05 0
0 2 11 0.0859042 2.11101e-05 0
1 2 0 1.95237 0.00226274 0
1 2 1 1.45084 0.00112588 0
1 2 2 0.98079 0.000588322 0
1 2 3 0.762025 0.000390642 0
1 2 4 0.58133 0.000267128 0
1 2 5 0.464661 0.000195718 0
1 2 6 0.368687 0.000147389 0
1 2 7 0.290873 0.000114589 0
1 2 8 0.23216 9.28046e-05 0
1 2 9 0.19862 8.25324e-05 0
1 2 10 0.147493 6.47704e-05 0
1 2 11 0.115124 2.82228e-05 0
0 3 0 1.65355 0.00371549 0
0 3 1 1.1865 0.00176721 0
0 3 2 0.81807 0.000921764 0
0 3 3 0.515698 0.000495194 0
0 3 4 0.452692 0.000385404 0
0 3 5 0.290988 0.000223317 0
0 3 6 0.243984 0.000172347 0
0 3 7 0.214418 0.000141934 0
0 3 8 0.13199 8.26517e-05 0
0 3 9 0.123187 7.3183e-05 0
0 3 10 0.0878344 5.0011e-05 0
0 3 11 0.0892218 2.59097e-05 0
1 3 0 2.1317 0.00470858 0
1 3 1 1.45406 0.00215002 0
1 3 2 1.0408 0.00116774 0
1 3 3 0.786857 0.000752263 0
1 3 4 0.595913 0.000507899 0
1 3 5 0.441018 0.000338596 0
1 3 6 0.335459 0.000238224 0
1 3 7 0.293411 0.000194888 0
1 3 8 0.232252 0.000145371 0
1 3 9 0.188541 0.000112246 0
1 3 10 0.164086 9.36206e-05 0
1 3 11 0.122133 3.56988e-05 0
0 4 0 1.6966 0.00397014 0
0 4 1 1.04323 0.00156993 0
0 4 2 0.781789 0.000869819 0
0 4 3 0.597474 0.000563037 0
0 4 4 0.40608 0.0003347 0
0 4 5 0.313994 0.000231194 0
0 4 6 0.226583 0.000152276 0
0 4 7 0.161494 0.000100509 0
0 4 8 0.13316 7.71877e-05 0
0 4 9 0.114495 6.27573e-05 0
0 4 10 0.0774849 4.05175e-05 0
0 4 11 0.0665724 1.73335e-05 0
1 4 0 2.10405 0.00486431 0
1 4 1 1.5001 0.00221872 0
1 4 2 1.09223 0.00120658 0
1 4 3 0.808244 0.000760809 0
1 4 4 0.627416 0.000516366 0
1 4 5 0.475959 0.000350489 0
1 4 6 0.373548 0.00025177 0
1 4 7 0.2931 0.000182414 0
1 4 8 0.234538 0.00013639 0
1 4 9 0.166875 9.159e-05 0
1 4 10 0.14757 7.70629e-05 0
1 4 11 0.102608 2.6738e-05 0
0 5 0 1.73241 0.00496906 0
0 5 1 1.10033 0.00209201 0
0 5 2 0.836064 0.00117365 0
0 5 3 0.550476 0.000647154 0
0 5 4 0.352761 0.000364946 0
0 5 5 0.274624 0.000252439 0
0 5 6 0.183166 0.000152038 0
0 5 7 0.15422 0.000117358 0
0 5 8 0.11624 8.16238e-05 0
0 5 9 0.0813773 5.35634e-05 0
0 5 10 0.0635526 3.91737e-05 0
0 5 11 0.0464215 1.4101e-05 0
1 5 0 2.21185 0.0062151 0
1 5 1 1.55792 0.00292076 0
1 5 2 1.12849 0.0015824 0
1 5 3 0.829573 0.000972303 0
1 5 4 0.623273 0.000641777 0
1 5 5 0.469152 0.000431689 0
1 5 6 0.372641 0.000309584 0
1 5 7 0.266922 0.00020333 0
1 5 8 0.219055 0.000154199 0
1 5 9 0.154912 0.000102072 0
1 5 10 0.126295 7.79531e-05 0
1 5 11 0.0971079 2.94817e-05 0
0 6 0 1.73518 0.0113436 0
0 6 1 1.147 0.00515357 0
0 6 2 0.746165 0.00256839 0
0 6 3 0.5155 0.00147844 0
0 6 4 0.339143 0.000850188 0
0 6 5 0.220766 0.000492535 0
0 6 6 0.188546 0.000379475 0
0 6 7 0.130265 0.000237931 0
0 6 8 0.100219 0.000168423 0
0 6 9 0.0675676 0.000105735 0
0 6 10 0.0407001 5.9561e-05 0
0 6 11 0.0244018 1.73885e-05 0
1 6 0 2.33409 0.014927 0
1 6 1 1.61959 0.007185 0
1 6 2 1.09718 0.00375551 0
1 6 3 0.864668 0.00246556 0
1 6 4 0.629628 0.0015716 0
1 6 5 0.441386 0.000985243 0
1 6 6 0.336222 0.000676492 0
1 6 7 0.246261 0.000451097 0
1 6 8 0.186167 0.00031352 0
1 6 9 0.163724 0.000256005 0
1 6 10 0.0907625 0.000132886 0
1 6 11 0.0659997 4.72018e-05 0
0 7 0 1.62902 0.0191972 0
0 7 1 0.989677 0.00806875 0
0 7 2 0.761941 0.00473682 0
0 7 3 0.523413 0.0027487 0
0 7 4 0.318953 0.00150809 0
0 7 5 0.143819 0.000609628 0
0 7 6 0.154715 0.000588255 0
0 7 7 0.1224 0.000426241 0
0 7 8 0.0439847 0.000141524 0
0 7 9 0.0332492 9.91086e-05 0
0 7 10 0.0405709 0.000112783 0
0 7 11 0.0220057 2.99358e-05 0
1 7 0 2.16617 0.0250108 0
1 7 1 1.68208 0.0133849 0
1 7 2 1.12117 0.00694354 0
1 7 3 0.751612 0.00397536 0
1 7 4 0.704319 0.00330619 0
1 7 5 0.476554 0.00197419 0
1 7 6 0.305483 0.00117842 0
1 7 7 0.198186 0.00069285 0
1 7 8 0.133134 0.000428932 0
1 7 9 0.0895332 0.000266816 0
1 7 10 0.0656257 0.000182886 0
1 7 11 0.0429801 5.8608e-05 0
0 8 0 1.58872 0.0122964 0
0 8 1 1.01952 0.00534104 0
0 8 2 0.580583 0.00236465 0
0 8 3 0.415698 0.00143814 0
0 8 4 0.298206 0.000924192 0
0 8 5 0.147067 0.000412099 0
0 8 6 0.094311 0.000238521 0
0 8 7 0.0702711 0.000162492 0
0 8 8 0.0490554 0.000106012 0
0 8 9 0.0133255 2.71691e-05 0
0 8 10 0.0166763 3.26803e-05 0
0 8 11 0.0110334 1.11591e-05 0
1 8 0 2.23758 0.0169095 0
1 8 1 1.46548 0.00759074 0
1 8 2 0.969633 0.00391949 0
1 8 3 0.696713 0.00240147 0
1 8 4 0.558858 0.00172178 0
1 8 5 0.301179 0.000844099 0
1 8 6 0.255129 0.000654732 0
1 8 7 0.142022 0.000331055 0
1 8 8 0.11848 0.000256466 0
1 8 9 0.0758014 0.000154789 0
1 8 10 0.0508944 9.98969e-05 0
1 8 11 0.0320949 3.23613e-05 0
