0 0 0 2.33124 0.00036362 9.88334e-05
0 0 1 1.5913 0.000256451 8.38355e-05
0 0 2 1.13673 0.000194779 7.51711e-05
0 0 3 0.784462 0.000172607 7.17037e-05
0 0 4 0.617975 0.000193387 8.35638e-05
0 0 5 0.448448 0.000219818 0.000124604
0 0 6 0.359217 0.000267276 0.000150364
0 0 7 0.250664 0.000332848 0.00017066
0 0 8 0.192194 0.000531115 0.000233435
0 0 9 0.187794 0.00232471 0.000581291
0 0 10 0 0 0
0 0 11 0 0 0
1 0 0 2.58885 0.000402488 0.000102277
1 0 1 1.82828 0.000294224 9.02889e-05
1 0 2 1.33299 0.000227628 8.30265e-05
1 0 3 0.944595 0.000206242 8.08437e-05
1 0 4 0.727219 0.000230072 9.08724e-05
1 0 5 0.553131 0.000274912 0.000144862
1 0 6 0.430884 0.000310261 0.000167134
1 0 7 0.312874 0.000425054 0.000189995
1 0 8 0.207912 0.000579053 0.000234561
1 0 9 0.17288 0.00222776 0.000513123
1 0 10 0 0 0
1 0 11 0 0 0
0 1 0 2.35394 0.000292235 8.51937e-05
0 1 1 1.61857 0.000135112 6.05499e-05
0 1 2 1.12302 7.58857e-05 3.86258e-05
0 1 3 0.830916 5.40357e-05 3.34268e-05
0 1 4 0.600149 3.92879e-05 2.87629e-05
0 1 5 0.44363 3.13024e-05 2.95041e-05
0 1 6 0.344297 2.60131e-05 2.8312e-05
0 1 7 0.25947 2.12615e-05 2.59401e-05
0 1 8 0.193482 1.70694e-05 2.48338e-05
0 1 9 0.143286 1.39473e-05 2.22386e-05
0 1 10 0.116506 1.25138e-05 2.37091e-05
0 1 11 0.0801763 5.19652e-06 1.8744e-05
1 1 0 2.69784 0.000331077 9.07102e-05
1 1 1 1.897 0.000157542 6.54412e-05
1 1 2 1.37691 9.24264e-05 4.35088e-05
1 1 3 1.03896 6.73444e-05 3.7945e-05
1 1 4 0.785956 5.14547e-05 3.36659e-05
1 1 5 0.592878 4.19864e-05 3.51428e-05
1 1 6 0.455368 3.49655e-05 3.3307e-05
1 1 7 0.352985 2.90059e-05 3.12634e-05
1 1 8 0.276106 2.50762e-05 3.04989e-05
1 1 9 0.213128 2.14904e-05 2.99048e-05
1 1 10 0.164094 1.84033e-05 2.85177e-05
1 1 11 0.118652 8.8558e-06 2.33246e-05
0 2 0 2.33798 0.000802461 0.000137184
0 2 1 1.61004 0.000363195 9.63091e-05
0 2 2 1.1245 0.000181815 5.75729e-05
0 2 3 0.810489 0.000106143 4.61065e-05
0 2 4 0.606111 6.76228e-05 3.58516e-05
0 2 5 0.456384 4.49169e-05 3.2621e-05
0 2 6 0.339275 3.01753e-05 2.68511e-05
0 2 7 0.260328 2.16196e-05 2.18074e-05
0 2 8 0.195972 1.57539e-05 1.8879e-05
0 2 9 0.147936 1.13055e-05 1.70017e-05
0 2 10 0.109439 8.4853e-06 1.54011e-05
0 2 11 0.0775037 2.86037e-06 1.01868e-05
1 2 0 2.70076 0.000914741 0.000146231
1 2 1 1.95312 0.00043435 0.000106039
1 2 2 1.43481 0.000229547 6.74171e-05
1 2 3 1.0719 0.000140085 5.41133e-05
1 2 4 0.804166 8.82818e-05 4.24664e-05
1 2 5 0.618812 6.05407e-05 3.81291e-05
1 2 6 0.464232 4.10183e-05 3.19623e-05
1 2 7 0.375622 3.15623e-05 2.69524e-05
1 2 8 0.285195 2.31427e-05 2.30564e-05
1 2 9 0.222029 1.7528e-05 2.10107e-05
1 2 10 0.179985 1.44875e-05 2.07886e-05
1 2 11 0.134148 6.02652e-06 1.39688e-05
0 3 0 2.36288 0.00163193 0.000197046
0 3 1 1.61003 0.000705044 0.000133463
0 3 2 1.10653 0.000350897 7.86394e-05
0 3 3 0.808646 0.000202239 6.26436e-05
0 3 4 0.570298 0.000122642 4.53394e-05
0 3 5 0.4172 7.7721e-05 4.03862e-05
0 3 6 0.313648 5.09747e-05 3.36106e-05
0 3 7 0.227893 3.31737e-05 2.44312e-05
0 3 8 0.184768 2.36707e-05 2.17843e-05
0 3 9 0.141522 1.61409e-05 1.90127e-05
0 3 10 0.109309 1.09981e-05 1.71252e-05
0 3 11 0.0781463 3.58593e-06 1.07623e-05
1 3 0 2.77954 0.0018762 0.000211878
1 3 1 1.9677 0.000849223 0.00015106
1 3 2 1.49852 0.000471439 9.71124e-05
1 3 3 1.06953 0.000263888 7.48274e-05
1 3 4 0.824259 0.000175819 5.95726e-05
1 3 5 0.637561 0.000118227 5.32524e-05
1 3 6 0.465553 7.46218e-05 4.2708e-05
1 3 7 0.361319 5.2422e-05 3.22886e-05
1 3 8 0.293197 3.78125e-05 2.85303e-05
1 3 9 0.22536 2.60109e-05 2.43751e-05
1 3 10 0.180755 1.90827e-05 2.16397e-05
1 3 11 0.156569 9.33042e-06 1.62727e-05
0 4 0 2.22619 0.00156305 0.00018167
0 4 1 1.57139 0.000695566 0.000127574
0 4 2 1.10798 0.000347122 7.70734e-05
0 4 3 0.775652 0.00019515 5.85457e-05
0 4 4 0.551059 0.000116739 4.30956e-05
0 4 5 0.403411 7.35435e-05 3.75811e-05
0 4 6 0.305156 4.8461e-05 3.14287e-05
0 4 7 0.224188 3.21181e-05 2.28954e-05
0 4 8 0.172625 2.16043e-05 1.97281e-05
0 4 9 0.134837 1.53762e-05 1.74168e-05
0 4 10 0.0984196 9.90878e-06 1.40907e-05
0 4 11 0.073299 3.26984e-06 9.22174e-06
1 4 0 2.81062 0.00192904 0.000207581
1 4 1 2.02491 0.000883923 0.000146639
1 4 2 1.45707 0.000448948 9.09595e-05
1 4 3 1.08854 0.000270404 7.24005e-05
1 4 4 0.838024 0.000175013 5.67926e-05
1 4 5 0.622727 0.000112179 4.90538e-05
1 4 6 0.470946 7.41366e-05 4.03102e-05
1 4 7 0.377326 5.3369e-05 3.16742e-05
1 4 8 0.292092 3.64885e-05 2.65602e-05
1 4 9 0.232916 2.64033e-05 2.33852e-05
1 4 10 0.176678 1.7973e-05 1.94418e-05
1 4 11 0.153952 8.88026e-06 1.44869e-05
0 5 0 2.26509 0.00207347 0.000205153
0 5 1 1.50417 0.000862917 0.000136377
0 5 2 1.06999 0.000428298 8.24891e-05
0 5 3 0.718794 0.000231132 6.18351e-05
0 5 4 0.505179 0.0001385 4.52759e-05
0 5 5 0.379718 9.14713e-05 3.98839e-05
0 5 6 0.263604 5.50457e-05 3.06007e-05
0 5 7 0.205226 3.78422e-05 2.40638e-05
0 5 8 0.154716 2.58024e-05 1.97093e-05
0 5 9 0.10765 1.62313e-05 1.50266e-05
0 5 10 0.0904347 1.2009e-05 1.49599e-05
0 5 11 0.0613408 3.83384e-06 8.7873e-06
1 5 0 2.93075 0.00262149 0.000241499
1 5 1 2.02815 0.00113724 0.000165649
1 5 2 1.52618 0.000601729 0.000103286
1 5 3 1.11196 0.000351959 8.07702e-05
1 5 4 0.831798 0.000223968 6.22084e-05
1 5 5 0.642027 0.000150327 5.58049e-05
1 5 6 0.483673 9.86824e-05 4.56712e-05
1 5 7 0.361506 6.55522e-05 3.3609e-05
1 5 8 0.272921 4.45431e-05 2.68366e-05
1 5 9 0.21971 3.26655e-05 2.36677e-05
1 5 10 0.17023 2.24947e-05 2.06107e-05
1 5 11 0.143416 1.09817e-05 1.44651e-05
0 6 0 2.26571 0.00488535 0.000325539
0 6 1 1.50506 0.00211725 0.000222009
0 6 2 0.970771 0.000983662 0.00012405
0 6 3 0.679061 0.000561241 9.78005e-05
0 6 4 0.481678 0.000336396 7.27228e-05
0 6 5 0.309493 0.000186942 5.42235e-05
0 6 6 0.220133 0.000118277 4.30228e-05
0 6 7 0.16905 8.42194e-05 3.22636e-05
0 6 8 0.122606 5.48251e-05 2.67919e-05
0 6 9 0.07898 3.17951e-05 1.89198e-05
0 6 10 0.057581 2.05736e-05 1.55135e-05
0 6 11 0.0479849 9.04922e-06 1.21231e-05
1 6 0 3.04374 0.00636805 0.000396338
1 6 1 1.9774 0.00269319 0.000257995
1 6 2 1.50218 0.00148055 0.000164778
1 6 3 1.1614 0.000944471 0.000139458
1 6 4 0.799194 0.000539686 9.98678e-05
1 6 5 0.641995 0.000377646 8.85208e-05
1 6 6 0.505805 0.000266863 7.71755e-05
1 6 7 0.347881 0.000165012 5.16055e-05
1 6 8 0.257508 0.000111254 4.12591e-05
1 6 9 0.211544 8.30163e-05 3.67306e-05
1 6 10 0.165377 5.9926e-05 3.10801e-05
1 6 11 0.126467 2.74688e-05 2.14055e-05
0 7 0 2.27781 0.0162112 0.000933146
0 7 1 1.39435 0.00496169 0.000501275
0 7 2 0.932915 0.00228331 0.000243073
0 7 3 0.633555 0.00116552 0.000169522
0 7 4 0.434855 0.000643624 0.000112032
0 7 5 0.264661 0.000330013 6.97671e-05
0 7 6 0.195971 0.000220979 5.76936e-05
0 7 7 0.150317 0.000156267 4.42857e-05
0 7 8 0.104078 9.52725e-05 3.33405e-05
0 7 9 0.0851077 8.284e-05 3.12442e-05
0 7 10 0.0452989 3.82692e-05 2.03313e-05
0 7 11 0.0460978 2.04769e-05 1.87383e-05
1 7 0 2.98903 0.0207841 0.00109793
1 7 1 2.08052 0.00726998 0.000649484
1 7 2 1.56799 0.00372574 0.000347316
1 7 3 1.05991 0.00187216 0.000235078
1 7 4 0.792084 0.00110106 0.000159824
1 7 5 0.564526 0.000674703 0.000115255
1 7 6 0.477815 0.000536165 0.000106853
1 7 7 0.377787 0.000382162 8.19469e-05
1 7 8 0.248729 0.000225471 5.87596e-05
1 7 9 0.211329 0.000196647 5.48093e-05
1 7 10 0.170968 0.000148827 4.80429e-05
1 7 11 0.102418 5.03386e-05 2.54826e-05
0 8 0 1.95995 0.00974328 0.000738982
0 8 1 1.26214 0.00321302 0.000419098
0 8 2 0.866219 0.00146864 0.000217101
0 8 3 0.593467 0.00080333 0.000157116
0 8 4 0.351762 0.000392567 9.18785e-05
0 8 5 0.248553 0.000236666 6.5409e-05
0 8 6 0.20093 0.000184188 6.11369e-05
0 8 7 0.108362 9.98966e-05 3.9921e-05
0 8 8 0.0965702 9.63819e-05 4.17336e-05
0 8 9 0.0644578 8.70088e-05 4.70137e-05
0 8 10 0.0417274 4.91512e-05 3.61216e-05
0 8 11 0.0275303 1.63942e-05 1.91281e-05
1 8 0 2.86891 0.0137645 0.000932908
1 8 1 2.06317 0.00511665 0.000584711
1 8 2 1.43409 0.00242232 0.000299021
1 8 3 1.05996 0.00139554 0.000227207
1 8 4 0.806083 0.000891486 0.000155662
1 8 5 0.585984 0.000562999 0.000120193
1 8 6 0.461874 0.00042127 0.000105964
1 8 7 0.316308 0.000286587 8.31301e-05
1 8 8 0.247825 0.000251254 7.58825e-05
1 8 9 0.207227 0.000276304 9.75774e-05
1 8 10 0.164095 0.000210761 8.66148e-05
1 8 11 0.104329 7.17398e-05 4.99049e-05
