0 0 0 2.34667 0.000684238 0.000117437
0 0 1 1.59315 0.000472322 9.76388e-05
0 0 2 1.20156 0.000379074 9.16203e-05
0 0 3 0.808818 0.000318362 8.2293e-05
0 0 4 0.646124 0.000365291 9.65011e-05
0 0 5 0.414585 0.000348287 0.000120871
0 0 6 0.366493 0.0004889 0.000163846
0 0 7 0.26594 0.000617282 0.000189172
0 0 8 0.164601 0.00083764 0.000212044
0 0 9 0.0816424 0.00171052 0.000337465
0 0 10 0 0 0
0 0 11 0 0 0
1 0 0 2.59636 0.000747197 0.000121164
1 0 1 1.83168 0.000531204 0.000104637
1 0 2 1.33982 0.000404493 9.3522e-05
1 0 3 0.964798 0.000366279 9.05238e-05
1 0 4 0.690455 0.000370403 9.14315e-05
1 0 5 0.552823 0.000481058 0.000154785
1 0 6 0.417583 0.000520598 0.000167611
1 0 7 0.316595 0.000735013 0.000200356
1 0 8 0.23852 0.00121431 0.000282475
1 0 9 0.177275 0.00361406 0.000567546
1 0 10 0 0 0
1 0 11 0 0 0
0 1 0 2.38131 0.000567145 0.000100591
0 1 1 1.63037 0.000257469 7.0178e-05
0 1 2 1.15847 0.000144803 4.4949e-05
0 1 3 0.840577 0.000100583 3.73279e-05
0 1 4 0.614417 7.30421e-05 3.13076e-05
0 1 5 0.477328 6.11167e-05 3.30084e-05
0 1 6 0.356094 4.83183e-05 2.98829e-05
0 1 7 0.27972 4.16504e-05 2.86181e-05
0 1 8 0.205321 3.25119e-05 2.59644e-05
0 1 9 0.14125 2.32815e-05 2.11393e-05
0 1 10 0.116311 2.13061e-05 2.24225e-05
0 1 11 0.0864014 9.7599e-06 2.06019e-05
1 1 0 2.68622 0.000629889 0.000105802
1 1 1 1.92031 0.000298465 7.61004e-05
1 1 2 1.39667 0.000172531 4.96584e-05
1 1 3 1.06135 0.000124352 4.21977e-05
1 1 4 0.78628 9.2259e-05 3.53509e-05
1 1 5 0.600574 7.6103e-05 3.74698e-05
1 1 6 0.463218 6.30402e-05 3.48388e-05
1 1 7 0.35143 4.99337e-05 3.12127e-05
1 1 8 0.293983 4.65484e-05 3.10501e-05
1 1 9 0.212725 3.78801e-05 2.78263e-05
1 1 10 0.167223 3.26256e-05 2.71042e-05
1 1 11 0.125011 1.61803e-05 2.37104e-05
0 2 0 2.32217 0.00156595 0.000158406
0 2 1 1.63411 0.000701485 0.000110367
0 2 2 1.15806 0.000355451 6.58953e-05
0 2 3 0.81931 0.000200213 5.03034e-05
0 2 4 0.605557 0.000125005 3.67246e-05
0 2 5 0.45441 8.23938e-05 3.30715e-05
0 2 6 0.334897 5.40135e-05 2.67536e-05
0 2 7 0.262708 3.9468e-05 2.10851e-05
0 2 8 0.197406 2.79769e-05 1.80194e-05
0 2 9 0.15681 2.09196e-05 1.67879e-05
0 2 10 0.111748 1.48608e-05 1.41687e-05
0 2 11 0.0789634 5.07972e-06 9.92676e-06
1 2 0 2.70732 0.00178753 0.000170222
1 2 1 1.9221 0.000808128 0.000118122
1 2 2 1.42041 0.000427242 7.30779e-05
1 2 3 1.0291 0.000243883 5.55715e-05
1 2 4 0.789754 0.000156132 4.2927e-05
1 2 5 0.617099 0.00010903 3.83045e-05
1 2 6 0.482891 7.64151e-05 3.27373e-05
1 2 7 0.370647 5.54481e-05 2.49203e-05
1 2 8 0.281656 4.00462e-05 2.12445e-05
1 2 9 0.226366 3.10849e-05 1.95672e-05
1 2 10 0.177035 2.45582e-05 1.79913e-05
1 2 11 0.132113 1.03175e-05 1.32745e-05
0 3 0 2.4295 0.00349902 0.000237872
0 3 1 1.6014 0.00138345 0.000153854
0 3 2 1.10609 0.000687376 8.78061e-05
0 3 3 0.767189 0.000365258 6.52347e-05
0 3 4 0.607748 0.000245668 5.14943e-05
0 3 5 0.435035 0.000150665 4.24891e-05
0 3 6 0.305732 9.00999e-05 3.24027e-05
0 3 7 0.22611 5.89372e-05 2.2552e-05
0 3 8 0.181469 4.1986e-05 2.02085e-05
0 3 9 0.135558 2.74699e-05 1.67558e-05
0 3 10 0.110061 1.94137e-05 1.55884e-05
0 3 11 0.0785494 6.51475e-06 1.03192e-05
1 3 0 2.66786 0.00366282 0.000234271
1 3 1 1.97371 0.00166549 0.000175108
1 3 2 1.44803 0.00087859 0.000103544
1 3 3 1.05592 0.000489742 7.90405e-05
1 3 4 0.793493 0.000310095 5.85228e-05
1 3 5 0.620678 0.000210631 5.19808e-05
1 3 6 0.471213 0.000136637 4.23502e-05
1 3 7 0.353887 9.15647e-05 2.94054e-05
1 3 8 0.285213 6.6067e-05 2.59978e-05
1 3 9 0.228538 4.67749e-05 2.236e-05
1 3 10 0.181156 3.44218e-05 1.97419e-05
1 3 11 0.152154 1.59875e-05 1.4773e-05
0 4 0 2.2751 0.00386503 0.000236402
0 4 1 1.50887 0.00145816 0.000151873
0 4 2 1.03149 0.000666841 8.32534e-05
0 4 3 0.753323 0.000372475 6.38761e-05
0 4 4 0.564284 0.000230141 4.72033e-05
0 4 5 0.399634 0.000137187 3.7674e-05
0 4 6 0.283806 8.3077e-05 2.82978e-05
0 4 7 0.219854 5.79394e-05 2.20538e-05
0 4 8 0.163192 3.76302e-05 1.76596e-05
0 4 9 0.122843 2.51843e-05 1.42978e-05
0 4 10 0.101088 1.85959e-05 1.3413e-05
0 4 11 0.0729434 5.84679e-06 8.79622e-06
1 4 0 2.75944 0.00452854 0.000257701
1 4 1 1.97041 0.00187117 0.000177114
1 4 2 1.38987 0.000874731 0.000100583
1 4 3 1.06446 0.000518234 8.05172e-05
1 4 4 0.84708 0.000334416 6.12334e-05
1 4 5 0.62008 0.000209474 4.94642e-05
1 4 6 0.468896 0.000137783 3.99558e-05
1 4 7 0.373592 9.74216e-05 3.02725e-05
1 4 8 0.262294 5.90609e-05 2.23038e-05
1 4 9 0.227409 4.72751e-05 2.14051e-05
1 4 10 0.169853 3.08064e-05 1.66471e-05
1 4 11 0.15232 1.60002e-05 1.38737e-05
0 5 0 1.97902 0.0066772 0.000270269
0 5 1 1.49131 0.00246257 0.00019652
0 5 2 0.977643 0.000952209 9.81714e-05
0 5 3 0.69744 0.000500858 7.07363e-05
0 5 4 0.512694 0.000295269 5.15305e-05
0 5 5 0.352097 0.000169161 3.91108e-05
0 5 6 0.244646 9.76003e-05 2.82016e-05
0 5 7 0.189226 6.66939e-05 2.22417e-05
0 5 8 0.147531 4.63747e-05 1.81324e-05
0 5 9 0.105494 2.9838e-05 1.43574e-05
0 5 10 0.0733823 1.8546e-05 1.18189e-05
0 5 11 0.0571543 6.74507e-06 8.28064e-06
1 5 0 2.63525 0.00891432 0.000342665
1 5 1 1.89962 0.00301991 0.000223919
1 5 2 1.41415 0.00139275 0.000122358
1 5 3 1.05582 0.000749395 9.73633e-05
1 5 4 0.794066 0.000449691 6.60852e-05
1 5 5 0.598848 0.000279691 5.46015e-05
1 5 6 0.450838 0.000179568 4.37929e-05
1 5 7 0.346229 0.000120627 3.1026e-05
1 5 8 0.258593 7.89105e-05 2.4098e-05
1 5 9 0.204288 5.60912e-05 2.02284e-05
1 5 10 0.163191 4.05593e-05 1.83443e-05
1 5 11 0.142999 2.08336e-05 1.4479e-05
0 6 0 1.97945 0.0331098 0.000646653
0 6 1 1.39038 0.01077 0.000393865
0 6 2 0.949327 0.00381641 0.000194381
0 6 3 0.588049 0.00150694 0.000125434
0 6 4 0.403763 0.000705022 7.48284e-05
0 6 5 0.293954 0.00041911 5.94986e-05
0 6 6 0.210338 0.00025206 4.8371e-05
0 6 7 0.152992 0.000164308 3.05261e-05
0 6 8 0.124654 0.00011512 2.71693e-05
0 6 9 0.0871483 7.24558e-05 2.22425e-05
0 6 10 0.0454471 3.34815e-05 1.31748e-05
0 6 11 0.0481873 1.76207e-05 1.19284e-05
1 6 0 3.06689 0.0520939 0.00088017
1 6 1 1.9363 0.0143831 0.00048244
1 6 2 1.20799 0.00440671 0.000200595
1 6 3 1.0783 0.00263994 0.000187411
1 6 4 0.770167 0.0013773 0.000121644
1 6 5 0.579665 0.000810986 9.23337e-05
1 6 6 0.45983 0.000556019 7.68129e-05
1 6 7 0.331011 0.000336604 4.95016e-05
1 6 8 0.257586 0.000225605 4.13753e-05
1 6 9 0.175481 0.000138085 3.01269e-05
1 6 10 0.123885 8.62805e-05 2.26734e-05
1 6 11 0.109033 4.65031e-05 1.84095e-05
0 7 0 1.46186 0.112391 0.00138246
0 7 1 1.09223 0.0291088 0.000704344
0 7 2 0.807877 0.0109336 0.00036529
0 7 3 0.518784 0.00423865 0.000222507
0 7 4 0.38305 0.00201661 0.000137541
0 7 5 0.30189 0.00117493 0.000107405
0 7 6 0.185652 0.000582906 6.92507e-05
0 7 7 0.150374 0.000415456 5.23721e-05
0 7 8 0.0645387 0.00014633 2.68427e-05
0 7 9 0.0900691 0.000211614 4.38111e-05
0 7 10 0.0333991 6.56458e-05 2.03747e-05
0 7 11 0.0427309 4.3404e-05 2.0587e-05
1 7 0 2.92344 0.217979 0.00236305
1 7 1 1.82241 0.0510887 0.00113234
1 7 2 1.34365 0.0177863 0.000492026
1 7 3 1.11805 0.00836066 0.000372764
1 7 4 0.69457 0.00378372 0.00020599
1 7 5 0.540783 0.00215483 0.000155439
1 7 6 0.415862 0.0013604 0.000116396
1 7 7 0.265367 0.00074289 7.15069e-05
1 7 8 0.198726 0.000452313 5.05008e-05
1 7 9 0.192058 0.000427538 5.74728e-05
1 7 10 0.130244 0.000262799 4.26679e-05
1 7 11 0.0863582 9.9974e-05 2.46008e-05
0 8 0 1.78631 0.200062 0.00221022
0 8 1 1.06528 0.0496926 0.0011554
0 8 2 0.587165 0.0129219 0.000406062
0 8 3 0.648942 0.00871579 0.000369495
0 8 4 0.361377 0.00301591 0.000182244
0 8 5 0.123726 0.000693641 6.88098e-05
0 8 6 0.163442 0.000797385 7.80036e-05
0 8 7 0.104066 0.000461236 6.58861e-05
0 8 8 0.0398649 0.000178326 4.50135e-05
0 8 9 0.0579919 0.000311953 6.48017e-05
0 8 10 0.0500496 0.000247694 6.44478e-05
0 8 11 0.0209425 5.03941e-05 2.27482e-05
1 8 0 2.97049 0.32742 0.00326842
1 8 1 1.15273 0.0513232 0.00103481
1 8 2 1.33853 0.0311121 0.000646198
1 8 3 1.01435 0.0134873 0.000530253
1 8 4 0.616686 0.00529655 0.000254854
1 8 5 0.503533 0.00329329 0.000188305
1 8 6 0.36464 0.00174474 0.000138497
1 8 7 0.272007 0.0012506 0.000116835
1 8 8 0.21716 0.00112005 0.000130421
1 8 9 0.118107 0.000615305 8.59531e-05
1 8 10 0.133755 0.000695859 0.000100033
1 8 11 0.0787566 0.00022485 5.01382e-05
