0 0 0 2.29252 0.000178376 8.18533e-05
0 0 1 1.56851 0.000124138 6.75355e-05
0 0 2 1.13076 9.3652e-05 5.94706e-05
0 0 3 0.798115 7.68429e-05 5.37671e-05
0 0 4 0.611243 7.84061e-05 5.7041e-05
0 0 5 0.437885 8.63064e-05 8.18028e-05
0 0 6 0.33741 9.94451e-05 9.15885e-05
0 0 7 0.267512 0.000146173 0.000119353
0 0 8 0.174709 0.000191118 0.000135678
0 0 9 0.178312 0.000930323 0.000362371
0 0 10 0 0 0
0 0 11 0 0 0
1 0 0 2.50563 0.000192686 8.38315e-05
1 0 1 1.79962 0.000140456 7.22985e-05
1 0 2 1.2961 0.000105602 6.39307e-05
1 0 3 0.951078 8.91188e-05 5.92499e-05
1 0 4 0.719233 9.02918e-05 6.14071e-05
1 0 5 0.541439 0.000103873 9.3389e-05
1 0 6 0.415033 0.000116531 0.000104207
1 0 7 0.348522 0.000186205 0.000134854
1 0 8 0.251119 0.000284999 0.000182838
1 0 9 0.162009 0.000738746 0.00029082
1 0 10 0 0 0
1 0 11 0 0 0
0 1 0 2.3524 0.000212686 9.52861e-05
0 1 1 1.57871 7.52349e-05 5.7495e-05
0 1 2 1.13072 3.98536e-05 3.33078e-05
0 1 3 0.825704 2.59002e-05 2.6552e-05
0 1 4 0.597502 1.77518e-05 2.11824e-05
0 1 5 0.452929 1.38323e-05 2.03894e-05
0 1 6 0.34367 1.10281e-05 1.87434e-05
0 1 7 0.263775 8.92316e-06 1.70463e-05
0 1 8 0.196789 7.08346e-06 1.5776e-05
0 1 9 0.147393 5.70853e-06 1.428e-05
0 1 10 0.118582 5.05193e-06 1.48791e-05
0 1 11 0.0796645 2.06071e-06 1.17433e-05
1 1 0 2.60232 0.000229954 9.81372e-05
1 1 1 1.85779 8.70014e-05 6.23967e-05
1 1 2 1.36104 4.73128e-05 3.6764e-05
1 1 3 1.03424 3.20237e-05 3.01124e-05
1 1 4 0.780808 2.30812e-05 2.45063e-05
1 1 5 0.583192 1.76275e-05 2.34415e-05
1 1 6 0.462402 1.48651e-05 2.21526e-05
1 1 7 0.349705 1.16932e-05 1.99199e-05
1 1 8 0.272154 9.90186e-06 1.8682e-05
1 1 9 0.207028 8.22646e-06 1.77177e-05
1 1 10 0.164267 7.19917e-06 1.73723e-05
1 1 11 0.118396 3.41827e-06 1.4398e-05
0 2 0 2.2215 0.00199062 0.000353894
0 2 1 1.5768 0.000468317 0.000174395
0 2 2 1.11696 0.000155796 7.24773e-05
0 2 3 0.821976 7.3347e-05 5.04848e-05
0 2 4 0.597174 3.86395e-05 3.24035e-05
0 2 5 0.452485 2.29451e-05 2.46127e-05
0 2 6 0.336183 1.4481e-05 1.9653e-05
0 2 7 0.263593 1.00855e-05 1.5158e-05
0 2 8 0.194068 6.88524e-06 1.24069e-05
0 2 9 0.142549 4.68877e-06 1.06626e-05
0 2 10 0.113202 3.6981e-06 1.00691e-05
0 2 11 0.0783634 1.17856e-06 6.47037e-06
1 2 0 2.77494 0.00257874 0.000419014
1 2 1 1.93616 0.000588626 0.000203386
1 2 2 1.42345 0.000198802 8.49151e-05
1 2 3 1.10983 0.00010035 6.18367e-05
1 2 4 0.822847 5.27169e-05 3.95223e-05
1 2 5 0.628719 3.21526e-05 3.0095e-05
1 2 6 0.478509 2.06313e-05 2.42171e-05
1 2 7 0.370722 1.43062e-05 1.82084e-05
1 2 8 0.28358 1.02244e-05 1.51977e-05
1 2 9 0.21569 7.24285e-06 1.30473e-05
1 2 10 0.17676 5.97639e-06 1.27849e-05
1 2 11 0.133802 2.43091e-06 8.73302e-06
0 3 0 2.22323 0.00932725 0.000874606
0 3 1 1.63621 0.00194964 0.000408021
0 3 2 1.09575 0.000559164 0.0001472
0 3 3 0.770306 0.000215722 9.12487e-05
0 3 4 0.59095 0.000107906 5.59973e-05
0 3 5 0.427042 5.55443e-05 3.87617e-05
0 3 6 0.311843 3.06536e-05 2.88719e-05
0 3 7 0.238664 1.92683e-05 1.97559e-05
0 3 8 0.1806 1.17129e-05 1.57905e-05
0 3 9 0.137922 7.55098e-06 1.27374e-05
0 3 10 0.108337 4.9868e-06 1.14389e-05
0 3 11 0.0786422 1.59315e-06 7.22075e-06
1 3 0 2.83267 0.0121562 0.00104572
1 3 1 1.94937 0.00237886 0.000453484
1 3 2 1.52754 0.000816309 0.000189694
1 3 3 1.06058 0.000296782 0.000113701
1 3 4 0.837784 0.000152347 6.96876e-05
1 3 5 0.634841 8.20619e-05 4.89875e-05
1 3 6 0.46437 4.58475e-05 3.69679e-05
1 3 7 0.376347 3.07826e-05 2.64495e-05
1 3 8 0.299198 1.99429e-05 2.13543e-05
1 3 9 0.225639 1.26104e-05 1.71666e-05
1 3 10 0.184856 9.157e-06 1.53276e-05
1 3 11 0.158384 4.23455e-06 1.08717e-05
0 4 0 2.40597 0.0434111 0.00197854
0 4 1 1.46299 0.00348062 0.000493809
0 4 2 1.04943 0.000943338 0.000186445
0 4 3 0.823146 0.000421645 0.000131613
0 4 4 0.554524 0.000173618 6.86766e-05
0 4 5 0.412457 8.49561e-05 4.6669e-05
0 4 6 0.294119 4.45018e-05 3.32423e-05
0 4 7 0.23318 2.6506e-05 2.24211e-05
0 4 8 0.178734 1.55866e-05 1.79334e-05
0 4 9 0.133282 9.57771e-06 1.45979e-05
0 4 10 0.104931 6.20848e-06 1.21085e-05
0 4 11 0.0747964 1.78869e-06 7.48371e-06
1 4 0 3.65859 0.0721954 0.00291195
1 4 1 1.98806 0.0049586 0.000629528
1 4 2 1.50468 0.0014386 0.000244256
1 4 3 1.1015 0.000572986 0.000156994
1 4 4 0.816908 0.000255821 8.76872e-05
1 4 5 0.609682 0.000122772 5.70429e-05
1 4 6 0.482761 7.19954e-05 4.47731e-05
1 4 7 0.38705 4.35207e-05 3.06928e-05
1 4 8 0.288098 2.50112e-05 2.30437e-05
1 4 9 0.230557 1.66218e-05 1.91975e-05
1 4 10 0.180083 1.07366e-05 1.54838e-05
1 4 11 0.159532 5.11889e-06 1.12371e-05
0 5 0 0 0 0
0 5 1 1.52881 0.0274179 0.00149674
0 5 2 1.03917 0.00328546 0.000349366
0 5 3 0.726444 0.0010176 0.000203904
0 5 4 0.552689 0.000478915 0.000120845
0 5 5 0.398265 0.000227975 7.89111e-05
0 5 6 0.308346 0.000127968 6.04801e-05
0 5 7 0.205072 6.01852e-05 3.27567e-05
0 5 8 0.156855 3.4387e-05 2.54786e-05
0 5 9 0.118613 2.01795e-05 1.94799e-05
0 5 10 0.0954285 1.23072e-05 1.7232e-05
0 5 11 0.0642502 3.40857e-06 9.10583e-06
1 5 0 0 0 0
1 5 1 2.13692 0.0401146 0.00188476
1 5 2 1.60787 0.00518292 0.000499419
1 5 3 1.08184 0.00144641 0.000254085
1 5 4 0.89409 0.000743416 0.000158457
1 5 5 0.690071 0.00037591 0.000110505
1 5 6 0.47683 0.000184065 7.54989e-05
1 5 7 0.362327 9.82818e-05 4.55446e-05
1 5 8 0.272824 5.56002e-05 3.29799e-05
1 5 9 0.223968 3.5904e-05 2.74755e-05
1 5 10 0.1674 2.07559e-05 2.15743e-05
1 5 11 0.148188 9.78704e-06 1.49259e-05
0 6 0 0 0 0
0 6 1 0 0 0
0 6 2 0.595533 0.0593283 0.00189825
0 6 3 0.521186 0.00825834 0.000644341
0 6 4 0.518459 0.00308561 0.000330906
0 6 5 0.343849 0.00112008 0.000184401
0 6 6 0.31508 0.000736021 0.000165388
0 6 7 0.19431 0.000319109 8.57364e-05
0 6 8 0.141209 0.000176896 6.02325e-05
0 6 9 0.0919648 8.80314e-05 3.83217e-05
0 6 10 0.0869259 7.14349e-05 4.05118e-05
0 6 11 0.0588374 2.20142e-05 2.29334e-05
1 6 0 0 0 0
1 6 1 0 0 0
1 6 2 1.72063 0.136046 0.00363174
1 6 3 1.04313 0.0129197 0.000957859
1 6 4 0.762049 0.00376202 0.000353021
1 6 5 0.609879 0.00167748 0.000236425
1 6 6 0.465225 0.000858397 0.000170126
1 6 7 0.312744 0.000405253 8.70112e-05
1 6 8 0.255705 0.000246221 6.98235e-05
1 6 9 0.220199 0.000176334 6.19463e-05
1 6 10 0.164811 0.000101046 4.67613e-05
1 6 11 0.12827 4.21197e-05 2.87836e-05
0 7 0 0 0 0
0 7 1 0 0 0
0 7 2 0 0 0
0 7 3 0 0 0
0 7 4 0.665117 0.054801 0.00227292
0 7 5 0.646011 0.0160199 0.00108706
0 7 6 0.231805 0.0022672 0.000344401
0 7 7 0.225051 0.00171689 0.000271352
0 7 8 0.158041 0.000868919 0.000179468
0 7 9 0.0654627 0.000283373 8.24067e-05
0 7 10 0.0705185 0.000264207 8.55347e-05
0 7 11 0.0395146 5.77899e-05 3.83063e-05
1 7 0 0 0 0
1 7 1 0 0 0
1 7 2 0 0 0
1 7 3 0.378504 0.15082 0.00480118
1 7 4 1.20122 0.0635256 0.00186718
1 7 5 0.508592 0.00681509 0.000567014
1 7 6 0.425724 0.00354269 0.000397849
1 7 7 0.272992 0.00128572 0.000176169
1 7 8 0.250442 0.000781738 0.000148722
1 7 9 0.182839 0.000438958 9.61985e-05
1 7 10 0.138435 0.00028045 7.24432e-05
1 7 11 0.0793499 7.02381e-05 3.13404e-05
0 8 0 0 0 0
0 8 1 0 0 0
0 8 2 0 0 0
0 8 3 0 0 0
0 8 4 0 0 0
0 8 5 1.43697 0.603082 0.0154982
0 8 6 0.156888 0.0126861 0.00101416
0 8 7 0.0720339 0.00540934 0.000752018
0 8 8 0.209676 0.012089 0.00169327
0 8 9 0.4541 0.0385299 0.00331329
0 8 10 0 0 0
0 8 11 0 0 0
1 8 0 0 0 0
1 8 1 0 0 0
1 8 2 0 0 0
1 8 3 0 0 0
1 8 4 0 0 0
1 8 5 0.299488 0.0300129 0.00113532
1 8 6 0.248356 0.00894259 0.000727834
1 8 7 0.131318 0.00346636 0.000302714
1 8 8 0.181164 0.00556865 0.000581125
1 8 9 0.100027 0.00336909 0.000335629
1 8 10 0.089818 0.00205533 0.000344504
1 8 11 0.0998938 0.00145306 0.000310677
