0 0 0 2.3354 0.000400574 7.67252e-09
0 0 1 1.621 0.00028212 5.43789e-09
0 0 2 1.17672 0.000217245 4.29401e-09
0 0 3 0.812202 0.000177428 3.86118e-09
0 0 4 0.617853 0.000193014 4.55815e-09
0 0 5 0.444042 0.000216998 5.28632e-09
0 0 6 0.368227 0.000297115 7.53965e-09
0 0 7 0.289649 0.000370508 1.23189e-08
0 0 8 0.151989 0.000349736 1.17211e-08
0 0 9 0.178012 0.00221977 1.19996e-07
0 0 10 0 0 0
0 0 11 0 0 0
1 0 0 2.66191 0.00046353 8.82834e-09
1 0 1 1.87217 0.000322832 6.40886e-09
1 0 2 1.37884 0.000252709 5.26258e-09
1 0 3 1.02115 0.000232253 5.39418e-09
1 0 4 0.773526 0.000243514 6.2967e-09
1 0 5 0.599605 0.00031411 8.64434e-09
1 0 6 0.479985 0.000387321 1.07129e-08
1 0 7 0.378624 0.000471347 1.7133e-08
1 0 8 0.272986 0.000714979 2.89088e-08
1 0 9 0.150927 0.000939957 7.42381e-08
1 0 10 0 0 0
1 0 11 0 0 0
0 1 0 2.35512 0.000313783 5.5476e-09
0 1 1 1.64047 0.00014816 2.74954e-09
0 1 2 1.16626 8.25382e-05 1.60974e-09
0 1 3 0.843737 5.71797e-05 1.13619e-09
0 1 4 0.61367 4.22555e-05 8.79225e-10
0 1 5 0.46113 3.30218e-05 7.56857e-10
0 1 6 0.342713 2.5518e-05 6.16043e-10
0 1 7 0.272975 2.25293e-05 5.84229e-10
0 1 8 0.212357 1.9634e-05 5.5524e-10
0 1 9 0.15844 1.46358e-05 4.98324e-10
0 1 10 0.121158 1.10825e-05 5.00015e-10
0 1 11 0.0799874 4.72284e-06 2.34104e-10
1 1 0 2.71544 0.000366595 6.6016e-09
1 1 1 1.95776 0.000173544 3.37203e-09
1 1 2 1.42636 0.00010092 2.0523e-09
1 1 3 1.09334 7.45817e-05 1.61404e-09
1 1 4 0.812143 5.51374e-05 1.26036e-09
1 1 5 0.603536 4.2742e-05 1.0471e-09
1 1 6 0.479352 3.58433e-05 1.00613e-09
1 1 7 0.381448 3.20226e-05 9.24566e-10
1 1 8 0.291874 2.59422e-05 8.11656e-10
1 1 9 0.233843 2.44318e-05 7.83192e-10
1 1 10 0.178406 1.96137e-05 7.67118e-10
1 1 11 0.131989 9.94914e-06 4.56672e-10
0 2 0 2.36856 0.000907105 1.43269e-08
0 2 1 1.69363 0.000421464 6.89532e-09
0 2 2 1.17984 0.000210042 3.57769e-09
0 2 3 0.828947 0.000115178 2.10196e-09
0 2 4 0.604564 6.99056e-05 1.3853e-09
0 2 5 0.450376 4.71831e-05 9.53291e-10
0 2 6 0.339399 3.10692e-05 7.06135e-10
0 2 7 0.271805 2.3469e-05 5.60443e-10
0 2 8 0.209479 1.83988e-05 4.33352e-10
0 2 9 0.157326 1.30358e-05 3.47835e-10
0 2 10 0.125997 1.05763e-05 3.33489e-10
0 2 11 0.0852835 3.25458e-06 1.30039e-10
1 2 0 2.80136 0.00103395 1.80402e-08
1 2 1 2.02191 0.000495321 8.50931e-09
1 2 2 1.48023 0.000258154 4.86165e-09
1 2 3 1.13141 0.000157844 3.20255e-09
1 2 4 0.830151 9.62584e-05 2.0752e-09
1 2 5 0.649746 6.77429e-05 1.58071e-09
1 2 6 0.506996 4.73755e-05 1.14729e-09
1 2 7 0.400352 3.70757e-05 9.02663e-10
1 2 8 0.299572 2.42864e-05 6.98364e-10
1 2 9 0.236059 1.99385e-05 5.63634e-10
1 2 10 0.190353 1.57156e-05 5.17835e-10
1 2 11 0.151078 7.37992e-06 2.77258e-10
0 3 0 2.44737 0.00181465 2.9031e-08
0 3 1 1.63822 0.000789768 1.16204e-08
0 3 2 1.1495 0.000398905 6.47039e-09
0 3 3 0.774566 0.000204552 3.58549e-09
0 3 4 0.587552 0.000135963 2.36799e-09
0 3 5 0.434681 8.69556e-05 1.75346e-09
0 3 6 0.323519 6.02265e-05 1.14069e-09
0 3 7 0.243502 3.91644e-05 8.03585e-10
0 3 8 0.185299 2.45079e-05 5.73167e-10
0 3 9 0.153032 1.96979e-05 4.89733e-10
0 3 10 0.122061 1.46649e-05 3.76428e-10
0 3 11 0.0860109 4.74684e-06 1.47616e-10
1 3 0 2.91056 0.00203139 3.67659e-08
1 3 1 2.04288 0.000968469 1.67661e-08
1 3 2 1.58062 0.000561243 1.00212e-08
1 3 3 1.12431 0.000298166 5.96496e-09
1 3 4 0.87782 0.000207472 4.35977e-09
1 3 5 0.652619 0.000130225 3.02997e-09
1 3 6 0.483591 8.06023e-05 2.02444e-09
1 3 7 0.370522 5.48351e-05 1.33775e-09
1 3 8 0.330429 4.80848e-05 1.18653e-09
1 3 9 0.246691 3.03544e-05 8.76559e-10
1 3 10 0.199332 2.42006e-05 6.00672e-10
1 3 11 0.17312 1.19006e-05 3.47874e-10
0 4 0 2.36841 0.001843 2.58038e-08
0 4 1 1.59594 0.000792084 1.13467e-08
0 4 2 1.10992 0.000387241 5.86025e-09
0 4 3 0.787357 0.000218399 3.49787e-09
0 4 4 0.560358 0.000128341 2.08858e-09
0 4 5 0.418735 8.62027e-05 1.58436e-09
0 4 6 0.304941 5.57365e-05 9.53616e-10
0 4 7 0.23519 3.89275e-05 7.50521e-10
0 4 8 0.173527 2.63466e-05 4.50549e-10
0 4 9 0.137842 1.92331e-05 3.77374e-10
0 4 10 0.104076 1.16662e-05 2.72457e-10
0 4 11 0.0735662 3.80774e-06 1.01718e-10
1 4 0 3.00609 0.00234991 3.44733e-08
1 4 1 2.11549 0.00101421 1.64274e-08
1 4 2 1.55813 0.000534123 9.46361e-09
1 4 3 1.20152 0.00033616 6.27287e-09
1 4 4 0.885487 0.000215833 4.02108e-09
1 4 5 0.668642 0.000136566 2.80279e-09
1 4 6 0.522733 9.52035e-05 2.17081e-09
1 4 7 0.407955 6.59916e-05 1.55548e-09
1 4 8 0.320642 4.84246e-05 1.0695e-09
1 4 9 0.240312 3.12597e-05 7.29428e-10
1 4 10 0.192314 2.27001e-05 5.27343e-10
1 4 11 0.160324 1.11153e-05 2.65685e-10
0 5 0 2.37055 0.00246052 3.2207e-08
0 5 1 1.58139 0.00106801 1.36633e-08
0 5 2 1.0381 0.000485176 6.42794e-09
0 5 3 0.760848 0.000285064 4.35581e-09
0 5 4 0.5178 0.000159035 2.48519e-09
0 5 5 0.386694 0.000105033 1.80674e-09
0 5 6 0.282107 7.40696e-05 1.08544e-09
0 5 7 0.205283 4.57212e-05 6.95925e-10
0 5 8 0.157583 3.41755e-05 5.33667e-10
0 5 9 0.113317 2.08149e-05 3.94764e-10
0 5 10 0.0884519 1.61731e-05 2.61252e-10
0 5 11 0.0579975 4.71276e-06 9.3482e-11
1 5 0 3.01089 0.00297285 4.46857e-08
1 5 1 2.21924 0.00142865 2.30055e-08
1 5 2 1.648 0.00074422 1.28908e-08
1 5 3 1.24967 0.00048191 8.58743e-09
1 5 4 0.934425 0.000301343 5.81668e-09
1 5 5 0.706654 0.000200717 3.99971e-09
1 5 6 0.556651 0.000143886 3.00448e-09
1 5 7 0.400858 9.46766e-05 1.83503e-09
1 5 8 0.31209 6.55765e-05 1.33175e-09
1 5 9 0.232042 4.41356e-05 8.66074e-10
1 5 10 0.178409 3.11776e-05 5.74619e-10
1 5 11 0.150331 1.56986e-05 3.15961e-10
0 6 0 2.26752 0.00597333 6.88529e-08
0 6 1 1.60829 0.00280552 3.59649e-08
0 6 2 0.997363 0.00117901 1.60926e-08
0 6 3 0.727245 0.000832372 9.87301e-09
0 6 4 0.468067 0.000429339 4.9981e-09
0 6 5 0.335271 0.000271414 3.64847e-09
0 6 6 0.228992 0.000158218 2.50692e-09
0 6 7 0.17514 0.000113944 1.462e-09
0 6 8 0.124346 8.30837e-05 1.03697e-09
0 6 9 0.0779979 3.71711e-05 6.25822e-10
0 6 10 0.0652041 4.02945e-05 5.58992e-10
0 6 11 0.0445327 1.26105e-05 1.85717e-10
1 6 0 3.16194 0.00812343 1.12674e-07
1 6 1 2.25812 0.00367992 5.68153e-08
1 6 2 1.61324 0.00178775 3.4644e-08
1 6 3 1.27207 0.00127977 2.25622e-08
1 6 4 0.942853 0.000799221 1.4812e-08
1 6 5 0.73223 0.000606016 1.14452e-08
1 6 6 0.524359 0.000387939 6.86192e-09
1 6 7 0.379531 0.000229246 4.73526e-09
1 6 8 0.289293 0.000162758 3.22938e-09
1 6 9 0.20143 0.000115617 1.62925e-09
1 6 10 0.153723 7.49426e-05 1.30411e-09
1 6 11 0.122872 3.68978e-05 6.00997e-10
0 7 0 2.03255 0.0183038 2.2375e-07
0 7 1 1.32508 0.00617432 7.85831e-08
0 7 2 0.945374 0.00287496 4.11725e-08
0 7 3 0.677135 0.00182194 2.23015e-08
0 7 4 0.447079 0.00101091 1.13371e-08
0 7 5 0.306475 0.000472898 7.92303e-09
0 7 6 0.196462 0.000300585 3.92339e-09
0 7 7 0.134434 0.000176557 2.8067e-09
0 7 8 0.0910203 0.000132388 2.12082e-09
0 7 9 0.0713342 0.0001105 1.42535e-09
0 7 10 0.0427057 4.05376e-05 1.3187e-09
0 7 11 0.0262646 1.25021e-05 2.68048e-10
1 7 0 3.11448 0.027167 4.47031e-07
1 7 1 2.13478 0.00971588 1.64875e-07
1 7 2 1.73038 0.00543744 9.32894e-08
1 7 3 1.18318 0.00267525 5.06681e-08
1 7 4 0.909208 0.00180298 3.08048e-08
1 7 5 0.685591 0.00118219 2.14623e-08
1 7 6 0.487045 0.000770582 1.34425e-08
1 7 7 0.397161 0.000657443 1.02777e-08
1 7 8 0.278005 0.00039077 5.20593e-09
1 7 9 0.205731 0.000308766 4.76181e-09
1 7 10 0.144852 0.00016282 3.34229e-09
1 7 11 0.102683 8.4942e-05 1.05815e-09
0 8 0 1.99703 0.0122655 2.36685e-07
0 8 1 1.20171 0.00379559 7.48677e-08
0 8 2 0.884968 0.00215145 3.49153e-08
0 8 3 0.588433 0.00132076 1.82999e-08
0 8 4 0.403006 0.000705921 1.21763e-08
0 8 5 0.228435 0.000293435 5.70827e-09
0 8 6 0.183416 0.000427243 4.33149e-09
0 8 7 0.112083 0.000157532 2.86897e-09
0 8 8 0.0847615 0.000146745 2.61917e-09
0 8 9 0.0409839 6.05961e-05 1.43688e-09
0 8 10 0.0451403 8.62977e-05 1.47928e-09
0 8 11 0.0263914 2.89428e-05 6.90369e-10
1 8 0 2.97745 0.0198489 3.84851e-07
1 8 1 1.97882 0.00642878 1.30647e-07
1 8 2 1.42838 0.0029068 7.39005e-08
1 8 3 1.11797 0.00253478 4.5063e-08
1 8 4 0.829096 0.00147226 3.03565e-08
1 8 5 0.654107 0.00134512 2.35238e-08
1 8 6 0.468842 0.000835466 1.46413e-08
1 8 7 0.318772 0.000524566 9.20158e-09
1 8 8 0.280444 0.000359563 9.75303e-09
1 8 9 0.209997 0.000753215 9.32796e-09
1 8 10 0.156683 0.0003992 7.81065e-09
1 8 11 0.0893441 0.000134538 2.11322e-09
