0 0 0 1.83645 8.7284e-05 2.94721e-05
0 0 1 1.23357 6.08758e-05 2.47246e-05
0 0 2 0.865305 5.12564e-05 2.18297e-05
0 0 3 0.591524 4.93274e-05 2.02899e-05
0 0 4 0.44151 5.84457e-05 2.21419e-05
0 0 5 0.320149 7.62991e-05 3.421e-05
0 0 6 0.229226 9.33164e-05 3.70168e-05
0 0 7 0.167824 0.00013823 4.3864e-05
0 0 8 0.105782 0.000216381 4.98279e-05
0 0 9 0.0833309 0.00081487 0.000122932
0 0 10 0 0 0
0 0 11 0 0 0
1 0 0 1.96786 9.20452e-05 3.00707e-05
1 0 1 1.37301 6.75969e-05 2.60053e-05
1 0 2 0.961364 5.69231e-05 2.28244e-05
1 0 3 0.664786 5.42958e-05 2.13065e-05
1 0 4 0.48196 6.15482e-05 2.21981e-05
1 0 5 0.335161 7.33182e-05 3.29592e-05
1 0 6 0.242868 8.8953e-05 3.54907e-05
1 0 7 0.204633 0.000153203 4.61095e-05
1 0 8 0.115157 0.000188833 5.02372e-05
1 0 9 0.0826022 0.000754908 0.000103004
1 0 10 0 0 0
1 0 11 0 0 0
0 1 0 1.82648 7.26521e-05 2.51667e-05
0 1 1 1.21912 3.29305e-05 1.72837e-05
0 1 2 0.854573 1.9125e-05 1.10839e-05
0 1 3 0.619472 1.33086e-05 9.33842e-06
0 1 4 0.444911 9.73411e-06 7.84041e-06
0 1 5 0.333835 8.07943e-06 8.41784e-06
0 1 6 0.25131 6.61217e-06 7.58598e-06
0 1 7 0.193641 5.70578e-06 7.20386e-06
0 1 8 0.147187 4.68445e-06 6.90172e-06
0 1 9 0.117021 4.40634e-06 6.83944e-06
0 1 10 0.0928726 4.02043e-06 7.02985e-06
0 1 11 0.0600389 1.50722e-06 5.08545e-06
1 1 0 2.01833 7.68506e-05 2.64597e-05
1 1 1 1.37398 3.61206e-05 1.82398e-05
1 1 2 0.962317 2.11208e-05 1.15837e-05
1 1 3 0.714198 1.53021e-05 9.70044e-06
1 1 4 0.522678 1.13493e-05 8.22159e-06
1 1 5 0.381488 9.1016e-06 8.44278e-06
1 1 6 0.300129 7.99199e-06 7.98408e-06
1 1 7 0.230252 6.61087e-06 7.60766e-06
1 1 8 0.182097 5.87814e-06 7.31577e-06
1 1 9 0.143105 5.30025e-06 7.1529e-06
1 1 10 0.113962 4.78227e-06 7.23819e-06
1 1 11 0.0754945 1.91501e-06 5.56013e-06
0 2 0 1.78948 0.00019735 3.98418e-05
0 2 1 1.22714 8.88756e-05 2.76901e-05
0 2 2 0.841423 4.47301e-05 1.62973e-05
0 2 3 0.602234 2.606e-05 1.27258e-05
0 2 4 0.439434 1.59922e-05 9.52602e-06
0 2 5 0.32293 1.05626e-05 8.51695e-06
0 2 6 0.245739 7.24835e-06 7.24794e-06
0 2 7 0.193546 5.15562e-06 5.91853e-06
0 2 8 0.149516 3.81603e-06 5.34617e-06
0 2 9 0.113935 2.78262e-06 4.82085e-06
0 2 10 0.0928261 2.31196e-06 4.68916e-06
0 2 11 0.062381 6.802e-07 2.95213e-06
1 2 0 2.0254 0.00021203 4.25412e-05
1 2 1 1.39247 9.77394e-05 2.9337e-05
1 2 2 0.979583 5.07157e-05 1.7435e-05
1 2 3 0.715347 3.08317e-05 1.34539e-05
1 2 4 0.509494 1.86669e-05 9.96758e-06
1 2 5 0.387514 1.25448e-05 9.08793e-06
1 2 6 0.304269 8.87862e-06 7.75812e-06
1 2 7 0.234943 6.42982e-06 6.13909e-06
1 2 8 0.178544 4.65661e-06 5.27403e-06
1 2 9 0.147176 3.70946e-06 5.01939e-06
1 2 10 0.123048 3.1376e-06 5.15037e-06
1 2 11 0.0822935 9.59404e-07 3.11789e-06
0 3 0 1.81142 0.000399223 5.72584e-05
0 3 1 1.19182 0.00016557 3.79239e-05
0 3 2 0.833955 8.56267e-05 2.25549e-05
0 3 3 0.5665 4.62518e-05 1.61893e-05
0 3 4 0.417506 3.02928e-05 1.25292e-05
0 3 5 0.305176 1.85481e-05 1.09296e-05
0 3 6 0.224808 1.18237e-05 8.86117e-06
0 3 7 0.179044 8.38965e-06 6.9606e-06
0 3 8 0.140018 5.66147e-06 5.89779e-06
0 3 9 0.107664 3.7321e-06 5.21346e-06
0 3 10 0.0885198 2.72773e-06 4.95262e-06
0 3 11 0.0610001 7.83244e-07 2.99157e-06
1 3 0 2.10783 0.000442539 6.25999e-05
1 3 1 1.39384 0.000188106 4.09869e-05
1 3 2 0.985509 9.94265e-05 2.39515e-05
1 3 3 0.699381 5.64482e-05 1.82829e-05
1 3 4 0.511497 3.616e-05 1.33535e-05
1 3 5 0.384054 2.34652e-05 1.20343e-05
1 3 6 0.278086 1.48627e-05 9.55546e-06
1 3 7 0.223228 1.0497e-05 7.43851e-06
1 3 8 0.186694 7.70507e-06 6.58501e-06
1 3 9 0.14668 5.39823e-06 5.78579e-06
1 3 10 0.122268 3.99873e-06 5.40564e-06
1 3 11 0.08816 1.23256e-06 3.33774e-06
0 4 0 1.73286 0.000389101 5.39594e-05
0 4 1 1.1801 0.000165326 3.66644e-05
0 4 2 0.801761 8.20008e-05 2.08278e-05
0 4 3 0.571518 4.63943e-05 1.59035e-05
0 4 4 0.414466 2.84172e-05 1.20399e-05
0 4 5 0.299492 1.79389e-05 1.0332e-05
0 4 6 0.215841 1.11243e-05 8.18548e-06
0 4 7 0.169689 7.74597e-06 6.41295e-06
0 4 8 0.126551 5.00333e-06 5.18199e-06
0 4 9 0.102189 3.57761e-06 4.77347e-06
0 4 10 0.0824723 2.58165e-06 4.19547e-06
0 4 11 0.0561715 7.00102e-07 2.47968e-06
1 4 0 2.11819 0.000450016 6.09162e-05
1 4 1 1.42647 0.000194744 3.99206e-05
1 4 2 0.976589 9.65775e-05 2.26611e-05
1 4 3 0.695545 5.57575e-05 1.72024e-05
1 4 4 0.510634 3.49265e-05 1.26746e-05
1 4 5 0.377706 2.22351e-05 1.09698e-05
1 4 6 0.28117 1.45343e-05 8.80878e-06
1 4 7 0.223406 1.01875e-05 6.95551e-06
1 4 8 0.177691 7.129e-06 6.00717e-06
1 4 9 0.142793 5.09006e-06 5.21797e-06
1 4 10 0.116199 3.64938e-06 4.77413e-06
1 4 11 0.0838543 1.13761e-06 2.87427e-06
0 5 0 1.74869 0.000503757 6.11682e-05
0 5 1 1.11619 0.000205369 3.88926e-05
0 5 2 0.762208 9.96756e-05 2.21198e-05
0 5 3 0.533449 5.53531e-05 1.67847e-05
0 5 4 0.372069 3.29193e-05 1.21734e-05
0 5 5 0.274909 2.12223e-05 1.06947e-05
0 5 6 0.193364 1.28066e-05 8.21351e-06
0 5 7 0.149523 8.85706e-06 6.46966e-06
0 5 8 0.113675 5.80051e-06 5.30885e-06
0 5 9 0.0875915 4.10068e-06 4.55333e-06
0 5 10 0.0695454 2.86718e-06 4.0007e-06
0 5 11 0.0462499 8.23675e-07 2.2786e-06
1 5 0 2.12109 0.000588392 6.6833e-05
1 5 1 1.42963 0.000247397 4.35294e-05
1 5 2 1.00042 0.000126381 2.51412e-05
1 5 3 0.697198 7.1038e-05 1.87173e-05
1 5 4 0.504808 4.42627e-05 1.36671e-05
1 5 5 0.375146 2.84793e-05 1.18713e-05
1 5 6 0.278041 1.80406e-05 9.53693e-06
1 5 7 0.209755 1.19879e-05 7.01496e-06
1 5 8 0.165296 8.61285e-06 5.8933e-06
1 5 9 0.134027 6.18886e-06 5.19113e-06
1 5 10 0.10303 4.27213e-06 4.48148e-06
1 5 11 0.0717326 1.30123e-06 2.57292e-06
0 6 0 1.73376 0.00116701 9.5038e-05
0 6 1 1.07109 0.000472563 5.94409e-05
0 6 2 0.735936 0.0002376 3.5283e-05
0 6 3 0.490627 0.000127978 2.60412e-05
0 6 4 0.335842 7.2567e-05 1.88077e-05
0 6 5 0.238557 4.65435e-05 1.53818e-05
0 6 6 0.172938 2.91186e-05 1.23479e-05
0 6 7 0.124075 1.86298e-05 8.79021e-06
0 6 8 0.0931132 1.26878e-05 7.35334e-06
0 6 9 0.0666562 8.29188e-06 5.73114e-06
0 6 10 0.0493242 5.48086e-06 5.12589e-06
0 6 11 0.0347215 1.88994e-06 2.99648e-06
1 6 0 2.17069 0.00139089 0.000106379
1 6 1 1.45471 0.000608136 7.12739e-05
1 6 2 0.984699 0.000309486 3.99412e-05
1 6 3 0.68924 0.000178454 2.93303e-05
1 6 4 0.500395 0.000107744 2.20867e-05
1 6 5 0.348571 6.36824e-05 1.76746e-05
1 6 6 0.264126 4.37119e-05 1.4581e-05
1 6 7 0.188565 2.82804e-05 1.00971e-05
1 6 8 0.151171 2.01084e-05 8.66236e-06
1 6 9 0.112894 1.38509e-05 6.98917e-06
1 6 10 0.0876854 9.49663e-06 6.33111e-06
1 6 11 0.0646684 3.46803e-06 3.76972e-06
0 7 0 1.61255 0.00373243 0.000259565
0 7 1 0.98292 0.00105381 0.00013534
0 7 2 0.693269 0.000484486 6.91757e-05
0 7 3 0.474429 0.000255321 4.90021e-05
0 7 4 0.309162 0.000136139 2.85992e-05
0 7 5 0.213961 8.35709e-05 2.13029e-05
0 7 6 0.143819 5.04178e-05 1.60386e-05
0 7 7 0.110057 3.45655e-05 1.24032e-05
0 7 8 0.0733047 2.12773e-05 8.26567e-06
0 7 9 0.0549701 1.56748e-05 7.39872e-06
0 7 10 0.0427998 1.18702e-05 7.36439e-06
0 7 11 0.0299288 3.93719e-06 4.37324e-06
1 7 0 2.04679 0.00431594 0.000288264
1 7 1 1.39657 0.00147208 0.000158654
1 7 2 0.970912 0.000699111 7.86715e-05
1 7 3 0.656767 0.000356075 5.30544e-05
1 7 4 0.443587 0.000194383 3.39136e-05
1 7 5 0.325357 0.000125359 2.49031e-05
1 7 6 0.2616 9.29236e-05 2.15933e-05
1 7 7 0.194824 6.18221e-05 1.54253e-05
1 7 8 0.139218 4.03482e-05 1.18821e-05
1 7 9 0.106642 2.94973e-05 9.80367e-06
1 7 10 0.0813448 2.2481e-05 8.85115e-06
1 7 11 0.0539514 6.66721e-06 4.88695e-06
0 8 0 1.57249 0.00237669 0.000230121
0 8 1 0.980625 0.000754645 0.000122982
0 8 2 0.646232 0.000319918 6.20198e-05
0 8 3 0.408767 0.000153138 4.11366e-05
0 8 4 0.275174 9.33256e-05 2.59109e-05
0 8 5 0.187656 6.01525e-05 1.90546e-05
0 8 6 0.134294 3.889e-05 1.47348e-05
0 8 7 0.0911932 2.64907e-05 1.27355e-05
0 8 8 0.0598678 1.8376e-05 9.48048e-06
0 8 9 0.0478168 1.70712e-05 9.04486e-06
0 8 10 0.0334887 1.20739e-05 1.06371e-05
0 8 11 0.0185645 3.6038e-06 4.75295e-06
1 8 0 2.20884 0.00319776 0.000271408
1 8 1 1.35894 0.00099441 0.000142041
1 8 2 0.909015 0.000440546 7.10204e-05
1 8 3 0.655785 0.000254703 5.01355e-05
1 8 4 0.451052 0.000152353 3.31815e-05
1 8 5 0.288461 8.48644e-05 2.15288e-05
1 8 6 0.220969 6.29364e-05 1.77075e-05
1 8 7 0.158938 4.48866e-05 1.51723e-05
1 8 8 0.134193 4.21731e-05 1.37515e-05
1 8 9 0.0958148 3.29966e-05 1.25159e-05
1 8 10 0.0724612 2.68712e-05 1.39479e-05
1 8 11 0.0495037 9.81922e-06 7.51333e-06
