0 0 0 1.93514 0.000269944 0.000115976
0 0 1 1.28744 0.000209024 9.76888e-05
0 0 2 0.856787 0.000187929 8.08565e-05
0 0 3 0.568871 0.000230143 7.7709e-05
0 0 4 0.432425 0.000356908 9.06454e-05
0 0 5 0.34807 0.000642955 0.000176328
0 0 6 0.243283 0.000785304 0.000188988
0 0 7 0.137301 0.000999103 0.000174281
0 0 8 0.0910077 0.00200216 0.000291469
0 0 9 0.0494022 0.00522499 0.000653677
0 0 10 0 0 0
0 0 11 0 0 0
1 0 0 2.08083 0.000291329 0.000119632
1 0 1 1.39061 0.000221707 9.85124e-05
1 0 2 0.938598 0.000206328 8.41957e-05
1 0 3 0.653334 0.000267096 8.41956e-05
1 0 4 0.468211 0.000384121 9.35001e-05
1 0 5 0.332885 0.000613758 0.00015679
1 0 6 0.21684 0.000727892 0.000160956
1 0 7 0.188973 0.00147457 0.000243238
1 0 8 0.100074 0.00193244 0.000212385
1 0 9 0.0514283 0.00568941 0.000593066
1 0 10 0 0 0
1 0 11 0 0 0
0 1 0 1.88071 0.000131293 7.53776e-05
0 1 1 1.27431 8.22227e-05 5.79105e-05
0 1 2 0.878268 6.03494e-05 4.12916e-05
0 1 3 0.625605 5.26121e-05 3.61763e-05
0 1 4 0.441323 4.72582e-05 3.29002e-05
0 1 5 0.334882 4.94153e-05 4.0744e-05
0 1 6 0.244324 4.64447e-05 3.76492e-05
0 1 7 0.185636 4.41074e-05 3.63321e-05
0 1 8 0.13984 4.17138e-05 3.3986e-05
0 1 9 0.103521 3.70386e-05 3.18805e-05
0 1 10 0.0987418 4.74647e-05 4.06454e-05
0 1 11 0.0636718 2.0651e-05 3.79436e-05
1 1 0 2.08194 0.000144987 7.9713e-05
1 1 1 1.4136 9.14443e-05 6.0905e-05
1 1 2 0.978678 6.64864e-05 4.28685e-05
1 1 3 0.719934 6.00008e-05 3.88167e-05
1 1 4 0.509596 5.30534e-05 3.43552e-05
1 1 5 0.376604 5.42035e-05 4.11046e-05
1 1 6 0.272624 4.94942e-05 3.59744e-05
1 1 7 0.216862 5.07904e-05 3.79411e-05
1 1 8 0.169412 5.07396e-05 3.71227e-05
1 1 9 0.144778 5.74934e-05 4.14897e-05
1 1 10 0.123176 5.99053e-05 4.18133e-05
1 1 11 0.0770974 2.60781e-05 3.67018e-05
0 2 0 1.8567 0.000228135 9.00162e-05
0 2 1 1.28008 0.000122685 6.82469e-05
0 2 2 0.885311 7.86972e-05 4.60544e-05
0 2 3 0.616845 5.64805e-05 3.78653e-05
0 2 4 0.445593 4.41173e-05 3.14393e-05
0 2 5 0.324168 3.64202e-05 3.31875e-05
0 2 6 0.243378 3.03959e-05 2.90496e-05
0 2 7 0.186469 2.60642e-05 2.47025e-05
0 2 8 0.139103 2.14113e-05 2.24631e-05
0 2 9 0.114038 2.00522e-05 2.15758e-05
0 2 10 0.0984283 1.98187e-05 2.30328e-05
0 2 11 0.0644906 6.80956e-06 1.63423e-05
1 2 0 2.07942 0.000253699 9.55608e-05
1 2 1 1.43467 0.000136071 7.18994e-05
1 2 2 1.01775 8.93095e-05 4.92241e-05
1 2 3 0.724158 6.53751e-05 4.09434e-05
1 2 4 0.512281 4.92114e-05 3.27644e-05
1 2 5 0.376576 4.0669e-05 3.46709e-05
1 2 6 0.287737 3.40713e-05 2.99997e-05
1 2 7 0.216486 2.88112e-05 2.54003e-05
1 2 8 0.168194 2.54543e-05 2.28711e-05
1 2 9 0.142319 2.5025e-05 2.32413e-05
1 2 10 0.124809 2.49157e-05 2.58536e-05
1 2 11 0.0839652 9.3489e-06 1.87236e-05
0 3 0 1.8885 0.000427974 0.000118223
0 3 1 1.23615 0.000195193 8.31335e-05
0 3 2 0.856974 0.000112643 5.2934e-05
0 3 3 0.577595 7.01277e-05 4.13122e-05
0 3 4 0.427493 5.42625e-05 3.51142e-05
0 3 5 0.311849 4.07976e-05 3.38768e-05
0 3 6 0.229559 3.0805e-05 2.95282e-05
0 3 7 0.171759 2.40731e-05 2.3348e-05
0 3 8 0.136882 2.07904e-05 2.12541e-05
0 3 9 0.104487 1.64398e-05 1.93534e-05
0 3 10 0.0865497 1.45709e-05 1.91875e-05
0 3 11 0.0576 4.61712e-06 1.34592e-05
1 3 0 2.16322 0.00048165 0.000127195
1 3 1 1.42713 0.000221648 8.91189e-05
1 3 2 1.02498 0.000134187 5.81589e-05
1 3 3 0.716487 8.5568e-05 4.74305e-05
1 3 4 0.527978 6.55804e-05 3.73085e-05
1 3 5 0.398856 5.18549e-05 3.91317e-05
1 3 6 0.285269 3.80952e-05 3.18127e-05
1 3 7 0.217527 3.10209e-05 2.61847e-05
1 3 8 0.181213 2.7394e-05 2.45519e-05
1 3 9 0.137811 2.11462e-05 2.03941e-05
1 3 10 0.114626 1.85649e-05 2.10098e-05
1 3 11 0.083517 7.2913e-06 1.59747e-05
0 4 0 1.79242 0.000392778 0.000102209
0 4 1 1.21527 0.000180621 7.41386e-05
0 4 2 0.835932 9.68841e-05 4.60369e-05
0 4 3 0.58668 5.93228e-05 3.70373e-05
0 4 4 0.421473 3.96138e-05 2.88697e-05
0 4 5 0.302363 2.79396e-05 2.69608e-05
0 4 6 0.217625 1.91996e-05 2.22682e-05
0 4 7 0.164161 1.47837e-05 1.81352e-05
0 4 8 0.124249 1.1424e-05 1.53896e-05
0 4 9 0.101804 9.56941e-06 1.44294e-05
0 4 10 0.0782397 7.38992e-06 1.28815e-05
0 4 11 0.0526073 2.36298e-06 8.74804e-06
1 4 0 2.16967 0.000470297 0.000114808
1 4 1 1.4795 0.000218393 8.12697e-05
1 4 2 1.00643 0.000114514 5.03093e-05
1 4 3 0.724463 7.20329e-05 4.04914e-05
1 4 4 0.533912 4.95568e-05 3.20874e-05
1 4 5 0.393871 3.58031e-05 3.10015e-05
1 4 6 0.286505 2.53979e-05 2.53868e-05
1 4 7 0.224766 2.0195e-05 2.08185e-05
1 4 8 0.181768 1.67916e-05 1.91419e-05
1 4 9 0.144445 1.3497e-05 1.69822e-05
1 4 10 0.111528 1.05363e-05 1.49685e-05
1 4 11 0.0789603 3.72877e-06 1.09486e-05
0 5 0 1.81107 0.000503238 0.000105941
0 5 1 1.1643 0.000209528 7.08619e-05
0 5 2 0.795744 0.000109708 4.38441e-05
0 5 3 0.555675 6.43108e-05 3.47486e-05
0 5 4 0.383705 4.02848e-05 2.61845e-05
0 5 5 0.285791 2.765e-05 2.52382e-05
0 5 6 0.190153 1.67776e-05 1.85358e-05
0 5 7 0.154214 1.27858e-05 1.54251e-05
0 5 8 0.113082 8.9205e-06 1.27763e-05
0 5 9 0.088655 6.82953e-06 1.14973e-05
0 5 10 0.0676987 5.11105e-06 9.92246e-06
0 5 11 0.0431517 1.50505e-06 6.33186e-06
1 5 0 2.1927 0.000603295 0.000117088
1 5 1 1.46848 0.00025996 8.01871e-05
1 5 2 1.04005 0.000140603 5.13765e-05
1 5 3 0.727555 8.31123e-05 4.05097e-05
1 5 4 0.529089 5.50058e-05 3.15168e-05
1 5 5 0.391563 3.73904e-05 2.95579e-05
1 5 6 0.293747 2.57042e-05 2.40804e-05
1 5 7 0.216242 1.77999e-05 1.81025e-05
1 5 8 0.168183 1.33692e-05 1.54266e-05
1 5 9 0.133558 1.0241e-05 1.33558e-05
1 5 10 0.10501 7.89403e-06 1.21707e-05
1 5 11 0.0733255 2.79197e-06 8.02616e-06
0 6 0 1.77265 0.00112735 0.000151392
0 6 1 1.09984 0.000461737 0.000101653
0 6 2 0.764801 0.000246558 6.36663e-05
0 6 3 0.51196 0.000140623 4.97551e-05
0 6 4 0.353702 8.59803e-05 3.78248e-05
0 6 5 0.245465 5.38781e-05 3.29879e-05
0 6 6 0.179871 3.76308e-05 2.70148e-05
0 6 7 0.125085 2.30603e-05 1.88586e-05
0 6 8 0.0909122 1.5513e-05 1.55949e-05
0 6 9 0.0703275 1.14515e-05 1.30382e-05
0 6 10 0.0511963 7.95796e-06 1.17871e-05
0 6 11 0.0337394 2.50008e-06 7.27697e-06
1 6 0 2.24673 0.00143376 0.00017551
1 6 1 1.5153 0.000641989 0.000123727
1 6 2 1.01902 0.00032664 7.44827e-05
1 6 3 0.726237 0.000198179 5.83991e-05
1 6 4 0.531363 0.000125425 4.5498e-05
1 6 5 0.379272 8.30743e-05 4.14608e-05
1 6 6 0.275054 5.5407e-05 3.29101e-05
1 6 7 0.199713 3.73072e-05 2.4659e-05
1 6 8 0.156068 2.73936e-05 2.1181e-05
1 6 9 0.121138 2.08142e-05 1.68339e-05
1 6 10 0.0890019 1.38603e-05 1.54853e-05
1 6 11 0.0676227 5.63974e-06 1.06848e-05
0 7 0 1.70653 0.0036816 0.00041873
0 7 1 1.04571 0.00112504 0.000229222
0 7 2 0.756847 0.000573252 0.00013019
0 7 3 0.471502 0.000259435 8.44234e-05
0 7 4 0.315446 0.000148216 5.47229e-05
0 7 5 0.220535 9.64951e-05 4.01733e-05
0 7 6 0.145344 5.7785e-05 3.11168e-05
0 7 7 0.112488 4.12015e-05 2.47979e-05
0 7 8 0.0762337 2.73191e-05 1.76804e-05
0 7 9 0.0556677 1.88771e-05 1.49946e-05
0 7 10 0.0410922 1.38005e-05 1.58121e-05
0 7 11 0.0295769 4.70175e-06 9.49787e-06
1 7 0 2.18198 0.00460614 0.000481002
1 7 1 1.4255 0.00149393 0.000279713
1 7 2 1.03567 0.000767266 0.000150223
1 7 3 0.688055 0.000388036 0.000104386
1 7 4 0.470476 0.000216832 6.95573e-05
1 7 5 0.340855 0.0001451 5.107e-05
1 7 6 0.274392 0.000111896 4.60113e-05
1 7 7 0.2122 8.21525e-05 3.6735e-05
1 7 8 0.149565 5.32511e-05 2.7666e-05
1 7 9 0.116421 4.37184e-05 2.40598e-05
1 7 10 0.0791359 2.83336e-05 2.08923e-05
1 7 11 0.0591743 1.09873e-05 1.36217e-05
0 8 0 1.60368 0.00232525 0.000335359
0 8 1 1.01022 0.000752027 0.000194928
0 8 2 0.67721 0.000343347 0.000104626
0 8 3 0.433926 0.000172371 7.19797e-05
0 8 4 0.295045 0.000108444 4.81048e-05
0 8 5 0.189128 6.1942e-05 3.40211e-05
0 8 6 0.143555 4.50294e-05 2.83139e-05
0 8 7 0.0944915 3.0491e-05 2.38226e-05
0 8 8 0.0677394 2.39976e-05 2.00666e-05
0 8 9 0.0494374 2.13047e-05 2.51503e-05
0 8 10 0.036205 1.47274e-05 2.04678e-05
0 8 11 0.0194922 4.20354e-06 9.45523e-06
1 8 0 2.25617 0.00327227 0.00041633
1 8 1 1.42675 0.00105891 0.000235391
1 8 2 0.954705 0.000471419 0.000123677
1 8 3 0.701636 0.00028284 9.5412e-05
1 8 4 0.489629 0.000176718 6.58942e-05
1 8 5 0.317055 0.000103061 4.33439e-05
1 8 6 0.2428 7.83663e-05 3.76291e-05
1 8 7 0.177987 5.96683e-05 3.27449e-05
1 8 8 0.14342 5.16895e-05 2.92593e-05
1 8 9 0.108643 4.74972e-05 4.12172e-05
1 8 10 0.0817363 3.57078e-05 3.32462e-05
1 8 11 0.0487952 1.15246e-05 1.58558e-05
