0 0 0 1.96363 6.44839e-05 0
0 0 1 1.24277 3.91055e-05 0
0 0 2 0.890626 3.01435e-05 0
0 0 3 0.631367 2.75733e-05 0
0 0 4 0.473523 2.94394e-05 0
0 0 5 0.356739 3.5049e-05 0
0 0 6 0.275159 4.0367e-05 0
0 0 7 0.213733 5.47829e-05 0
0 0 8 0.122978 6.4709e-05 0
0 0 9 0.115953 0.000217222 0
0 0 10 0 0 0
0 0 11 0 0 0
1 0 0 2.19872 7.09157e-05 0
1 0 1 1.41702 4.33964e-05 0
1 0 2 1.02213 3.36596e-05 0
1 0 3 0.758262 3.21288e-05 0
1 0 4 0.588305 3.63902e-05 0
1 0 5 0.459233 4.53273e-05 0
1 0 6 0.346572 4.87152e-05 0
1 0 7 0.284036 7.08319e-05 0
1 0 8 0.192499 9.7289e-05 0
1 0 9 0.0880746 0.000165388 0
1 0 10 0 0 0
1 0 11 0 0 0
0 1 0 1.88013 4.73078e-05 0
0 1 1 1.19209 1.91359e-05 0
0 1 2 0.799748 1.02997e-05 0
0 1 3 0.557848 6.83473e-06 0
0 1 4 0.408594 5.01649e-06 0
0 1 5 0.320921 4.21873e-06 0
0 1 6 0.243549 3.44921e-06 0
0 1 7 0.183152 2.77099e-06 0
0 1 8 0.135465 2.16321e-06 0
0 1 9 0.101937 1.77204e-06 0
0 1 10 0.0823129 1.56086e-06 0
0 1 11 0.0569811 1.02596e-06 0
1 1 0 2.16933 5.34084e-05 0
1 1 1 1.42349 2.23886e-05 0
1 1 2 0.962153 1.21483e-05 0
1 1 3 0.715296 8.59373e-06 0
1 1 4 0.528253 6.38415e-06 0
1 1 5 0.416217 5.43513e-06 0
1 1 6 0.32375 4.54638e-06 0
1 1 7 0.247537 3.70715e-06 0
1 1 8 0.19139 3.14305e-06 0
1 1 9 0.145901 2.59916e-06 0
1 1 10 0.112916 2.22607e-06 0
1 1 11 0.0859568 1.05675e-06 0
0 2 0 1.81241 0.000128704 0
0 2 1 1.18672 5.22569e-05 0
0 2 2 0.786463 2.4697e-05 0
0 2 3 0.549617 1.38002e-05 0
0 2 4 0.378958 7.96376e-06 0
0 2 5 0.300888 5.48376e-06 0
0 2 6 0.224847 3.71493e-06 0
0 2 7 0.170505 2.58947e-06 0
0 2 8 0.125672 1.84569e-06 0
0 2 9 0.0952566 1.33532e-06 0
0 2 10 0.0732871 1.02746e-06 0
0 2 11 0.0521065 3.34455e-07 0
1 2 0 2.16678 0.000149225 0
1 2 1 1.43556 6.18164e-05 0
1 2 2 0.982333 3.01431e-05 0
1 2 3 0.712463 1.74676e-05 0
1 2 4 0.534418 1.09353e-05 0
1 2 5 0.420957 7.61399e-06 0
1 2 6 0.323249 5.28654e-06 0
1 2 7 0.2457 3.78524e-06 0
1 2 8 0.185408 2.74077e-06 0
1 2 9 0.136046 1.94497e-06 0
1 2 10 0.117406 1.73213e-06 0
1 2 11 0.083662 6.02892e-07 0
0 3 0 1.82848 0.000254523 0
0 3 1 1.16779 0.000100845 0
0 3 2 0.773769 4.78779e-05 0
0 3 3 0.510381 2.43487e-05 0
0 3 4 0.389758 1.59353e-05 0
0 3 5 0.297402 1.05113e-05 0
0 3 6 0.204598 6.17697e-06 0
0 3 7 0.164638 4.51178e-06 0
0 3 8 0.115549 2.75628e-06 0
0 3 9 0.0826819 1.72013e-06 0
0 3 10 0.0695403 1.27029e-06 0
0 3 11 0.0463824 3.6839e-07 0
1 3 0 2.25499 0.000304245 0
1 3 1 1.44335 0.000120753 0
1 3 2 1.00015 6.0439e-05 0
1 3 3 0.694993 3.21379e-05 0
1 3 4 0.503336 2.00182e-05 0
1 3 5 0.426695 1.47973e-05 0
1 3 6 0.306369 9.19494e-06 0
1 3 7 0.231014 6.23014e-06 0
1 3 8 0.193258 4.65997e-06 0
1 3 9 0.149979 3.18947e-06 0
1 3 10 0.10395 1.97555e-06 0
1 3 11 0.0885717 8.45566e-07 0
0 4 0 1.75744 0.000249658 0
0 4 1 1.08884 9.49649e-05 0
0 4 2 0.722376 4.43657e-05 0
0 4 3 0.490429 2.38014e-05 0
0 4 4 0.362776 1.46402e-05 0
0 4 5 0.28405 1.00049e-05 0
0 4 6 0.192495 5.8171e-06 0
0 4 7 0.148119 3.92588e-06 0
0 4 8 0.106325 2.52128e-06 0
0 4 9 0.0789762 1.63775e-06 0
0 4 10 0.0633135 1.16295e-06 0
0 4 11 0.0435016 3.45312e-07 0
1 4 0 2.24797 0.000308722 0
1 4 1 1.47364 0.000124658 0
1 4 2 0.992114 5.90742e-05 0
1 4 3 0.734383 3.4578e-05 0
1 4 4 0.56273 2.24874e-05 0
1 4 5 0.422561 1.45639e-05 0
1 4 6 0.318961 9.52107e-06 0
1 4 7 0.228803 5.99609e-06 0
1 4 8 0.176356 4.05866e-06 0
1 4 9 0.150091 3.20083e-06 0
1 4 10 0.0988689 1.86251e-06 0
1 4 11 0.0842012 7.85144e-07 0
0 5 0 1.73842 0.000316247 0
0 5 1 1.09294 0.000124988 0
0 5 2 0.670348 5.34852e-05 0
0 5 3 0.476286 3.05361e-05 0
0 5 4 0.339757 1.81273e-05 0
0 5 5 0.257519 1.21841e-05 0
0 5 6 0.167553 6.66611e-06 0
0 5 7 0.129418 4.59813e-06 0
0 5 8 0.0873078 2.75025e-06 0
0 5 9 0.0649248 1.83223e-06 0
0 5 10 0.0540609 1.35099e-06 0
0 5 11 0.0347698 3.97052e-07 0
1 5 0 2.27014 0.000399882 0
1 5 1 1.46454 0.000159015 0
1 5 2 1.01753 7.93368e-05 0
1 5 3 0.737995 4.55599e-05 0
1 5 4 0.493752 2.56617e-05 0
1 5 5 0.436378 1.98653e-05 0
1 5 6 0.320358 1.25528e-05 0
1 5 7 0.218319 7.45375e-06 0
1 5 8 0.166272 5.13691e-06 0
1 5 9 0.126676 3.5311e-06 0
1 5 10 0.102448 2.7178e-06 0
1 5 11 0.0785802 1.02902e-06 0
0 6 0 1.67345 0.000717895 0
0 6 1 0.998933 0.000271829 0
0 6 2 0.642687 0.000132528 0
0 6 3 0.384702 6.42813e-05 0
0 6 4 0.240467 3.1754e-05 0
0 6 5 0.205666 2.44517e-05 0
0 6 6 0.13953 1.4475e-05 0
0 6 7 0.0885482 8.15439e-06 0
0 6 8 0.0532949 3.87768e-06 0
0 6 9 0.0611208 4.72162e-06 0
0 6 10 0.0407142 2.92206e-06 0
0 6 11 0.0241533 7.70324e-07 0
1 6 0 2.31315 0.000959591 0
1 6 1 1.47948 0.000384166 0
1 6 2 0.969951 0.000187083 0
1 6 3 0.66394 0.000107599 0
1 6 4 0.455952 6.01147e-05 0
1 6 5 0.383229 4.31528e-05 0
1 6 6 0.256959 2.53059e-05 0
1 6 7 0.213023 1.93477e-05 0
1 6 8 0.138019 1.08233e-05 0
1 6 9 0.0973143 6.69818e-06 0
1 6 10 0.0599237 3.65114e-06 0
1 6 11 0.0649611 2.4015e-06 0
0 7 0 1.67705 0.0022699 0
0 7 1 1.01909 0.000685263 0
0 7 2 0.699211 0.000329003 0
0 7 3 0.420121 0.000150584 0
0 7 4 0.254391 7.21367e-05 0
0 7 5 0.155755 3.62164e-05 0
0 7 6 0.11184 2.50021e-05 0
0 7 7 0.0992496 1.96132e-05 0
0 7 8 0.0405566 6.35084e-06 0
0 7 9 0.0503341 1.11299e-05 0
0 7 10 0.0294943 5.36704e-06 0
0 7 11 0.017319 1.28524e-06 0
1 7 0 2.39196 0.00310916 0
1 7 1 1.60932 0.00103826 0
1 7 2 1.15707 0.000522039 0
1 7 3 0.748528 0.000256526 0
1 7 4 0.504788 0.000131991 0
1 7 5 0.36129 8.29668e-05 0
1 7 6 0.317426 6.94463e-05 0
1 7 7 0.156924 2.80188e-05 0
1 7 8 0.165626 3.577e-05 0
1 7 9 0.112598 1.95758e-05 0
1 7 10 0.0369983 1.62407e-05 0
1 7 11 0.0695278 6.52726e-06 0
0 8 0 1.68335 0.00181087 0
0 8 1 1.09827 0.000593352 0
0 8 2 0.633678 0.000229962 0
0 8 3 0.395834 0.00011271 0
0 8 4 0.235999 5.94542e-05 0
0 8 5 0.152392 3.07928e-05 0
0 8 6 0.096 1.80309e-05 0
0 8 7 0.0702145 1.35877e-05 0
0 8 8 0.0504936 1.16535e-05 0
0 8 9 0.0556291 1.97104e-05 0
0 8 10 0.0327576 7.88178e-06 0
0 8 11 0.0171263 1.95856e-06 0
1 8 0 2.47338 0.00245731 0
1 8 1 1.64222 0.000843048 0
1 8 2 1.09196 0.000381928 0
1 8 3 0.797033 0.000223869 0
1 8 4 0.479693 0.000110527 0
1 8 5 0.342739 7.16408e-05 0
1 8 6 0.242437 4.65356e-05 0
1 8 7 0.192702 3.73167e-05 0
1 8 8 0.167257 3.67544e-05 0
1 8 9 0.169625 5.26864e-05 0
1 8 10 0.118456 3.76169e-05 0
1 8 11 0.0686563 9.54928e-06 0
