0 0 0 2.32411 0.000221834 3.34317e-09
0 0 1 1.58661 0.000155739 2.42226e-09
0 0 2 1.14191 0.00011907 1.97169e-09
0 0 3 0.808749 0.000109056 1.899e-09
0 0 4 0.602278 0.000113703 2.21587e-09
0 0 5 0.434626 0.000126665 2.63592e-09
0 0 6 0.346801 0.000159208 3.65268e-09
0 0 7 0.260787 0.000196167 5.43908e-09
0 0 8 0.165052 0.000282825 7.82384e-09
0 0 9 0.167675 0.00135641 5.34835e-08
0 0 10 0 0 0
0 0 11 0 0 0
1 0 0 2.57644 0.00024207 3.64907e-09
1 0 1 1.8257 0.000176103 2.804e-09
1 0 2 1.31965 0.000134086 2.3508e-09
1 0 3 0.968102 0.000123749 2.38731e-09
1 0 4 0.735309 0.000135755 2.91805e-09
1 0 5 0.561153 0.000173733 3.85429e-09
1 0 6 0.436455 0.000206439 4.94527e-09
1 0 7 0.355211 0.000263103 9.09322e-09
1 0 8 0.248544 0.000406569 1.52797e-08
1 0 9 0.128301 0.000454211 3.54878e-08
1 0 10 0 0 0
1 0 11 0 0 0
0 1 0 2.33669 0.000174562 2.54458e-09
0 1 1 1.60738 8.19377e-05 1.23462e-09
0 1 2 1.13345 4.524e-05 7.50443e-10
0 1 3 0.827423 3.21751e-05 5.47452e-10
0 1 4 0.599827 2.35011e-05 4.32589e-10
0 1 5 0.45057 1.87627e-05 3.81968e-10
0 1 6 0.341141 1.56127e-05 3.2918e-10
0 1 7 0.257747 1.23024e-05 2.98382e-10
0 1 8 0.195974 1.02952e-05 2.72274e-10
0 1 9 0.146128 8.27779e-06 2.40879e-10
0 1 10 0.11241 6.43308e-06 2.46664e-10
0 1 11 0.0772005 2.76857e-06 1.05765e-10
1 1 0 2.67939 0.000200333 2.95909e-09
1 1 1 1.90556 9.57129e-05 1.46471e-09
1 1 2 1.37782 5.52171e-05 9.35943e-10
1 1 3 1.0615 4.16676e-05 7.62654e-10
1 1 4 0.782786 3.06527e-05 5.96894e-10
1 1 5 0.585427 2.42387e-05 5.15195e-10
1 1 6 0.456755 2.01285e-05 4.81801e-10
1 1 7 0.355504 1.73952e-05 4.40837e-10
1 1 8 0.272515 1.40611e-05 4.05828e-10
1 1 9 0.208402 1.20754e-05 3.72217e-10
1 1 10 0.165727 1.05108e-05 3.74388e-10
1 1 11 0.120985 5.02493e-06 1.84827e-10
0 2 0 2.30314 0.000490674 6.63253e-09
0 2 1 1.64031 0.000234115 3.20221e-09
0 2 2 1.14341 0.000113114 1.71956e-09
0 2 3 0.816436 6.36895e-05 1.06659e-09
0 2 4 0.595699 3.9748e-05 7.12603e-10
0 2 5 0.443013 2.56302e-05 5.06794e-10
0 2 6 0.331851 1.70623e-05 3.70698e-10
0 2 7 0.261688 1.27045e-05 3.10111e-10
0 2 8 0.196241 9.41224e-06 2.39387e-10
0 2 9 0.144077 6.39644e-06 1.84117e-10
0 2 10 0.113889 5.03533e-06 1.75143e-10
0 2 11 0.0807478 1.74218e-06 6.34796e-11
1 2 0 2.73511 0.00056817 8.09256e-09
1 2 1 1.94823 0.00026389 3.92427e-09
1 2 2 1.43202 0.000139562 2.29775e-09
1 2 3 1.07739 8.25915e-05 1.50836e-09
1 2 4 0.80841 5.26953e-05 1.03271e-09
1 2 5 0.61861 3.50655e-05 7.65784e-10
1 2 6 0.484092 2.48082e-05 5.80602e-10
1 2 7 0.374938 1.87633e-05 4.59709e-10
1 2 8 0.28188 1.30865e-05 3.56452e-10
1 2 9 0.217308 1.00285e-05 2.80652e-10
1 2 10 0.176481 8.20202e-06 2.64692e-10
1 2 11 0.136388 3.55158e-06 1.17876e-10
0 3 0 2.34032 0.000982554 1.35289e-08
0 3 1 1.60652 0.000435342 5.93625e-09
0 3 2 1.12772 0.000216895 3.23586e-09
0 3 3 0.760779 0.000111099 1.78141e-09
0 3 4 0.581241 7.40147e-05 1.25689e-09
0 3 5 0.429493 4.77174e-05 8.72786e-10
0 3 6 0.314816 3.14376e-05 6.01223e-10
0 3 7 0.239943 2.04678e-05 4.39967e-10
0 3 8 0.184389 1.38569e-05 3.33279e-10
0 3 9 0.137678 8.77367e-06 2.35378e-10
0 3 10 0.112426 7.06938e-06 2.05713e-10
0 3 11 0.0791349 2.08729e-06 6.74839e-11
1 3 0 2.82448 0.0011401 1.72465e-08
1 3 1 1.95547 0.000510008 7.64012e-09
1 3 2 1.48038 0.000286264 4.55085e-09
1 3 3 1.08072 0.000160999 2.84003e-09
1 3 4 0.830426 0.000105484 2.06288e-09
1 3 5 0.619771 6.65891e-05 1.41365e-09
1 3 6 0.457071 4.05163e-05 9.65179e-10
1 3 7 0.359416 2.97235e-05 7.08728e-10
1 3 8 0.307876 2.41709e-05 6.13954e-10
1 3 9 0.22881 1.54616e-05 4.19161e-10
1 3 10 0.185982 1.14866e-05 3.27584e-10
1 3 11 0.162136 5.77865e-06 1.64087e-10
0 4 0 2.28207 0.00100178 1.22675e-08
0 4 1 1.54539 0.000423297 5.28983e-09
0 4 2 1.08271 0.000202503 2.86884e-09
0 4 3 0.766319 0.000112861 1.67076e-09
0 4 4 0.557508 6.79664e-05 1.09304e-09
0 4 5 0.407917 4.35317e-05 7.53362e-10
0 4 6 0.297779 2.93793e-05 4.75548e-10
0 4 7 0.231083 1.97517e-05 3.8267e-10
0 4 8 0.176323 1.35207e-05 2.7747e-10
0 4 9 0.135284 9.47881e-06 2.06844e-10
0 4 10 0.100322 5.73593e-06 1.45284e-10
0 4 11 0.0724363 1.89091e-06 4.93235e-11
1 4 0 2.91162 0.00126563 1.69906e-08
1 4 1 2.02723 0.000532761 7.55662e-09
1 4 2 1.46711 0.000271135 4.18825e-09
1 4 3 1.10617 0.00016006 2.70569e-09
1 4 4 0.838151 0.000107099 1.86298e-09
1 4 5 0.622709 6.61209e-05 1.28068e-09
1 4 6 0.48142 4.43881e-05 9.39302e-10
1 4 7 0.385935 3.25995e-05 7.14618e-10
1 4 8 0.292046 2.14302e-05 4.97623e-10
1 4 9 0.228972 1.50881e-05 3.67824e-10
1 4 10 0.180847 1.09272e-05 2.68133e-10
1 4 11 0.154571 5.19613e-06 1.24271e-10
0 5 0 2.26394 0.00124378 1.57921e-08
0 5 1 1.52434 0.000551873 6.55893e-09
0 5 2 1.02726 0.000248525 3.23014e-09
0 5 3 0.742741 0.000148924 1.97784e-09
0 5 4 0.511589 8.23352e-05 1.19444e-09
0 5 5 0.376778 5.42247e-05 8.1519e-10
0 5 6 0.269264 3.40597e-05 5.17771e-10
0 5 7 0.199044 2.12866e-05 3.50383e-10
0 5 8 0.152427 1.48068e-05 2.66312e-10
0 5 9 0.112073 9.10885e-06 1.96407e-10
0 5 10 0.0866763 6.80154e-06 1.39206e-10
0 5 11 0.0628412 2.43265e-06 4.56954e-11
1 5 0 2.90792 0.00160352 2.10027e-08
1 5 1 2.10221 0.000747214 1.01134e-08
1 5 2 1.54105 0.000375586 5.69585e-09
1 5 3 1.13901 0.000220159 3.50884e-09
1 5 4 0.868509 0.000142242 2.46954e-09
1 5 5 0.65708 9.41981e-05 1.7331e-09
1 5 6 0.493458 6.20003e-05 1.17871e-09
1 5 7 0.370848 3.94482e-05 8.14499e-10
1 5 8 0.280056 2.64209e-05 5.365e-10
1 5 9 0.223764 1.97122e-05 4.11954e-10
1 5 10 0.1705 1.32813e-05 2.95163e-10
1 5 11 0.147412 6.9982e-06 1.29586e-10
0 6 0 2.27891 0.00313948 3.90647e-08
0 6 1 1.47872 0.00126307 1.66111e-08
0 6 2 0.971117 0.000567967 8.11043e-09
0 6 3 0.707989 0.000386993 5.04718e-09
0 6 4 0.456158 0.000197655 2.57041e-09
0 6 5 0.335189 0.000124658 1.83705e-09
0 6 6 0.234934 6.87107e-05 1.21998e-09
0 6 7 0.176806 5.36607e-05 7.42892e-10
0 6 8 0.123603 3.24897e-05 4.97577e-10
0 6 9 0.0942385 2.02897e-05 3.72207e-10
0 6 10 0.0677258 1.54772e-05 2.52469e-10
0 6 11 0.0498454 5.54842e-06 8.63424e-11
1 6 0 3.00192 0.00394501 5.59737e-08
1 6 1 2.12398 0.00170886 2.67089e-08
1 6 2 1.53682 0.000904629 1.56432e-08
1 6 3 1.15611 0.00056438 9.71481e-09
1 6 4 0.863894 0.000340441 6.70954e-09
1 6 5 0.635898 0.000232237 4.2874e-09
1 6 6 0.491576 0.000166595 3.06115e-09
1 6 7 0.361293 9.81649e-05 2.10762e-09
1 6 8 0.277047 7.04362e-05 1.38344e-09
1 6 9 0.200937 4.75722e-05 8.52664e-10
1 6 10 0.157626 3.45122e-05 6.68408e-10
1 6 11 0.12969 1.55223e-05 2.86496e-10
0 7 0 2.13042 0.00980255 1.39264e-07
0 7 1 1.34536 0.0031485 4.20235e-08
0 7 2 0.913692 0.00125656 2.02847e-08
0 7 3 0.618372 0.000686093 1.03385e-08
0 7 4 0.431055 0.000432404 5.62625e-09
0 7 5 0.304832 0.000224263 3.46808e-09
0 7 6 0.192433 0.000120359 1.86622e-09
0 7 7 0.14936 9.01304e-05 1.38631e-09
0 7 8 0.115527 8.74932e-05 1.05822e-09
0 7 9 0.0827725 4.73857e-05 6.7266e-10
0 7 10 0.0550569 2.82875e-05 4.56788e-10
0 7 11 0.0372518 8.33445e-06 1.37165e-10
1 7 0 3.04003 0.0133157 2.40225e-07
1 7 1 2.11357 0.0048558 7.97304e-08
1 7 2 1.5543 0.00218772 4.0181e-08
1 7 3 1.09294 0.00123378 2.15024e-08
1 7 4 0.842249 0.000738826 1.40386e-08
1 7 5 0.61891 0.000439902 9.05553e-09
1 7 6 0.478987 0.000324926 6.58325e-09
1 7 7 0.367257 0.000233516 4.39903e-09
1 7 8 0.272566 0.000150545 3.15373e-09
1 7 9 0.220299 0.000132505 2.30645e-09
1 7 10 0.141288 6.71269e-05 1.23196e-09
1 7 11 0.113243 2.98325e-05 5.18995e-10
0 8 0 1.96915 0.00572582 1.09253e-07
0 8 1 1.33015 0.00212973 3.73397e-08
0 8 2 0.92282 0.00107096 1.8021e-08
0 8 3 0.584861 0.000514208 8.38066e-09
0 8 4 0.399265 0.000290347 4.66684e-09
0 8 5 0.245449 0.0001325 2.3443e-09
0 8 6 0.196456 0.000134123 1.7923e-09
0 8 7 0.124823 5.78848e-05 1.23072e-09
0 8 8 0.098266 7.70973e-05 1.10978e-09
0 8 9 0.0632252 3.93234e-05 8.18227e-10
0 8 10 0.0510977 3.53178e-05 7.11209e-10
0 8 11 0.025296 7.41421e-06 1.46013e-10
1 8 0 2.96459 0.00881884 1.88932e-07
1 8 1 1.99313 0.00303883 6.08936e-08
1 8 2 1.45882 0.00145838 3.32559e-08
1 8 3 1.12791 0.000935129 2.18924e-08
1 8 4 0.856999 0.000647575 1.42311e-08
1 8 5 0.607997 0.000390924 8.35121e-09
1 8 6 0.44338 0.000253761 5.76196e-09
1 8 7 0.321737 0.000164753 4.20061e-09
1 8 8 0.26365 0.000130224 3.82683e-09
1 8 9 0.214328 0.000183126 4.21165e-09
1 8 10 0.143887 9.29347e-05 2.36731e-09
1 8 11 0.099102 4.59219e-05 8.28177e-10
