0 0 0 1.66172 6.94172e-06 0
0 0 1 1.06782 4.44723e-06 0
0 0 2 0.71861 3.07577e-06 0
0 0 3 0.500307 2.78045e-06 0
0 0 4 0.361357 2.89284e-06 0
0 0 5 0.273856 3.33047e-06 0
0 0 6 0.19857 3.96658e-06 0
0 0 7 0.149217 5.56385e-06 0
0 0 8 0.12291 1.07473e-05 0
0 0 9 0.0918746 3.36087e-05 0
0 0 10 0 0 0
0 0 11 0 0 0
1 0 0 1.87059 7.72343e-06 0
1 0 1 1.19588 4.94603e-06 0
1 0 2 0.794451 3.38638e-06 0
1 0 3 0.562571 3.11634e-06 0
1 0 4 0.409822 3.27268e-06 0
1 0 5 0.307988 3.73903e-06 0
1 0 6 0.229842 4.58401e-06 0
1 0 7 0.18145 6.75472e-06 0
1 0 8 0.139274 1.21682e-05 0
1 0 9 0.106207 3.88237e-05 0
1 0 10 0 0 0
1 0 11 0 0 0
0 1 0 1.67991 5.13639e-06 0
0 1 1 1.13885 2.39469e-06 0
0 1 2 0.794585 1.39107e-06 0
0 1 3 0.570286 9.67134e-07 0
0 1 4 0.418227 7.3797e-07 0
0 1 5 0.308463 5.90314e-07 0
0 1 6 0.228738 4.86169e-07 0
0 1 7 0.172308 4.10268e-07 0
0 1 8 0.129128 3.48458e-07 0
0 1 9 0.0980152 3.04263e-07 0
0 1 10 0.0730227 2.65946e-07 0
0 1 11 0.0451808 1.177e-07 0
1 1 0 1.90402 5.74833e-06 0
1 1 1 1.30844 2.72526e-06 0
1 1 2 0.923417 1.60502e-06 0
1 1 3 0.67475 1.13775e-06 0
1 1 4 0.503963 8.85118e-07 0
1 1 5 0.377691 7.20112e-07 0
1 1 6 0.281889 5.97431e-07 0
1 1 7 0.214877 5.10464e-07 0
1 1 8 0.165788 4.46517e-07 0
1 1 9 0.126123 3.90931e-07 0
1 1 10 0.0976352 3.5512e-07 0
1 1 11 0.0654378 1.70117e-07 0
0 2 0 1.67283 1.29371e-05 0
0 2 1 1.14611 5.87409e-06 0
0 2 2 0.8178 3.17285e-06 0
0 2 3 0.595016 1.94473e-06 0
0 2 4 0.441977 1.27824e-06 0
0 2 5 0.333739 8.73174e-07 0
0 2 6 0.256928 6.29001e-07 0
0 2 7 0.196649 4.69446e-07 0
0 2 8 0.150608 3.61443e-07 0
0 2 9 0.114865 2.83961e-07 0
0 2 10 0.0839796 2.18105e-07 0
0 2 11 0.0529982 7.64921e-08 0
1 2 0 1.9162 1.46208e-05 0
1 2 1 1.33848 6.78817e-06 0
1 2 2 0.962517 3.70461e-06 0
1 2 3 0.724234 2.35039e-06 0
1 2 4 0.559758 1.60865e-06 0
1 2 5 0.435081 1.13212e-06 0
1 2 6 0.340139 8.28974e-07 0
1 2 7 0.266158 6.3296e-07 0
1 2 8 0.212238 5.07611e-07 0
1 2 9 0.166215 4.09719e-07 0
1 2 10 0.127278 3.2975e-07 0
1 2 11 0.0842413 1.21157e-07 0
0 3 0 1.69254 2.59343e-05 0
0 3 1 1.17505 1.15763e-05 0
0 3 2 0.828756 6.09242e-06 0
0 3 3 0.60519 3.66739e-06 0
0 3 4 0.450409 2.37695e-06 0
0 3 5 0.337304 1.59013e-06 0
0 3 6 0.257081 1.10062e-06 0
0 3 7 0.198364 7.80818e-07 0
0 3 8 0.153928 5.63359e-07 0
0 3 9 0.121417 4.16623e-07 0
0 3 10 0.0924253 3.00501e-07 0
0 3 11 0.0590381 9.7053e-08 0
1 3 0 1.97998 2.98563e-05 0
1 3 1 1.35899 1.32546e-05 0
1 3 2 0.987488 7.19674e-06 0
1 3 3 0.746696 4.49032e-06 0
1 3 4 0.565022 2.96342e-06 0
1 3 5 0.445257 2.08698e-06 0
1 3 6 0.352621 1.50196e-06 0
1 3 7 0.284173 1.11347e-06 0
1 3 8 0.228488 8.32852e-07 0
1 3 9 0.187652 6.41536e-07 0
1 3 10 0.153712 4.98031e-07 0
1 3 11 0.101706 1.66342e-07 0
0 4 0 1.72171 2.82083e-05 0
0 4 1 1.17816 1.17525e-05 0
0 4 2 0.825565 5.97203e-06 0
0 4 3 0.606185 3.54051e-06 0
0 4 4 0.447044 2.22604e-06 0
0 4 5 0.338591 1.48524e-06 0
0 4 6 0.257838 1.01887e-06 0
0 4 7 0.198296 7.16271e-07 0
0 4 8 0.151869 5.06823e-07 0
0 4 9 0.116499 3.62165e-07 0
0 4 10 0.0908181 2.64785e-07 0
0 4 11 0.0583148 8.37351e-08 0
1 4 0 2.05268 3.30158e-05 0
1 4 1 1.40364 1.38305e-05 0
1 4 2 1.02095 7.30847e-06 0
1 4 3 0.767087 4.44164e-06 0
1 4 4 0.586109 2.89702e-06 0
1 4 5 0.459808 2.00413e-06 0
1 4 6 0.363753 1.4294e-06 0
1 4 7 0.292618 1.0517e-06 0
1 4 8 0.236291 7.84997e-07 0
1 4 9 0.193989 6.00521e-07 0
1 4 10 0.157869 4.58541e-07 0
1 4 11 0.108201 1.54471e-07 0
0 5 0 1.74122 4.44785e-05 0
0 5 1 1.18165 1.68395e-05 0
0 5 2 0.835329 8.18057e-06 0
0 5 3 0.601984 4.58346e-06 0
0 5 4 0.436895 2.75765e-06 0
0 5 5 0.328892 1.7834e-06 0
0 5 6 0.245865 1.17839e-06 0
0 5 7 0.188746 8.15744e-07 0
0 5 8 0.14505 5.73529e-07 0
0 5 9 0.112769 4.12516e-07 0
0 5 10 0.0856988 2.92519e-07 0
0 5 11 0.0551852 9.22114e-08 0
1 5 0 2.0823 5.2194e-05 0
1 5 1 1.45363 2.04142e-05 0
1 5 2 1.06429 1.02967e-05 0
1 5 3 0.801765 6.0403e-06 0
1 5 4 0.61123 3.82306e-06 0
1 5 5 0.469022 2.52493e-06 0
1 5 6 0.371463 1.76889e-06 0
1 5 7 0.297251 1.27749e-06 0
1 5 8 0.24546 9.65491e-07 0
1 5 9 0.201176 7.32479e-07 0
1 5 10 0.161873 5.50262e-07 0
1 5 11 0.11089 1.84143e-07 0
0 6 0 1.72626 0.000146298 0
0 6 1 1.1742 5.25594e-05 0
0 6 2 0.82024 2.36331e-05 0
0 6 3 0.58389 1.23535e-05 0
0 6 4 0.422212 7.11419e-06 0
0 6 5 0.310682 4.36781e-06 0
0 6 6 0.229961 2.78215e-06 0
0 6 7 0.174165 1.8592e-06 0
0 6 8 0.129531 1.24262e-06 0
0 6 9 0.0997684 8.72325e-07 0
0 6 10 0.0749346 6.04626e-07 0
0 6 11 0.046152 1.80242e-07 0
1 6 0 2.14908 0.000177907 0
1 6 1 1.52017 6.67875e-05 0
1 6 2 1.10064 3.12451e-05 0
1 6 3 0.810616 1.69473e-05 0
1 6 4 0.622807 1.03865e-05 0
1 6 5 0.486824 6.78314e-06 0
1 6 6 0.37599 4.5154e-06 0
1 6 7 0.301179 3.19456e-06 0
1 6 8 0.242149 2.30979e-06 0
1 6 9 0.197576 1.71898e-06 0
1 6 10 0.160848 1.29214e-06 0
1 6 11 0.108432 4.20722e-07 0
0 7 0 1.70403 0.00034215 0
0 7 1 1.1894 0.000127669 0
0 7 2 0.816059 5.53344e-05 0
0 7 3 0.565782 2.71041e-05 0
0 7 4 0.401001 1.47539e-05 0
0 7 5 0.286158 8.57261e-06 0
0 7 6 0.203446 5.14793e-06 0
0 7 7 0.149483 3.2736e-06 0
0 7 8 0.111328 2.15445e-06 0
0 7 9 0.0788311 1.3732e-06 0
0 7 10 0.0591413 9.40024e-07 0
0 7 11 0.0358304 2.71726e-07 0
1 7 0 2.21385 0.000432137 0
1 7 1 1.53036 0.000161283 0
1 7 2 1.12299 7.49303e-05 0
1 7 3 0.819194 3.8733e-05 0
1 7 4 0.615604 2.24044e-05 0
1 7 5 0.466984 1.38626e-05 0
1 7 6 0.363456 9.12366e-06 0
1 7 7 0.284673 6.19273e-06 0
1 7 8 0.226204 4.35262e-06 0
1 7 9 0.181281 3.14194e-06 0
1 7 10 0.143767 2.27546e-06 0
1 7 11 0.0976031 7.35605e-07 0
0 8 0 1.7636 0.000461678 0
0 8 1 1.1445 0.000151118 0
0 8 2 0.791548 6.58511e-05 0
0 8 3 0.513389 2.99402e-05 0
0 8 4 0.353477 1.53589e-05 0
0 8 5 0.250776 8.60502e-06 0
0 8 6 0.168295 4.76186e-06 0
0 8 7 0.117952 2.83503e-06 0
0 8 8 0.0801558 1.67941e-06 0
0 8 9 0.0559613 1.04989e-06 0
0 8 10 0.039661 6.81859e-07 0
0 8 11 0.0244499 2.05853e-07 0
1 8 0 2.24447 0.000572077 0
1 8 1 1.54273 0.000199392 0
1 8 2 1.10466 9.04049e-05 0
1 8 3 0.773607 4.45186e-05 0
1 8 4 0.57833 2.48487e-05 0
1 8 5 0.428657 1.45804e-05 0
1 8 6 0.307631 8.64493e-06 0
1 8 7 0.238279 5.69306e-06 0
1 8 8 0.180881 3.77067e-06 0
1 8 9 0.140658 2.62739e-06 0
1 8 10 0.106766 1.82947e-06 0
1 8 11 0.0677358 5.67825e-07 0
