0 0 0 0.993904 0.00015303 5.51855e-05
0 0 1 0.0567489 9.52101e-06 3.82245e-06
0 0 2 0 0 0
0 0 3 0 0 0
0 0 4 0 0 0
0 0 5 0 0 0
0 0 6 0 0 0
0 0 7 0 0 0
0 0 8 0 0 0
0 0 9 0 0 0
0 0 10 0 0 0
0 0 11 0 0 0
1 0 0 9.61563e-05 4.48961e-09 4.58541e-09
1 0 1 0.0621549 1.01568e-05 3.76772e-06
1 0 2 0 0 0
1 0 3 0 0 0
1 0 4 0 0 0
1 0 5 0 0 0
1 0 6 0 0 0
1 0 7 0 0 0
1 0 8 0 0 0
1 0 9 0 0 0
1 0 10 0 0 0
1 0 11 0 0 0
0 1 0 0.000353551 1.35885e-08 9.79937e-09
0 1 1 0.596568 2.32341e-05 2.01684e-05
0 1 2 0.0594973 1.78674e-06 1.68937e-06
0 1 3 0.415414 2.83023e-05 2.80571e-05
0 1 4 0.159372 9.61956e-06 1.11805e-05
0 1 5 0.0158734 8.91326e-07 1.31999e-06
0 1 6 0.0856969 4.85755e-05 3.09719e-05
0 1 7 0.000391107 1.52996e-07 2.91681e-07
0 1 8 0 0 0
0 1 9 0 0 0
0 1 10 0 0 0
0 1 11 0 0 0
1 1 0 0.0012523 5.29942e-08 2.48971e-08
1 1 1 0.707339 2.76745e-05 2.18701e-05
1 1 2 0.0717427 2.15188e-06 1.87492e-06
1 1 3 0.535245 3.68196e-05 3.2057e-05
1 1 4 0.212356 1.26966e-05 1.29319e-05
1 1 5 0.0261817 1.59537e-06 1.86991e-06
1 1 6 0.129896 7.39752e-05 3.80126e-05
1 1 7 0.00222065 1.23319e-06 1.07217e-06
1 1 8 0 0 0
1 1 9 0 0 0
1 1 10 0 0 0
1 1 11 0 0 0
0 2 0 0.000554156 5.90415e-08 3.6005e-08
0 2 1 0.631009 6.44737e-05 3.68006e-05
0 2 2 0.0816113 5.33453e-06 3.4408e-06
0 2 3 0.507541 4.55769e-05 4.05576e-05
0 2 4 0.257177 1.55584e-05 1.74174e-05
0 2 5 0.0536255 2.50332e-06 3.30303e-06
0 2 6 0.242585 1.88232e-05 3.15254e-05
0 2 7 0.118917 7.41145e-06 1.32881e-05
0 2 8 0.025307 1.4672e-06 3.18348e-06
0 2 9 0.000312431 1.29771e-08 6.82088e-08
0 2 10 0.0431792 6.71815e-06 1.53909e-05
0 2 11 0.00545579 3.73022e-07 1.68678e-06
1 2 0 0.00342315 4.6852e-07 1.34625e-07
1 2 1 0.766411 7.83781e-05 4.10592e-05
1 2 2 0.1046 6.81451e-06 4.03469e-06
1 2 3 0.676003 6.00161e-05 4.68269e-05
1 2 4 0.358553 2.17101e-05 2.07804e-05
1 2 5 0.0826174 3.95561e-06 4.24892e-06
1 2 6 0.347425 2.6958e-05 3.66638e-05
1 2 7 0.16301 1.03043e-05 1.47424e-05
1 2 8 0.0392588 2.24464e-06 3.91061e-06
1 2 9 0.000543564 2.76198e-08 8.88873e-08
1 2 10 0.063814 1.06693e-05 1.71354e-05
1 2 11 0.0153415 1.66053e-06 3.36626e-06
0 3 0 1.26332 0.000476653 0.000126596
0 3 1 0.603553 0.000116705 5.17111e-05
0 3 2 0.0745182 9.18934e-06 4.64686e-06
0 3 3 0.481524 8.02755e-05 5.46719e-05
0 3 4 0.253395 2.91796e-05 2.38576e-05
0 3 5 0.0602048 5.66792e-06 4.89313e-06
0 3 6 0.227309 2.98594e-05 3.95276e-05
0 3 7 0.139427 1.35385e-05 1.8243e-05
0 3 8 0.0444324 3.35126e-06 5.41985e-06
0 3 9 0.0035173 2.38372e-07 5.92311e-07
0 3 10 0.0742385 5.37849e-06 1.77911e-05
0 3 11 0.039385 1.197e-06 7.02806e-06
1 3 0 0.00122684 2.65263e-07 1.01285e-07
1 3 1 0.759518 0.000148194 5.94894e-05
1 3 2 0.105702 1.34659e-05 6.01545e-06
1 3 3 0.647976 0.0001074 6.38656e-05
1 3 4 0.380625 4.42378e-05 3.07278e-05
1 3 5 0.0709848 6.06125e-06 5.19737e-06
1 3 6 0.342664 4.49267e-05 4.86305e-05
1 3 7 0.215775 2.11839e-05 2.29742e-05
1 3 8 0.0618016 4.60945e-06 5.89342e-06
1 3 9 0.00462677 3.06944e-07 3.86131e-07
1 3 10 0.12903 1.00355e-05 2.2728e-05
1 3 11 0.0886256 3.99971e-06 1.13831e-05
0 4 0 0.00119982 2.66054e-07 1.02252e-07
0 4 1 0.640828 0.00012828 5.46595e-05
0 4 2 0.0680927 8.34853e-06 4.34117e-06
0 4 3 0.497988 8.57968e-05 5.89849e-05
0 4 4 0.259354 2.96036e-05 2.55965e-05
0 4 5 0.0475413 4.125e-06 4.20428e-06
0 4 6 0.226911 3.00452e-05 3.86692e-05
0 4 7 0.124711 1.18126e-05 1.6726e-05
0 4 8 0.0392174 2.77e-06 4.85761e-06
0 4 9 0.000413009 2.06386e-08 7.11174e-08
0 4 10 0.0796033 6.02505e-06 1.85015e-05
0 4 11 0.0410226 1.1277e-06 6.80109e-06
1 4 0 1.54986 0.000605314 0.000140536
1 4 1 0.834426 0.000167309 6.41725e-05
1 4 2 0.102904 1.27851e-05 5.72064e-06
1 4 3 0.674738 0.000113676 6.8352e-05
1 4 4 0.3547 3.99273e-05 2.96607e-05
1 4 5 0.0726544 6.34818e-06 5.23487e-06
1 4 6 0.000391253 2.30075e-08 4.13374e-08
1 4 7 0.203053 1.84855e-05 2.084e-05
1 4 8 0.0567385 3.8769e-06 5.57796e-06
1 4 9 0.00383267 2.19613e-07 4.34037e-07
1 4 10 0.123362 9.14983e-06 2.00083e-05
1 4 11 0.0924209 3.77332e-06 1.07578e-05
0 5 0 0.0027474 7.97697e-07 1.78754e-07
0 5 1 0.602052 0.00016196 5.79208e-05
0 5 2 0.0709016 1.16322e-05 5.09561e-06
0 5 3 0.436005 9.48904e-05 5.9977e-05
0 5 4 0.222928 3.4303e-05 2.59963e-05
0 5 5 0.0481274 5.72359e-06 4.83084e-06
0 5 6 0.198276 3.45092e-05 4.15814e-05
0 5 7 0.109488 1.3349e-05 1.79041e-05
0 5 8 0.0379399 3.71178e-06 5.74256e-06
0 5 9 0.00155671 1.39049e-07 3.18352e-07
0 5 10 0.0647103 6.43554e-06 1.82545e-05
0 5 11 0.0349343 1.44763e-06 7.0975e-06
1 5 0 1.5319 0.000820824 0.000155797
1 5 1 0.82099 0.000218552 7.10501e-05
1 5 2 0.117421 1.92512e-05 7.25335e-06
1 5 3 0.683874 0.000145476 7.92631e-05
1 5 4 0.370842 5.55699e-05 3.55921e-05
1 5 5 0.0921292 1.05756e-05 7.8376e-06
1 5 6 0.000255293 1.928e-08 4.27401e-08
1 5 7 0.184348 2.18155e-05 2.26989e-05
1 5 8 0.0533669 4.86047e-06 6.24641e-06
1 5 9 0.0056306 4.53109e-07 8.00259e-07
1 5 10 0.112016 1.07127e-05 2.08472e-05
1 5 11 0.0857474 4.69674e-06 1.12826e-05
0 6 0 1.07605 0.0013693 0.000184053
0 6 1 0.543833 0.000360752 8.3963e-05
0 6 2 0.0648615 2.8375e-05 7.37261e-06
0 6 3 0.415955 0.000245988 9.96017e-05
0 6 4 0.19758 8.00354e-05 4.00489e-05
0 6 5 0.0343969 9.76001e-06 6.31754e-06
0 6 6 0.185287 9.15909e-05 6.94781e-05
0 6 7 0.0980317 3.45781e-05 2.83809e-05
0 6 8 0.02099 5.31833e-06 6.18935e-06
0 6 9 0.000647935 1.25117e-07 3.65447e-07
0 6 10 0.0548215 1.86388e-05 2.90142e-05
0 6 11 0.0295035 4.13729e-06 1.18497e-05
1 6 0 1.52246 0.00196651 0.000230982
1 6 1 0.78095 0.000538606 0.000107369
1 6 2 0.103067 4.43118e-05 9.97859e-06
1 6 3 0.693996 0.000386883 0.000134832
1 6 4 0.372737 0.000143143 5.82834e-05
1 6 5 0.0735508 1.99764e-05 1.0407e-05
1 6 6 0.000643696 1.25079e-07 1.79787e-07
1 6 7 0.176442 5.60739e-05 3.63448e-05
1 6 8 0.0430289 9.59571e-06 8.45934e-06
1 6 9 0.000594325 1.04378e-07 2.32317e-07
1 6 10 0.102389 2.90317e-05 3.42924e-05
1 6 11 0.0715086 1.12201e-05 1.67428e-05
0 7 0 1.14965 0.00287155 0.000271109
0 7 1 0.483115 0.00061399 0.000103151
0 7 2 0.0658393 5.84241e-05 1.16401e-05
0 7 3 0.36218 0.000442353 0.000131524
0 7 4 0.183044 0.000149911 5.50461e-05
0 7 5 0.031681 1.82137e-05 9.26024e-06
0 7 6 0.154245 0.000166598 8.83499e-05
0 7 7 0.0625872 5.36116e-05 2.91025e-05
0 7 8 0.0228377 1.45251e-05 1.26602e-05
0 7 9 0.0768166 8.2633e-05 6.92198e-05
0 7 10 0.0517668 4.62452e-05 4.64777e-05
0 7 11 0.0267632 1.02086e-05 1.79528e-05
1 7 0 1.48527 0.00362966 0.000312405
1 7 1 0.722415 0.000887889 0.000136686
1 7 2 0.0794383 6.53234e-05 1.12716e-05
1 7 3 0.564821 0.000666296 0.000161529
1 7 4 0.320198 0.000259333 7.50818e-05
1 7 5 0.05376 3.20244e-05 1.21365e-05
1 7 6 0.298492 0.000294012 0.000122969
1 7 7 0.177051 0.000131998 5.56913e-05
1 7 8 0.0284619 1.39416e-05 9.07767e-06
1 7 9 0.141755 0.000120602 7.23893e-05
1 7 10 0.0923872 6.53919e-05 4.62246e-05
1 7 11 0.0514939 2.09955e-05 1.92523e-05
0 8 0 1.09922 0.001869 0.000229301
0 8 1 0.468907 0.000419386 8.98363e-05
0 8 2 0.0538464 3.23788e-05 8.00309e-06
0 8 3 0.334739 0.000318716 0.000120747
0 8 4 0.125511 8.24152e-05 3.89194e-05
0 8 5 0.0326218 2.05796e-05 9.55785e-06
0 8 6 0.15512 0.000168717 0.000104316
0 8 7 0.06323 7.35997e-05 4.9396e-05
0 8 8 0.00925208 9.54104e-06 8.84198e-06
0 8 9 0 0 0
0 8 10 0 0 0
0 8 11 0 0 0
1 8 0 1.51084 0.00249372 0.000269939
1 8 1 0.710494 0.000628349 0.000114484
1 8 2 0.0673586 3.90344e-05 8.86579e-06
1 8 3 0.584827 0.000536276 0.000166559
1 8 4 0.276228 0.000186352 6.72319e-05
1 8 5 0.0682355 3.83564e-05 1.48921e-05
1 8 6 0.298753 0.000321406 0.000138538
1 8 7 0.111802 0.000111669 5.62091e-05
1 8 8 0.0295357 3.24395e-05 1.90244e-05
1 8 9 0 0 0
1 8 10 0 0 0
1 8 11 0 0 0
