0 0 0 2.33245 0.000396866 8.67913e-05
0 0 1 1.5891 0.000279898 7.3307e-05
0 0 2 1.11412 0.000208501 6.48361e-05
0 0 3 0.782299 0.00018747 6.31001e-05
0 0 4 0.613973 0.00021057 7.34188e-05
0 0 5 0.417942 0.000226197 0.000101264
0 0 6 0.31863 0.00026235 0.0001153
0 0 7 0.256342 0.000380036 0.000156821
0 0 8 0.164942 0.00050547 0.000186337
0 0 9 0.161751 0.00224026 0.000425496
0 0 10 0 0 0
0 0 11 0 0 0
1 0 0 2.54325 0.000432003 8.85352e-05
1 0 1 1.83455 0.000322587 7.95238e-05
1 0 2 1.32457 0.000246953 7.26842e-05
1 0 3 0.958976 0.00022779 7.15542e-05
1 0 4 0.741968 0.000257166 8.22985e-05
1 0 5 0.536687 0.000294581 0.000124691
1 0 6 0.36374 0.000289741 0.000124093
1 0 7 0.355673 0.000540723 0.000195422
1 0 8 0.242684 0.000754737 0.00025098
1 0 9 0.226903 0.00337475 0.00067347
1 0 10 0 0 0
1 0 11 0 0 0
0 1 0 2.34978 0.000322985 7.47709e-05
0 1 1 1.59454 0.000147751 5.20801e-05
0 1 2 1.13271 8.50908e-05 3.43503e-05
0 1 3 0.825262 5.97144e-05 2.91828e-05
0 1 4 0.591256 4.3077e-05 2.44175e-05
0 1 5 0.449433 3.53487e-05 2.62979e-05
0 1 6 0.338874 2.85309e-05 2.44443e-05
0 1 7 0.262654 2.39951e-05 2.33483e-05
0 1 8 0.196157 1.92948e-05 2.19837e-05
0 1 9 0.151065 1.6391e-05 2.09569e-05
0 1 10 0.113902 1.3631e-05 2.0985e-05
0 1 11 0.0805017 5.8032e-06 1.61988e-05
1 1 0 2.65321 0.000361008 7.86717e-05
1 1 1 1.87274 0.000172654 5.66862e-05
1 1 2 1.36859 0.000102153 3.81626e-05
1 1 3 1.04509 7.53624e-05 3.36877e-05
1 1 4 0.77434 5.6405e-05 2.90038e-05
1 1 5 0.583223 4.60142e-05 3.07378e-05
1 1 6 0.463068 3.96241e-05 2.9639e-05
1 1 7 0.347126 3.17713e-05 2.74604e-05
1 1 8 0.27262 2.7579e-05 2.62987e-05
1 1 9 0.20856 2.33973e-05 2.56452e-05
1 1 10 0.169848 2.12127e-05 2.5272e-05
1 1 11 0.115273 9.58429e-06 1.97371e-05
0 2 0 2.28991 0.000867586 0.000119666
0 2 1 1.62125 0.000401899 8.58064e-05
0 2 2 1.1356 0.000202474 5.12513e-05
0 2 3 0.814176 0.000118035 4.10628e-05
0 2 4 0.591655 7.31468e-05 3.06329e-05
0 2 5 0.441387 4.82516e-05 2.76632e-05
0 2 6 0.328546 3.25858e-05 2.30129e-05
0 2 7 0.266219 2.47218e-05 1.93987e-05
0 2 8 0.1906 1.71188e-05 1.6051e-05
0 2 9 0.140753 1.20213e-05 1.43446e-05
0 2 10 0.11235 9.74685e-06 1.38702e-05
0 2 11 0.0797264 3.29804e-06 9.28576e-06
1 2 0 2.68902 0.00100407 0.00012874
1 2 1 1.92045 0.000469949 9.31188e-05
1 2 2 1.41948 0.000250497 5.8626e-05
1 2 3 1.07295 0.000155164 4.76616e-05
1 2 4 0.801507 9.74879e-05 3.67222e-05
1 2 5 0.613394 6.66709e-05 3.32804e-05
1 2 6 0.482146 4.74931e-05 2.89622e-05
1 2 7 0.369961 3.47476e-05 2.33062e-05
1 2 8 0.277803 2.52099e-05 1.98256e-05
1 2 9 0.217728 1.92066e-05 1.77735e-05
1 2 10 0.175478 1.58029e-05 1.74077e-05
1 2 11 0.137361 6.92381e-06 1.25447e-05
0 3 0 2.34184 0.00180385 0.000174056
0 3 1 1.61236 0.000784823 0.000119265
0 3 2 1.10651 0.000390595 6.87525e-05
0 3 3 0.746763 0.000207838 5.05682e-05
0 3 4 0.584776 0.000140095 4.2422e-05
0 3 5 0.422219 8.76524e-05 3.5767e-05
0 3 6 0.308826 5.60581e-05 2.89008e-05
0 3 7 0.238511 3.88857e-05 2.23944e-05
0 3 8 0.179931 2.57997e-05 1.88682e-05
0 3 9 0.13661 1.75076e-05 1.59632e-05
0 3 10 0.111258 1.2592e-05 1.56725e-05
0 3 11 0.077356 3.99246e-06 9.21146e-06
1 3 0 2.81934 0.00211767 0.000190439
1 3 1 1.92253 0.00092322 0.000129521
1 3 2 1.45792 0.000510648 8.17663e-05
1 3 3 1.06919 0.000293192 6.58611e-05
1 3 4 0.81522 0.000193567 5.17437e-05
1 3 5 0.618079 0.000127631 4.53141e-05
1 3 6 0.460784 8.24575e-05 3.71824e-05
1 3 7 0.364447 5.91466e-05 2.85472e-05
1 3 8 0.294885 4.25928e-05 2.4777e-05
1 3 9 0.221719 2.8772e-05 2.13087e-05
1 3 10 0.178107 2.11547e-05 1.89123e-05
1 3 11 0.154607 1.0364e-05 1.3704e-05
0 4 0 2.27641 0.00180797 0.000164827
0 4 1 1.53589 0.000763628 0.00010964
0 4 2 1.06358 0.00037319 6.58018e-05
0 4 3 0.764829 0.000214338 5.03305e-05
0 4 4 0.573312 0.000135917 3.97577e-05
0 4 5 0.403007 8.22699e-05 3.31869e-05
0 4 6 0.290635 5.17645e-05 2.55763e-05
0 4 7 0.225157 3.62192e-05 2.05511e-05
0 4 8 0.168408 2.36924e-05 1.70361e-05
0 4 9 0.134174 1.72172e-05 1.49961e-05
0 4 10 0.102695 1.16292e-05 1.31343e-05
0 4 11 0.0750623 3.77749e-06 8.31031e-06
1 4 0 2.81612 0.00218925 0.00018435
1 4 1 2.00533 0.000982715 0.000128023
1 4 2 1.45815 0.000502471 7.99103e-05
1 4 3 1.09728 0.000303392 6.44924e-05
1 4 4 0.81554 0.000190508 4.92112e-05
1 4 5 0.613757 0.000123738 4.27742e-05
1 4 6 0.469578 8.29282e-05 3.55998e-05
1 4 7 0.379012 6.01267e-05 2.80708e-05
1 4 8 0.292573 4.10779e-05 2.34791e-05
1 4 9 0.224617 2.86738e-05 1.99551e-05
1 4 10 0.177948 2.03637e-05 1.67883e-05
1 4 11 0.151631 9.87706e-06 1.23925e-05
0 5 0 2.30096 0.0024077 0.000185867
0 5 1 1.493 0.000978653 0.000120866
0 5 2 1.00353 0.000455614 6.85461e-05
0 5 3 0.743996 0.000271026 5.47143e-05
0 5 4 0.50938 0.000158164 4.01071e-05
0 5 5 0.357978 9.72723e-05 3.33631e-05
0 5 6 0.265218 6.25342e-05 2.71402e-05
0 5 7 0.207793 4.33599e-05 2.1211e-05
0 5 8 0.154701 2.9178e-05 1.73508e-05
0 5 9 0.117348 2.00568e-05 1.46855e-05
0 5 10 0.0844354 1.26302e-05 1.18523e-05
0 5 11 0.0591109 4.19603e-06 7.53145e-06
1 5 0 2.89463 0.00296483 0.000210481
1 5 1 2.02756 0.00129746 0.000144616
1 5 2 1.47585 0.000659419 8.78419e-05
1 5 3 1.09601 0.000393017 7.05228e-05
1 5 4 0.832373 0.000253614 5.52198e-05
1 5 5 0.63042 0.000166349 4.87241e-05
1 5 6 0.483995 0.000111372 4.03542e-05
1 5 7 0.351291 7.20383e-05 2.88059e-05
1 5 8 0.288579 5.32781e-05 2.50195e-05
1 5 9 0.218528 3.67358e-05 2.06439e-05
1 5 10 0.166821 2.48722e-05 1.7555e-05
1 5 11 0.14219 1.23184e-05 1.2502e-05
0 6 0 2.21226 0.00562412 0.000282659
0 6 1 1.40511 0.00232621 0.0001821
0 6 2 1.00025 0.00118042 0.000111778
0 6 3 0.68591 0.00065005 8.53182e-05
0 6 4 0.444873 0.000352035 5.90238e-05
0 6 5 0.347126 0.000235719 5.29465e-05
0 6 6 0.245115 0.00014867 4.32838e-05
0 6 7 0.16978 9.48125e-05 2.73514e-05
0 6 8 0.130728 6.55861e-05 2.32353e-05
0 6 9 0.106287 4.82713e-05 2.32183e-05
0 6 10 0.062825 2.52531e-05 1.58749e-05
0 6 11 0.0500607 1.0639e-05 1.10166e-05
1 6 0 2.79524 0.00693488 0.00031082
1 6 1 2.15191 0.00341765 0.000249073
1 6 2 1.47574 0.00169452 0.000142032
1 6 3 1.11844 0.00104164 0.000115159
1 6 4 0.88132 0.000671805 9.37863e-05
1 6 5 0.595871 0.000393225 7.20159e-05
1 6 6 0.462339 0.000274324 6.21971e-05
1 6 7 0.315068 0.000167177 4.01949e-05
1 6 8 0.266461 0.00012926 3.82997e-05
1 6 9 0.197451 8.67945e-05 2.90594e-05
1 6 10 0.144457 5.87305e-05 2.37022e-05
1 6 11 0.137971 3.37762e-05 2.10884e-05
0 7 0 1.91984 0.0158945 0.00067462
0 7 1 1.26315 0.00516761 0.000395144
0 7 2 0.92979 0.00260843 0.000217584
0 7 3 0.54956 0.00114781 0.000129663
0 7 4 0.376397 0.000627211 7.98881e-05
0 7 5 0.315066 0.000438904 7.22074e-05
0 7 6 0.2046 0.000259454 5.606e-05
0 7 7 0.147924 0.000173127 3.71619e-05
0 7 8 0.0961143 9.9306e-05 2.97622e-05
0 7 9 0.0867249 9.47101e-05 2.83532e-05
0 7 10 0.0413488 3.93502e-05 1.70804e-05
0 7 11 0.039054 1.94851e-05 1.45868e-05
1 7 0 2.68592 0.0216875 0.000852356
1 7 1 1.97471 0.00792871 0.000553644
1 7 2 1.51007 0.00410673 0.000283932
1 7 3 1.05558 0.00210932 0.000200657
1 7 4 0.784095 0.00122451 0.000140287
1 7 5 0.559492 0.000746557 0.000103303
1 7 6 0.48361 0.000608938 9.71751e-05
1 7 7 0.353144 0.000402004 6.87579e-05
1 7 8 0.266359 0.000271849 5.51228e-05
1 7 9 0.212241 0.000221045 4.6642e-05
1 7 10 0.142421 0.000138942 3.68723e-05
1 7 11 0.118104 6.53537e-05 2.48508e-05
0 8 0 1.97794 0.0110886 0.000643054
0 8 1 1.28776 0.00372325 0.000389061
0 8 2 0.883966 0.00169077 0.00019594
0 8 3 0.553588 0.000852768 0.000128648
0 8 4 0.412069 0.000529608 9.49632e-05
0 8 5 0.240298 0.000262695 5.60766e-05
0 8 6 0.188254 0.000197561 4.86942e-05
0 8 7 0.131435 0.000139832 4.24295e-05
0 8 8 0.0828012 9.49207e-05 3.01214e-05
0 8 9 0.0618058 9.62779e-05 4.09352e-05
0 8 10 0.0515353 7.04504e-05 3.9709e-05
0 8 11 0.0242304 1.66344e-05 1.36544e-05
1 8 0 2.82639 0.0153252 0.000815879
1 8 1 1.99127 0.00561142 0.000499706
1 8 2 1.36728 0.00260521 0.000247838
1 8 3 1.12826 0.00168854 0.00021979
1 8 4 0.775446 0.000984507 0.000143421
1 8 5 0.571757 0.000629142 0.000103432
1 8 6 0.440891 0.000459834 9.00307e-05
1 8 7 0.317245 0.000329532 7.42447e-05
1 8 8 0.275149 0.00032101 7.44072e-05
1 8 9 0.191452 0.000293929 8.28626e-05
1 8 10 0.147936 0.000217995 7.13485e-05
1 8 11 0.0931359 7.35406e-05 3.76669e-05
