0.004 0.2 0.00787219 1.2646 0.222879 0.39847 2.33231e-05 6.75208e-10 1 0.00787219 1.2646 0.222879 0.320569 1.88064e-05 5.34874e-10 1 
0.004 0.25 0.00802178 1.26221 0.272914 0.304258 1.78375e-05 5.6939e-10 1 0.00802178 1.26221 0.272914 0.234313 1.38199e-05 4.05995e-10 1 
0.004 0.3 0.00801919 1.23824 0.324229 0.242162 1.63028e-05 5.46281e-10 1 0.00801919 1.23824 0.324229 0.179155 1.18569e-05 3.7026e-10 1 
0.004 0.35 0.00838484 1.20136 0.372891 0.176841 1.52267e-05 5.34977e-10 1 0.00838484 1.20136 0.372891 0.127663 1.04256e-05 3.51444e-10 1 
0.004 0.4 0.00861051 1.16649 0.424586 0.152482 1.94953e-05 7.87536e-10 1 0.00861051 1.16649 0.424586 0.101465 1.17575e-05 4.35835e-10 1 
0.004 0.45 0.00860856 1.11885 0.473061 0.120875 2.45545e-05 1.06915e-09 1 0.00860856 1.11885 0.473061 0.0784276 1.46496e-05 5.85355e-10 1 
0.004 0.5 0.0090574 1.10196 0.522925 0.0982625 3.06418e-05 1.40453e-09 1 0.0090574 1.10196 0.522925 0.0571863 1.58818e-05 6.53602e-10 1 
0.004 0.55 0.00951616 1.09474 0.573995 0.0847133 5.32589e-05 2.71277e-09 1 0.00951616 1.09474 0.573995 0.0507896 2.83819e-05 1.29121e-09 1 
0.004 0.6 0.00947603 1.04668 0.621645 0.0619167 8.09089e-05 4.06949e-09 1 0.00947603 1.04668 0.621645 0.0324285 3.98595e-05 2.00502e-09 1 
0.004 0.65 0.00975427 1.03293 0.677727 0.0678026 0.00055413 3.75465e-08 1 0.00975427 1.03293 0.677727 0.0574178 0.000298648 2.89696e-08 1 
0.004 0.7 0 0 0 0 0 0 0 0 0 0 0 0 0 0 
0.004 0.75 0 0 0 0 0 0 0 0 0 0 0 0 0 0 
0.01 0.2 0.0140604 2.09106 0.222916 0.428286 2.04524e-05 5.68753e-10 1 0.0140604 2.09106 0.222916 0.334689 1.61592e-05 4.18717e-10 1 
0.01 0.25 0.0140459 1.83517 0.273275 0.325313 1.01999e-05 3.22971e-10 1 0.0140459 1.83517 0.273275 0.243777 7.67492e-06 2.2376e-10 1 
0.01 0.3 0.0144607 1.70956 0.323865 0.251778 6.38668e-06 2.17567e-10 1 0.0144607 1.70956 0.323865 0.177608 4.47342e-06 1.40243e-10 1 
0.01 0.35 0.0147007 1.57214 0.374144 0.190701 4.40823e-06 1.69654e-10 1 0.0147007 1.57214 0.374144 0.13085 2.9987e-06 1.02536e-10 1 
0.01 0.4 0.0150959 1.477 0.423673 0.142253 3.17313e-06 1.29754e-10 1 0.0150959 1.477 0.423673 0.0953763 2.07088e-06 7.78907e-11 1 
0.01 0.45 0.0153131 1.41088 0.473605 0.116711 2.84465e-06 1.34498e-10 1 0.0153131 1.41088 0.473605 0.0723129 1.71198e-06 6.99754e-11 1 
0.01 0.5 0.0152934 1.34622 0.523662 0.0938385 2.48159e-06 1.25333e-10 1 0.0152934 1.34622 0.523662 0.0541287 1.3305e-06 5.8821e-11 1 
0.01 0.55 0.0154407 1.32107 0.574899 0.0730949 2.03199e-06 1.11038e-10 1 0.0154407 1.32107 0.574899 0.0417179 1.09499e-06 5.17552e-11 1 
0.01 0.6 0.0160622 1.27908 0.623926 0.0596586 2.0172e-06 1.08507e-10 1 0.0160622 1.27908 0.623926 0.0307252 9.836e-07 4.63529e-11 1 
0.01 0.65 0.0159837 1.23585 0.673378 0.0497052 2.23696e-06 1.20044e-10 1 0.0159837 1.23585 0.673378 0.0269807 1.23636e-06 5.48128e-11 1 
0.01 0.7 0.0161461 1.19632 0.726098 0.0428015 2.41049e-06 1.31306e-10 1 0.0161461 1.19632 0.726098 0.0193371 1.06693e-06 4.49729e-11 1 
0.01 0.75 0.0166753 1.17552 0.794621 0.0313719 1.29343e-06 7.51844e-11 1 0.0166753 1.17552 0.794621 0.0150224 5.95414e-07 2.81387e-11 1 
0.02 0.2 0.0241276 3.55978 0.223243 0.443147 5.96126e-05 1.62435e-09 1 0.0241276 3.55978 0.223243 0.334828 4.55141e-05 1.08387e-09 1 
0.02 0.25 0.0243835 3.18067 0.273661 0.343918 2.91989e-05 8.81779e-10 1 0.0243835 3.18067 0.273661 0.249897 2.1412e-05 5.83719e-10 1 
0.02 0.3 0.0243316 2.77574 0.323849 0.261345 1.58804e-05 5.29588e-10 1 0.0243316 2.77574 0.323849 0.182843 1.11813e-05 3.21369e-10 1 
0.02 0.35 0.0242073 2.4242 0.374013 0.202434 9.66365e-06 3.53323e-10 1 0.0242073 2.4242 0.374013 0.127475 6.08691e-06 1.88091e-10 1 
0.02 0.4 0.0243099 2.16733 0.424107 0.162454 6.42295e-06 2.68182e-10 1 0.0243099 2.16733 0.424107 0.0934578 3.60996e-06 1.18423e-10 1 
0.02 0.45 0.0244878 1.96571 0.474272 0.125884 4.36798e-06 2.0456e-10 1 0.0244878 1.96571 0.474272 0.0715325 2.46487e-06 9.3582e-11 1 
0.02 0.5 0.0244318 1.74198 0.523822 0.0971837 3.02238e-06 1.50803e-10 1 0.0244318 1.74198 0.523822 0.0535194 1.58808e-06 6.65144e-11 1 
0.02 0.55 0.0245068 1.61317 0.574459 0.0766137 2.19789e-06 1.11359e-10 1 0.0245068 1.61317 0.574459 0.0398006 1.04956e-06 4.9065e-11 1 
0.02 0.6 0.0249242 1.58373 0.623954 0.0630581 1.82535e-06 9.53607e-11 1 0.0249242 1.58373 0.623954 0.0295628 8.29577e-07 3.59156e-11 1 
0.02 0.65 0.0248823 1.54171 0.674314 0.0494375 1.60262e-06 8.01953e-11 1 0.0248823 1.54171 0.674314 0.021555 6.76879e-07 2.67207e-11 1 
0.02 0.7 0.0249171 1.45039 0.72266 0.041408 1.44777e-06 7.32714e-11 1 0.0249171 1.45039 0.72266 0.0157599 5.61893e-07 2.10338e-11 1 
0.02 0.75 0.0249148 1.34173 0.797657 0.0302426 5.62966e-07 3.10179e-11 1 0.0249148 1.34173 0.797657 0.0099252 1.93865e-07 6.28843e-12 1 
0.03 0.2 0.0342471 5.00299 0.222087 0.477572 0.000129969 3.54065e-09 1 0.0342471 5.00299 0.222087 0.339313 9.36895e-05 2.05302e-09 1 
0.03 0.25 0.0346904 4.43572 0.273716 0.345831 5.68961e-05 1.68419e-09 1 0.0346904 4.43572 0.273716 0.248419 4.10423e-05 1.06483e-09 1 
0.03 0.3 0.0346021 3.96702 0.323775 0.276831 3.28745e-05 1.08624e-09 1 0.0346021 3.96702 0.323775 0.17729 2.16947e-05 6.24004e-10 1 
0.03 0.35 0.0347266 3.39277 0.374257 0.208498 1.89722e-05 6.89955e-10 1 0.0347266 3.39277 0.374257 0.125008 1.1349e-05 3.49083e-10 1 
0.03 0.4 0.0344878 3.07013 0.42522 0.168598 1.30603e-05 5.45549e-10 1 0.0344878 3.07013 0.42522 0.0910581 7.00806e-06 2.1168e-10 1 
0.03 0.45 0.0344604 2.69739 0.473094 0.135124 9.20577e-06 4.08314e-10 1 0.0344604 2.69739 0.473094 0.0697886 4.53469e-06 1.61721e-10 1 
0.03 0.5 0.0344088 2.41917 0.524855 0.101255 5.75531e-06 2.93688e-10 1 0.0344088 2.41917 0.524855 0.0486204 2.77771e-06 9.64267e-11 1 
0.03 0.55 0.0345386 2.28178 0.574505 0.0772902 3.89188e-06 1.85321e-10 1 0.0345386 2.28178 0.574505 0.0367859 1.78329e-06 7.31178e-11 1 
0.03 0.6 0.0346216 2.05241 0.624246 0.0668468 3.21853e-06 1.67384e-10 1 0.0346216 2.05241 0.624246 0.0280902 1.25752e-06 5.3869e-11 1 
0.03 0.65 0.0346323 1.94869 0.674571 0.0501443 2.25728e-06 1.07395e-10 1 0.0346323 1.94869 0.674571 0.0210542 9.70511e-07 3.403e-11 1 
0.03 0.7 0.034432 1.77149 0.724992 0.0429035 1.88264e-06 9.30067e-11 1 0.034432 1.77149 0.724992 0.0158987 7.25474e-07 2.58708e-11 1 
0.03 0.75 0.0346437 1.69711 0.798166 0.0310363 6.72827e-07 3.29909e-11 1 0.0346437 1.69711 0.798166 0.00870817 1.98942e-07 6.46753e-12 1 
0.04 0.2 0.0480949 7.08633 0.223631 0.481032 0.000133442 3.38247e-09 1 0.0480949 7.08633 0.223631 0.34272 9.67091e-05 2.24743e-09 1 
0.04 0.25 0.0492894 6.33813 0.273856 0.376632 6.3384e-05 1.78862e-09 1 0.0492894 6.33813 0.273856 0.240152 4.07101e-05 9.6336e-10 1 
0.04 0.3 0.048543 5.49861 0.322388 0.297264 3.50166e-05 1.17314e-09 1 0.048543 5.49861 0.322388 0.168972 2.02257e-05 5.2963e-10 1 
0.04 0.35 0.0487143 4.86835 0.374144 0.228326 2.10335e-05 7.55075e-10 1 0.0487143 4.86835 0.374144 0.123968 1.1485e-05 3.1547e-10 1 
0.04 0.4 0.0483796 4.15924 0.423114 0.174466 1.35905e-05 5.3924e-10 1 0.0483796 4.15924 0.423114 0.0876065 6.83938e-06 1.86021e-10 1 
0.04 0.45 0.0490068 3.8513 0.473369 0.130874 8.69539e-06 3.52822e-10 1 0.0490068 3.8513 0.473369 0.0682976 4.59902e-06 1.49679e-10 1 
0.04 0.5 0.0485737 3.46917 0.522286 0.106756 6.21589e-06 2.9478e-10 1 0.0485737 3.46917 0.522286 0.047711 2.71287e-06 9.07955e-11 1 
0.04 0.55 0.0482022 3.0894 0.573582 0.0839137 4.33039e-06 2.0549e-10 1 0.0482022 3.0894 0.573582 0.0376388 1.87445e-06 7.12243e-11 1 
0.04 0.6 0.048433 2.88471 0.625486 0.0639552 2.94101e-06 1.3608e-10 1 0.048433 2.88471 0.625486 0.028147 1.24256e-06 4.73751e-11 1 
0.04 0.65 0.0480095 2.65697 0.674525 0.0521962 2.31542e-06 9.69619e-11 1 0.0480095 2.65697 0.674525 0.0198062 8.71326e-07 3.38104e-11 1 
0.04 0.7 0.0483766 2.5437 0.723304 0.0407119 1.66795e-06 7.18223e-11 1 0.0483766 2.5437 0.723304 0.0128383 5.38797e-07 1.53648e-11 1 
0.04 0.75 0.0483877 2.27599 0.795045 0.029493 5.8806e-07 2.59852e-11 1 0.0483877 2.27599 0.795045 0.00754065 1.55908e-07 3.82846e-12 1 
0.06 0.2 0.0771348 11.5778 0.222129 0.505483 0.000181443 4.76484e-09 1 0.0771348 11.5778 0.222129 0.348648 0.000128199 2.79082e-09 1 
0.06 0.25 0.0771428 9.98279 0.273796 0.386295 8.54859e-05 2.37089e-09 1 0.0771428 9.98279 0.273796 0.233678 5.30515e-05 1.22047e-09 1 
0.06 0.3 0.0753367 8.5111 0.323988 0.302334 4.58371e-05 1.52e-09 1 0.0753367 8.5111 0.323988 0.169771 2.57475e-05 6.52246e-10 1 
0.06 0.35 0.075412 7.54651 0.373923 0.229509 2.71955e-05 9.06853e-10 1 0.075412 7.54651 0.373923 0.11335 1.39234e-05 3.46779e-10 1 
0.06 0.4 0.0768231 6.89234 0.422802 0.178523 1.80628e-05 6.64372e-10 1 0.0768231 6.89234 0.422802 0.0822774 8.24871e-06 2.25995e-10 1 
0.06 0.45 0.0758037 5.93535 0.472977 0.145059 1.27175e-05 5.32891e-10 1 0.0758037 5.93535 0.472977 0.056724 5.17178e-06 1.34989e-10 1 
0.06 0.5 0.0733016 5.22555 0.524512 0.107405 7.91637e-06 3.41859e-10 1 0.0733016 5.22555 0.524512 0.0402389 3.03519e-06 9.31886e-11 1 
0.06 0.55 0.0749165 4.96206 0.575724 0.0787915 5.25443e-06 2.05866e-10 1 0.0749165 4.96206 0.575724 0.03034 1.9823e-06 5.50408e-11 1 
0.06 0.6 0.0766974 4.6327 0.625429 0.0600525 3.66525e-06 1.32824e-10 1 0.0766974 4.6327 0.625429 0.0218211 1.31367e-06 4.08112e-11 1 
0.06 0.65 0.0768103 4.46549 0.672881 0.053027 3.00553e-06 1.29415e-10 1 0.0768103 4.46549 0.672881 0.0148682 8.78065e-07 2.54243e-11 1 
0.06 0.7 0.0735266 3.85964 0.725392 0.042518 2.16817e-06 9.70846e-11 1 0.0735266 3.85964 0.725392 0.0114002 6.21916e-07 1.72759e-11 1 
0.06 0.75 0.0756052 3.74612 0.796965 0.0299763 7.52975e-07 3.00195e-11 1 0.0756052 3.74612 0.796965 0.00637691 1.7185e-07 4.3574e-12 1 
0.1 0.2 0.11902 17.5883 0.223207 0.530157 0.000453362 1.24919e-08 1 0.11902 17.5883 0.223207 0.307431 0.000272263 5.31047e-09 1 
0.1 0.25 0.117607 15.116 0.274287 0.408145 0.000217326 6.50513e-09 1 0.117607 15.116 0.274287 0.245168 0.000138625 3.41612e-09 1 
0.1 0.3 0.117793 13.2957 0.323164 0.314614 0.000120897 4.18407e-09 1 0.117793 13.2957 0.323164 0.134471 5.34342e-05 1.31165e-09 1 
0.1 0.35 0.118223 11.7562 0.373238 0.238372 7.25464e-05 2.68603e-09 1 0.118223 11.7562 0.373238 0.103076 3.24501e-05 7.94762e-10 1 
0.1 0.4 0.116014 10.5076 0.423372 0.180345 4.58895e-05 1.67821e-09 1 0.116014 10.5076 0.423372 0.0652739 1.74831e-05 3.80986e-10 1 
0.1 0.45 0.115952 9.16293 0.471953 0.144926 3.15089e-05 1.35273e-09 1 0.115952 9.16293 0.471953 0.0481562 1.06926e-05 2.77791e-10 1 
0.1 0.5 0.115124 8.02196 0.525163 0.107149 2.11026e-05 8.55246e-10 1 0.115124 8.02196 0.525163 0.0334793 6.65596e-06 1.87794e-10 1 
0.1 0.55 0.115087 7.35529 0.571656 0.0766484 1.34036e-05 5.25373e-10 1 0.115087 7.35529 0.571656 0.0250268 4.49089e-06 1.23938e-10 1 
0.1 0.6 0.119811 6.73322 0.626502 0.0616137 9.94362e-06 3.68089e-10 1 0.119811 6.73322 0.626502 0.0163641 2.51359e-06 6.49213e-11 1 
0.1 0.65 0.117738 6.83032 0.672328 0.0489497 7.09391e-06 2.60744e-10 1 0.117738 6.83032 0.672328 0.0131034 2.08217e-06 5.81385e-11 1 
0.1 0.7 0.113552 6.31785 0.720857 0.0395846 5.28155e-06 1.83895e-10 1 0.113552 6.31785 0.720857 0.00713217 1.08437e-06 2.61272e-11 1 
0.1 0.75 0.116058 5.5581 0.79425 0.0286999 2.01174e-06 7.09865e-11 1 0.116058 5.5581 0.79425 0.00527441 3.62606e-07 6.66322e-12 1 
0.14 0.2 0.159718 19.8251 0.22464 0.541928 0.0015957 5.37522e-08 1 0.159718 19.8251 0.22464 0.258258 0.000804751 1.82905e-08 1 
0.14 0.25 0.156324 17.9602 0.270642 0.385651 0.000533562 1.95673e-08 1 0.156324 17.9602 0.270642 0.201743 0.000294145 7.86859e-09 1 
0.14 0.3 0.159327 17.0302 0.319603 0.326384 0.000300567 1.08311e-08 1 0.159327 17.0302 0.319603 0.122848 0.000109152 2.44329e-09 1 
0.14 0.35 0.154954 14.6438 0.380002 0.22057 0.000145112 4.96787e-09 1 0.154954 14.6438 0.380002 0.0814064 5.47469e-05 1.24309e-09 1 
0.14 0.4 0.155579 14.081 0.425278 0.183882 9.32665e-05 3.69275e-09 1 0.155579 14.081 0.425278 0.0486458 2.6944e-05 6.28986e-10 1 
0.14 0.45 0.157268 12.43 0.46819 0.141852 6.41892e-05 2.66395e-09 1 0.157268 12.43 0.46819 0.0409415 1.95191e-05 4.76077e-10 1 
0.14 0.5 0.154704 11.4313 0.523573 0.106659 4.40825e-05 1.55911e-09 1 0.154704 11.4313 0.523573 0.0250894 1.07439e-05 2.44213e-10 1 
0.14 0.55 0.151016 9.75428 0.577667 0.0700456 2.54621e-05 8.73642e-10 1 0.151016 9.75428 0.577667 0.0180903 7.17642e-06 1.83551e-10 1 
0.14 0.6 0.115584 6.28055 0.488104 0.0662312 2.27802e-05 9.18633e-10 1 0.115584 6.28055 0.488104 0.00820025 2.75991e-06 5.9727e-11 1 
0.14 0.65 0.15488 8.79793 0.678013 0.0489515 1.70279e-05 6.37371e-10 1 0.15488 8.79793 0.678013 0.0125378 4.55822e-06 1.80487e-10 1 
0.14 0.7 0.112829 5.22535 0.504136 0.0420961 1.40637e-05 5.77241e-10 1 0.112829 5.22535 0.504136 0.00686601 2.78443e-06 6.67342e-11 1 
0.14 0.75 0.16052 7.70674 0.816576 0.0237021 3.74055e-06 1.1538e-10 1 0.16052 7.70674 0.816576 0.00321477 6.46172e-07 1.4025e-11 1 
0.18 0.2 0.252126 31.955 0.22378 0.494856 0.000981914 3.99503e-08 1 0.252126 31.955 0.22378 0.280348 0.000609526 1.88723e-08 1 
0.18 0.25 0.265717 31.1037 0.274802 0.35399 0.000327041 1.2706e-08 1 0.265717 31.1037 0.274802 0.174438 0.000169655 5.44905e-09 1 
0.18 0.3 0.23766 25.7115 0.322343 0.274838 0.00016987 8.38666e-09 1 0.23766 25.7115 0.322343 0.111741 7.29861e-05 2.1263e-09 1 
0.18 0.35 0.244024 23.048 0.374772 0.224692 0.000108328 4.86629e-09 1 0.244024 23.048 0.374772 0.0876295 4.28257e-05 1.37359e-09 1 
0.18 0.4 0.258435 22.5589 0.424446 0.180385 7.25109e-05 3.73181e-09 1 0.258435 22.5589 0.424446 0.0518504 2.29562e-05 6.25548e-10 1 
0.18 0.45 0.232899 19.0891 0.474716 0.137126 5.19238e-05 2.51758e-09 1 0.232899 19.0891 0.474716 0.0243914 9.38389e-06 2.31305e-10 1 
0.18 0.5 0.248934 19.8927 0.522773 0.102063 3.56961e-05 1.6917e-09 1 0.248934 19.8927 0.522773 0.0263328 9.12606e-06 3.09648e-10 1 
0.18 0.55 0.229876 17.8011 0.576477 0.0726609 2.51211e-05 9.98215e-10 1 0.229876 17.8011 0.576477 0.0136708 5.33288e-06 1.32046e-10 1 
0.18 0.6 0.248169 14.1532 0.615629 0.0658819 2.52783e-05 1.52256e-09 1 0.248169 14.1532 0.615629 0.00657779 2.35276e-06 7.01202e-11 1 
0.18 0.65 0.205669 12.4752 0.675213 0.053454 2.3824e-05 1.14433e-09 1 0.205669 12.4752 0.675213 0.00725954 3.62597e-06 1.02276e-10 1 
0.18 0.7 0.239898 17.1419 0.729723 0.0413312 1.82629e-05 1.13443e-09 1 0.239898 17.1419 0.729723 0.00847382 3.54886e-06 2.37055e-10 1 
0.18 0.75 0.253468 17.8878 0.792789 0.0277871 6.91163e-06 2.65924e-10 1 0.253468 17.8878 0.792789 0.00366305 8.20187e-07 2.95387e-11 1 
