0 0 0 2.32817 9.69014e-05 4.84329e-05
0 0 1 1.58326 6.80387e-05 4.0852e-05
0 0 2 1.1302 5.15455e-05 3.6604e-05
0 0 3 0.792326 4.63413e-05 3.54767e-05
0 0 4 0.604474 5.05191e-05 3.99037e-05
0 0 5 0.434608 5.71183e-05 5.91561e-05
0 0 6 0.340383 6.78926e-05 6.97982e-05
0 0 7 0.258004 9.22807e-05 8.61914e-05
0 0 8 0.162993 0.000120231 9.89288e-05
0 0 9 0.170103 0.000570184 0.00026228
0 0 10 0 0 0
0 0 11 0 0 0
1 0 0 2.5856 0.000107327 5.0257e-05
1 0 1 1.83278 7.8651e-05 4.43311e-05
1 0 2 1.32516 6.02322e-05 4.04314e-05
1 0 3 0.963267 5.58776e-05 4.03006e-05
1 0 4 0.736656 6.22107e-05 4.52743e-05
1 0 5 0.548424 7.30695e-05 7.06768e-05
1 0 6 0.420964 8.13199e-05 8.05505e-05
1 0 7 0.350485 0.000128567 0.000104636
1 0 8 0.238787 0.000178788 0.000132465
1 0 9 0.175588 0.000618021 0.000267429
1 0 10 0 0 0
1 0 11 0 0 0
0 1 0 2.35879 7.9384e-05 4.19329e-05
0 1 1 1.61071 3.65964e-05 2.94915e-05
0 1 2 1.137 2.0928e-05 1.92131e-05
0 1 3 0.83045 1.47206e-05 1.64306e-05
0 1 4 0.602526 1.07541e-05 1.4169e-05
0 1 5 0.45028 8.6665e-06 1.47244e-05
0 1 6 0.340231 7.00701e-06 1.37635e-05
0 1 7 0.259595 5.79561e-06 1.28076e-05
0 1 8 0.194494 4.67354e-06 1.21518e-05
0 1 9 0.147197 3.90261e-06 1.14456e-05
0 1 10 0.117663 3.43939e-06 1.18823e-05
0 1 11 0.0792066 1.39238e-06 9.00976e-06
1 1 0 2.68813 8.95473e-05 4.45049e-05
1 1 1 1.90461 4.30541e-05 3.22955e-05
1 1 2 1.38026 2.52588e-05 2.14991e-05
1 1 3 1.04795 1.85197e-05 1.88413e-05
1 1 4 0.783409 1.39817e-05 1.64737e-05
1 1 5 0.589078 1.13784e-05 1.72724e-05
1 1 6 0.460706 9.64268e-06 1.65019e-05
1 1 7 0.352192 7.88379e-06 1.54559e-05
1 1 8 0.276253 6.82885e-06 1.48493e-05
1 1 9 0.211413 5.79475e-06 1.44585e-05
1 1 10 0.166347 5.07222e-06 1.40586e-05
1 1 11 0.120959 2.45443e-06 1.16509e-05
0 2 0 2.32871 0.000219331 6.78446e-05
0 2 1 1.62007 9.99616e-05 4.77833e-05
0 2 2 1.14262 5.06735e-05 2.88534e-05
0 2 3 0.81928 2.94778e-05 2.28427e-05
0 2 4 0.600939 1.84587e-05 1.75125e-05
0 2 5 0.449977 1.22083e-05 1.58518e-05
0 2 6 0.337366 8.28624e-06 1.32092e-05
0 2 7 0.263216 6.04849e-06 1.08188e-05
0 2 8 0.195559 4.34851e-06 9.29565e-06
0 2 9 0.14516 3.06339e-06 8.24391e-06
0 2 10 0.113137 2.42169e-06 7.85993e-06
0 2 11 0.0797686 8.11235e-07 5.15013e-06
1 2 0 2.7316 0.000253771 7.32895e-05
1 2 1 1.94609 0.000118457 5.2469e-05
1 2 2 1.42988 6.27922e-05 3.3119e-05
1 2 3 1.08136 3.88111e-05 2.69039e-05
1 2 4 0.803329 2.42617e-05 2.06815e-05
1 2 5 0.622102 1.67812e-05 1.89457e-05
1 2 6 0.48087 1.17384e-05 1.62612e-05
1 2 7 0.374736 8.70807e-06 1.3217e-05
1 2 8 0.284703 6.38522e-06 1.13515e-05
1 2 9 0.21781 4.74187e-06 1.00978e-05
1 2 10 0.177051 3.92448e-06 1.00195e-05
1 2 11 0.136579 1.68762e-06 6.98018e-06
0 3 0 2.3747 0.000467817 0.000101689
0 3 1 1.60081 0.000196046 6.73666e-05
0 3 2 1.12581 9.9581e-05 4.02094e-05
0 3 3 0.782044 5.41938e-05 3.01142e-05
0 3 4 0.580739 3.45254e-05 2.32626e-05
0 3 5 0.428888 2.21456e-05 2.04808e-05
0 3 6 0.313436 1.41544e-05 1.65118e-05
0 3 7 0.238994 9.69062e-06 1.26503e-05
0 3 8 0.185388 6.62629e-06 1.08613e-05
0 3 9 0.141063 4.50352e-06 9.30361e-06
0 3 10 0.10984 3.09004e-06 8.50555e-06
0 3 11 0.0789689 1.01302e-06 5.35522e-06
1 3 0 2.83512 0.00054537 0.000110779
1 3 1 1.96259 0.000237452 7.66441e-05
1 3 2 1.47712 0.000129762 4.79856e-05
1 3 3 1.07248 7.32904e-05 3.72403e-05
1 3 4 0.825312 4.86365e-05 2.9161e-05
1 3 5 0.631006 3.24248e-05 2.60787e-05
1 3 6 0.468347 2.0868e-05 2.12167e-05
1 3 7 0.365001 1.47395e-05 1.61236e-05
1 3 8 0.298286 1.07321e-05 1.42671e-05
1 3 9 0.228409 7.35883e-06 1.21478e-05
1 3 10 0.184172 5.44376e-06 1.08951e-05
1 3 11 0.156524 2.60313e-06 7.94464e-06
0 4 0 2.25459 0.000503775 0.000102568
0 4 1 1.55557 0.00020603 6.80036e-05
0 4 2 1.09614 0.000100057 3.98325e-05
0 4 3 0.776521 5.54013e-05 2.96472e-05
0 4 4 0.566116 3.36704e-05 2.22741e-05
0 4 5 0.409554 2.08745e-05 1.88684e-05
0 4 6 0.297036 1.32229e-05 1.50346e-05
0 4 7 0.230535 9.29857e-06 1.17999e-05
0 4 8 0.173302 6.11886e-06 9.84397e-06
0 4 9 0.133888 4.31413e-06 8.58442e-06
0 4 10 0.102394 2.92268e-06 7.40199e-06
0 4 11 0.0740909 9.40582e-07 4.63655e-06
1 4 0 2.83187 0.000617709 0.000116695
1 4 1 2.04158 0.000266704 8.02686e-05
1 4 2 1.46607 0.000131709 4.7589e-05
1 4 3 1.10952 7.8236e-05 3.75223e-05
1 4 4 0.829721 4.8655e-05 2.83598e-05
1 4 5 0.62077 3.12569e-05 2.42308e-05
1 4 6 0.478554 2.11373e-05 2.03242e-05
1 4 7 0.379013 1.50619e-05 1.57189e-05
1 4 8 0.290685 1.0231e-05 1.30956e-05
1 4 9 0.228512 7.3261e-06 1.13624e-05
1 4 10 0.178033 5.12837e-06 9.78738e-06
1 4 11 0.153784 2.51379e-06 7.18803e-06
0 5 0 2.30215 0.000895748 0.000142344
0 5 1 1.51052 0.000311356 8.55093e-05
0 5 2 1.03894 0.000136096 4.64914e-05
0 5 3 0.728525 7.24846e-05 3.3901e-05
0 5 4 0.520262 4.25834e-05 2.45746e-05
0 5 5 0.381006 2.66419e-05 2.03284e-05
0 5 6 0.266932 1.60633e-05 1.55633e-05
0 5 7 0.202926 1.0717e-05 1.1839e-05
0 5 8 0.154975 7.42922e-06 9.92622e-06
0 5 9 0.116947 5.08703e-06 8.28035e-06
0 5 10 0.0875672 3.34622e-06 7.19531e-06
0 5 11 0.0609574 1.10841e-06 4.35471e-06
1 5 0 2.90192 0.00110944 0.000162596
1 5 1 2.05082 0.000412136 0.000103517
1 5 2 1.51729 0.000196503 5.89953e-05
1 5 3 1.12648 0.000110366 4.58581e-05
1 5 4 0.845485 6.79166e-05 3.33342e-05
1 5 5 0.646825 4.39037e-05 2.85255e-05
1 5 6 0.483168 2.83388e-05 2.29827e-05
1 5 7 0.369085 1.92561e-05 1.72038e-05
1 5 8 0.279233 1.31064e-05 1.36669e-05
1 5 9 0.221982 9.51358e-06 1.19554e-05
1 5 10 0.168763 6.44227e-06 1.01765e-05
1 5 11 0.142657 3.17252e-06 7.27902e-06
0 6 0 2.18695 0.00328821 0.000271512
0 6 1 1.4591 0.00105024 0.000159497
0 6 2 1.00448 0.000432437 8.48077e-05
0 6 3 0.669819 0.000204155 5.85575e-05
0 6 4 0.461002 0.00010881 3.9307e-05
0 6 5 0.329261 6.36855e-05 3.06535e-05
0 6 6 0.236553 3.96289e-05 2.41168e-05
0 6 7 0.175589 2.67727e-05 1.71174e-05
0 6 8 0.129613 1.76036e-05 1.41691e-05
0 6 9 0.0911741 1.10281e-05 1.11104e-05
0 6 10 0.0642791 6.84755e-06 9.43501e-06
0 6 11 0.0489725 2.78493e-06 6.35162e-06
1 6 0 2.96925 0.00420006 0.000329581
1 6 1 2.04589 0.00141029 0.000199474
1 6 2 1.52268 0.00063058 0.000109652
1 6 3 1.15604 0.000345437 8.32211e-05
1 6 4 0.853608 0.000195451 5.88275e-05
1 6 5 0.624077 0.00011748 4.62162e-05
1 6 6 0.483516 7.96989e-05 3.89041e-05
1 6 7 0.35617 5.15738e-05 2.74148e-05
1 6 8 0.271491 3.55714e-05 2.21241e-05
1 6 9 0.204994 2.4185e-05 1.80613e-05
1 6 10 0.158703 1.73099e-05 1.57345e-05
1 6 11 0.132072 8.5932e-06 1.15641e-05
0 7 0 2.15158 0.0114082 0.000712661
0 7 1 1.31881 0.00274697 0.000336852
0 7 2 0.929467 0.00109233 0.000153606
0 7 3 0.634434 0.000495085 0.000102803
0 7 4 0.413027 0.000238829 6.02598e-05
0 7 5 0.301682 0.000139795 4.44879e-05
0 7 6 0.20681 8.19451e-05 3.49539e-05
0 7 7 0.160202 5.80464e-05 2.5997e-05
0 7 8 0.102084 3.13154e-05 1.77662e-05
0 7 9 0.0836164 2.64965e-05 1.64339e-05
0 7 10 0.0538452 1.46651e-05 1.3361e-05
0 7 11 0.043027 6.00495e-06 9.2806e-06
1 7 0 2.94443 0.0146901 0.000887781
1 7 1 1.9962 0.00409413 0.000449646
1 7 2 1.54231 0.0017803 0.000214141
1 7 3 1.05311 0.000787262 0.000140372
1 7 4 0.793369 0.000431128 9.37471e-05
1 7 5 0.609346 0.000270948 7.2083e-05
1 7 6 0.479761 0.000188875 6.00337e-05
1 7 7 0.368453 0.000127559 4.34507e-05
1 7 8 0.272612 8.21537e-05 3.46548e-05
1 7 9 0.209381 6.29458e-05 2.86754e-05
1 7 10 0.156397 4.40981e-05 2.40722e-05
1 7 11 0.118055 1.8419e-05 1.54558e-05
0 8 0 2.21369 0.0118653 0.000787092
0 8 1 1.2652 0.00285037 0.000366215
0 8 2 0.828024 0.00100584 0.000155447
0 8 3 0.628258 0.000547121 0.000118392
0 8 4 0.398429 0.000253955 6.89869e-05
0 8 5 0.251851 0.000124705 4.44061e-05
0 8 6 0.187145 8.38104e-05 3.45213e-05
0 8 7 0.13023 5.55292e-05 2.95e-05
0 8 8 0.0879719 3.89581e-05 2.25724e-05
0 8 9 0.0729726 4.07809e-05 3.06343e-05
0 8 10 0.0553285 2.71439e-05 2.67534e-05
0 8 11 0.0274123 6.60508e-06 1.1192e-05
1 8 0 2.918 0.0154593 0.000917744
1 8 1 1.98363 0.00428548 0.000486297
1 8 2 1.55079 0.00191886 0.000246272
1 8 3 1.17236 0.0009832 0.000180715
1 8 4 0.80595 0.000499957 0.000108118
1 8 5 0.56823 0.00028326 7.49027e-05
1 8 6 0.437852 0.000192647 6.26258e-05
1 8 7 0.319038 0.000134061 5.19073e-05
1 8 8 0.272229 0.000120805 4.91708e-05
1 8 9 0.207098 0.000111637 5.55357e-05
1 8 10 0.161801 8.40031e-05 4.96396e-05
1 8 11 0.104594 2.99213e-05 2.8487e-05
