0 0 0 2.38491 0.000194338 0.000349586
0 0 1 1.59277 0.000129568 0.000282606
0 0 2 1.15113 0.000102744 0.000253913
0 0 3 0.805356 9.14676e-05 0.000236485
0 0 4 0.647262 0.00011456 0.000274554
0 0 5 0.44853 0.000117492 0.000381269
0 0 6 0.327971 0.00012912 0.000412001
0 0 7 0.270755 0.000194873 0.000491219
0 0 8 0.144031 0.00018829 0.000493619
0 0 9 0.144339 0.0011375 0.00136635
0 0 10 0 0 0
0 0 11 0 0 0
1 0 0 2.64521 0.000219356 0.000375419
1 0 1 1.85025 0.000153009 0.000307041
1 0 2 1.35658 0.000123088 0.000280556
1 0 3 0.990373 0.000114598 0.000266874
1 0 4 0.73586 0.000123204 0.000282435
1 0 5 0.584234 0.000171172 0.000475701
1 0 6 0.448659 0.000201407 0.00052911
1 0 7 0.3729 0.000321658 0.000672826
1 0 8 0.245186 0.000413689 0.000762545
1 0 9 0.109096 0.000436162 0.000722193
1 0 10 0 0 0
1 0 11 0 0 0
0 1 0 2.38399 0.000157149 0.000312202
0 1 1 1.6145 6.95763e-05 0.000211693
0 1 2 1.13931 3.99021e-05 0.000131997
0 1 3 0.848173 2.92315e-05 0.000112445
0 1 4 0.621645 2.24752e-05 9.70965e-05
0 1 5 0.447274 1.66996e-05 9.23697e-05
0 1 6 0.351679 1.5175e-05 8.94207e-05
0 1 7 0.262393 1.27652e-05 8.3075e-05
0 1 8 0.19531 1.03832e-05 7.57619e-05
0 1 9 0.145305 8.86754e-06 7.05147e-05
0 1 10 0.104762 7.22409e-06 6.88158e-05
0 1 11 0.0744878 3.5556e-06 5.56591e-05
1 1 0 2.68141 0.000176196 0.000333344
1 1 1 1.93595 8.58506e-05 0.000237206
1 1 2 1.3952 5.0396e-05 0.000151129
1 1 3 1.04937 3.70183e-05 0.000130048
1 1 4 0.783614 2.80808e-05 0.000109701
1 1 5 0.609353 2.56908e-05 0.000121267
1 1 6 0.457877 2.02485e-05 0.000106086
1 1 7 0.357561 1.79389e-05 0.000101398
1 1 8 0.273364 1.56595e-05 9.5765e-05
1 1 9 0.206539 1.34411e-05 9.04396e-05
1 1 10 0.177417 1.56829e-05 9.64328e-05
1 1 11 0.109074 5.48755e-06 6.67402e-05
0 2 0 2.34075 0.000425665 0.000516163
0 2 1 1.66281 0.000198665 0.000361693
0 2 2 1.14788 9.82883e-05 0.000204549
0 2 3 0.811883 5.58547e-05 0.000159342
0 2 4 0.594454 3.63784e-05 0.000116834
0 2 5 0.448193 2.47571e-05 0.000104521
0 2 6 0.333609 1.67005e-05 8.57044e-05
0 2 7 0.252652 1.22819e-05 6.8078e-05
0 2 8 0.196688 1.01869e-05 6.26647e-05
0 2 9 0.143948 7.33611e-06 5.39341e-05
0 2 10 0.105278 5.37646e-06 4.7508e-05
0 2 11 0.0798645 2.45565e-06 3.67298e-05
1 2 0 2.7195 0.000487568 0.00055385
1 2 1 1.90692 0.000214393 0.000375715
1 2 2 1.40132 0.000117573 0.000227878
1 2 3 1.07703 7.75161e-05 0.000190476
1 2 4 0.81906 5.32587e-05 0.000151986
1 2 5 0.615029 3.51581e-05 0.000127653
1 2 6 0.493882 2.78221e-05 0.00011516
1 2 7 0.370936 2.00257e-05 8.96504e-05
1 2 8 0.273773 1.42303e-05 7.48015e-05
1 2 9 0.216108 1.20654e-05 7.14903e-05
1 2 10 0.17424 1.07535e-05 7.06e-05
1 2 11 0.126862 4.1501e-06 4.72067e-05
0 3 0 2.36278 0.000870419 0.000742909
0 3 1 1.54778 0.000333998 0.000468711
0 3 2 1.13277 0.000191268 0.000291493
0 3 3 0.77204 9.7413e-05 0.000206436
0 3 4 0.603705 7.21729e-05 0.000168431
0 3 5 0.414712 4.07931e-05 0.000131745
0 3 6 0.301503 2.59378e-05 0.000105187
0 3 7 0.241723 2.13071e-05 8.71163e-05
0 3 8 0.185691 1.5047e-05 7.44395e-05
0 3 9 0.13641 1.02285e-05 6.33544e-05
0 3 10 0.105427 7.77487e-06 5.74123e-05
0 3 11 0.0774868 2.79525e-06 3.71379e-05
1 3 0 2.88014 0.00109955 0.000852941
1 3 1 1.97044 0.000461252 0.000565902
1 3 2 1.47387 0.000251739 0.000338462
1 3 3 1.035 0.000131458 0.000246563
1 3 4 0.829179 0.000101858 0.000203716
1 3 5 0.623158 6.73456e-05 0.000177117
1 3 6 0.457952 4.41934e-05 0.000145215
1 3 7 0.360624 3.39755e-05 0.000115181
1 3 8 0.306396 2.81553e-05 0.000105314
1 3 9 0.230089 1.95703e-05 9.08928e-05
1 3 10 0.172385 1.33123e-05 7.65572e-05
1 3 11 0.151103 7.23849e-06 6.21844e-05
0 4 0 2.23062 0.0008338 0.000729507
0 4 1 1.60889 0.000377276 0.000497347
0 4 2 1.1382 0.000195837 0.000295952
0 4 3 0.777475 0.000101779 0.000211512
0 4 4 0.550911 5.82264e-05 0.000149158
0 4 5 0.424577 4.32748e-05 0.000135732
0 4 6 0.283874 2.3103e-05 9.75011e-05
0 4 7 0.229079 1.86279e-05 8.18432e-05
0 4 8 0.170219 1.25361e-05 6.45525e-05
0 4 9 0.129615 9.25504e-06 5.73026e-05
0 4 10 0.0924534 6.10467e-06 4.90402e-05
0 4 11 0.0718256 2.32357e-06 3.3593e-05
1 4 0 2.80881 0.00106347 0.000829964
1 4 1 2.03925 0.000488322 0.000579714
1 4 2 1.49267 0.000254113 0.000345285
1 4 3 1.07273 0.000139276 0.000247805
1 4 4 0.831766 9.6628e-05 0.000199119
1 4 5 0.626218 6.557e-05 0.000173281
1 4 6 0.456826 4.05775e-05 0.000135158
1 4 7 0.385548 3.4833e-05 0.000116065
1 4 8 0.28769 2.29018e-05 9.31096e-05
1 4 9 0.218967 1.63642e-05 7.90184e-05
1 4 10 0.170947 1.21617e-05 7.18668e-05
1 4 11 0.142781 5.61962e-06 5.26053e-05
0 5 0 2.4051 0.0013281 0.000941692
0 5 1 1.45774 0.000412812 0.000515646
0 5 2 1.02243 0.00021073 0.000301269
0 5 3 0.704565 0.000112858 0.000224832
0 5 4 0.510068 6.96714e-05 0.000160278
0 5 5 0.373472 4.64218e-05 0.000138997
0 5 6 0.265799 2.91826e-05 0.00010886
0 5 7 0.199168 1.94025e-05 8.10386e-05
0 5 8 0.146532 1.28837e-05 6.51436e-05
0 5 9 0.117699 1.04571e-05 6.09998e-05
0 5 10 0.0851082 7.13188e-06 5.15082e-05
0 5 11 0.0590239 2.14623e-06 2.92678e-05
1 5 0 3.02442 0.00165993 0.00106429
1 5 1 2.02825 0.000621518 0.000647218
1 5 2 1.55683 0.000353657 0.000403657
1 5 3 1.11612 0.000196375 0.000302571
1 5 4 0.872144 0.000139915 0.000239837
1 5 5 0.618704 7.86985e-05 0.000188296
1 5 6 0.498736 6.23683e-05 0.000168573
1 5 7 0.355487 3.68489e-05 0.0001158
1 5 8 0.270026 2.57179e-05 9.62655e-05
1 5 9 0.229402 2.21284e-05 9.02083e-05
1 5 10 0.16637 1.51956e-05 7.93765e-05
1 5 11 0.128815 5.86643e-06 4.94197e-05
0 6 0 2.21219 0.00271522 0.00134371
0 6 1 1.37027 0.000945178 0.000793026
0 6 2 1.01083 0.000597969 0.000531979
0 6 3 0.662281 0.000283787 0.000357243
0 6 4 0.45808 0.000164623 0.000247006
0 6 5 0.317032 9.95703e-05 0.00020224
0 6 6 0.225556 6.04503e-05 0.000153525
0 6 7 0.160992 3.76768e-05 0.00010738
0 6 8 0.132698 3.18724e-05 9.92614e-05
0 6 9 0.0876072 1.88039e-05 7.91767e-05
0 6 10 0.0638675 1.31217e-05 6.94877e-05
0 6 11 0.0483184 4.74791e-06 4.24027e-05
1 6 0 3.07833 0.00429054 0.00176492
1 6 1 2.12785 0.00177384 0.0011635
1 6 2 1.52325 0.000867007 0.00063014
1 6 3 1.08239 0.000467241 0.000465919
1 6 4 0.814484 0.000299214 0.000353746
1 6 5 0.638088 0.00022777 0.00032375
1 6 6 0.511713 0.000175921 0.000286224
1 6 7 0.36266 0.000100411 0.000192653
1 6 8 0.255409 5.72803e-05 0.000137069
1 6 9 0.212885 5.56016e-05 0.000144759
1 6 10 0.154448 3.51205e-05 0.000117238
1 6 11 0.128085 1.66567e-05 8.7886e-05
0 7 0 2.13738 0.00915009 0.00353411
0 7 1 1.28134 0.00241842 0.00174738
0 7 2 0.883397 0.00118621 0.000908786
0 7 3 0.60643 0.00061668 0.000631116
0 7 4 0.44469 0.000373278 0.000427727
0 7 5 0.277822 0.000167301 0.000263528
0 7 6 0.197013 0.000109971 0.000207175
0 7 7 0.175298 0.00011289 0.000197041
0 7 8 0.100543 4.8747e-05 0.000120222
0 7 9 0.0838436 4.26827e-05 0.000113191
0 7 10 0.0483015 1.9195e-05 0
0 7 11 0.0329882 6.60227e-06 5.10583e-05
1 7 0 2.76382 0.0115537 0.00408257
1 7 1 2.01692 0.00447866 0.00252982
1 7 2 1.57676 0.00245057 0.00138418
1 7 3 0.992549 0.000918096 0.000766912
1 7 4 0.771612 0.000621012 0.000547979
1 7 5 0.584162 0.000377073 0.000405835
1 7 6 0.432443 0.000252823 0.00033875
1 7 7 0.353886 0.000215863 0.000279529
1 7 8 0.266832 0.000156022 0.000236876
1 7 9 0.20819 0.000111299 0.000202092
1 7 10 0.142558 7.04542e-05 0.000157897
1 7 11 0.105124 2.61055e-05 0.000103839
0 8 0 2.12345 0.00665414 0.00303441
0 8 1 1.3501 0.00193449 0.00156387
0 8 2 0.883438 0.000795352 0.000727158
0 8 3 0.622499 0.000492991 0.000564593
0 8 4 0.394035 0.00023111 0.000333952
0 8 5 0.295707 0.00018003 0.000283146
0 8 6 0.17572 7.48585e-05 0.00016989
0 8 7 0.11994 5.37818e-05 0.000148621
0 8 8 0.0958677 4.77169e-05 0.00012853
0 8 9 0.0830311 6.71911e-05 0.000196122
0 8 10 0.0466665 3.11236e-05 0.000149695
0 8 11 0.0340383 1.25117e-05 8.42617e-05
1 8 0 3.05795 0.00905448 0.00351777
1 8 1 2.0189 0.00286687 0.00194493
1 8 2 1.52642 0.00163331 0.00108003
1 8 3 1.11099 0.000842837 0.000753639
1 8 4 0.820072 0.000543263 0.000524622
1 8 5 0.617498 0.000364443 0.000410569
1 8 6 0.432298 0.000213964 0.000303813
1 8 7 0.355309 0.000206084 0.000310497
1 8 8 0.281065 0.000160779 0.000261818
1 8 9 0.227439 0.000189821 0.000360492
1 8 10 0.18892 0.000182972 0.000370377
1 8 11 0.105478 4.1917e-05 0.000166316
