0.004 0.1 0.2 0 0 0 0 0 0 0 0 0 0 0 0 0 0 0 0
0.004 0.1 0.25 0 0 0 0 0 0 0 0 0 0 0 0 0 0 0 0
0.004 0.1 0.3 0 0 0 0 0 0 0 0 0 0 0 0 0 0 0 0
0.004 0.1 0.35 0 0 0 0 0 0 0 0 0 0 0 0 0 0 0 0
0.004 0.1 0.4 0 0 0 0 0 0 0 0 0 0 0 0 0 0 0 0
0.004 0.1 0.45 0 0 0 0 0 0 0 0 0 0 0 0 0 0 0 0
0.004 0.1 0.5 0 0 0 0 0 0 0 0 0 0 0 0 0 0 0 0
0.004 0.1 0.55 0 0 0 0 0 0 0 0 0 0 0 0 0 0 0 0
0.004 0.1 0.6 0 0 0 0 0 0 0 0 0 0 0 0 0 0 0 0
0.004 0.1 0.65 0 0 0 0 0 0 0 0 0 0 0 0 0 0 0 0
0.004 0.1 0.7 0 0 0 0 0 0 0 0 0 0 0 0 0 0 0 0
0.004 0.1 0.75 0 0 0 0 0 0 0 0 0 0 0 0 0 0 0 0
0.004 0.15 0.2 0 0 0 0 0 0 0 0 0 0 0 0 0 0 0 0
0.004 0.15 0.25 0 0 0 0 0 0 0 0 0 0 0 0 0 0 0 0
0.004 0.15 0.3 0 0 0 0 0 0 0 0 0 0 0 0 0 0 0 0
0.004 0.15 0.35 0 0 0 0 0 0 0 0 0 0 0 0 0 0 0 0
0.004 0.15 0.4 0 0 0 0 0 0 0 0 0 0 0 0 0 0 0 0
0.004 0.15 0.45 0 0 0 0 0 0 0 0 0 0 0 0 0 0 0 0
0.004 0.15 0.5 0 0 0 0 0 0 0 0 0 0 0 0 0 0 0 0
0.004 0.15 0.55 0 0 0 0 0 0 0 0 0 0 0 0 0 0 0 0
0.004 0.15 0.6 0 0 0 0 0 0 0 0 0 0 0 0 0 0 0 0
0.004 0.15 0.65 0 0 0 0 0 0 0 0 0 0 0 0 0 0 0 0
0.004 0.15 0.7 0 0 0 0 0 0 0 0 0 0 0 0 0 0 0 0
0.004 0.15 0.75 0 0 0 0 0 0 0 0 0 0 0 0 0 0 0 0
0.004 0.2 0.2 0 0 0 0 0 0 0 0 0 0 0 0 0 0 0 0
0.004 0.2 0.25 0 0 0 0 0 0 0 0 0 0 0 0 0 0 0 0
0.004 0.2 0.3 0 0 0 0 0 0 0 0 0 0 0 0 0 0 0 0
0.004 0.2 0.35 0 0 0 0 0 0 0 0 0 0 0 0 0 0 0 0
0.004 0.2 0.4 0 0 0 0 0 0 0 0 0 0 0 0 0 0 0 0
0.004 0.2 0.45 0 0 0 0 0 0 0 0 0 0 0 0 0 0 0 0
0.004 0.2 0.5 0 0 0 0 0 0 0 0 0 0 0 0 0 0 0 0
0.004 0.2 0.55 0 0 0 0 0 0 0 0 0 0 0 0 0 0 0 0
0.004 0.2 0.6 0 0 0 0 0 0 0 0 0 0 0 0 0 0 0 0
0.004 0.2 0.65 0 0 0 0 0 0 0 0 0 0 0 0 0 0 0 0
0.004 0.2 0.7 0 0 0 0 0 0 0 0 0 0 0 0 0 0 0 0
0.004 0.2 0.75 0 0 0 0 0 0 0 0 0 0 0 0 0 0 0 0
0.004 0.3 0.2 0.00866922 0.444442 1.14834 0.222894 2.62174 0.000657663 1.50852e-08 1 0.00866922 0.444442 1.14834 0.222894 2.30608 0.000576141 1.3475e-08 1
0.004 0.3 0.25 0.00886924 0.435733 1.15382 0.27206 1.8397 0.000445885 1.01798e-08 1 0.00886924 0.435733 1.15382 0.27206 1.64181 0.000410831 9.39807e-09 1
0.004 0.3 0.3 0.00878644 0.433377 1.13342 0.323578 1.40174 0.000378924 9.0336e-09 1 0.00878644 0.433377 1.13342 0.323578 1.16615 0.000304721 7.33312e-09 1
0.004 0.3 0.35 0.00884882 0.43318 1.14413 0.372242 1.02029 0.000277378 7.24189e-09 1 0.00884882 0.43318 1.14413 0.372242 0.820509 0.000216757 5.42684e-09 1
0.004 0.3 0.4 0.00881048 0.434244 1.1424 0.424047 0.769271 0.000218218 6.02544e-09 1 0.00881048 0.434244 1.1424 0.424047 0.617184 0.000171386 4.49523e-09 1
0.004 0.3 0.45 0.00862851 0.437578 1.12092 0.473126 0.593079 0.00018547 5.51774e-09 1 0.00862851 0.437578 1.12092 0.473126 0.454707 0.000132488 3.63611e-09 1
0.004 0.3 0.5 0.00908138 0.411084 1.10507 0.522781 0.473494 0.000228403 7.18896e-09 1 0.00908138 0.411084 1.10507 0.522781 0.364616 0.000168615 4.82996e-09 1
0.004 0.3 0.55 0.00951616 0.387331 1.09474 0.573995 0.384665 0.000292749 1.25371e-08 1 0.00951616 0.387331 1.09474 0.573995 0.292939 0.000245526 8.42485e-09 1
0.004 0.3 0.6 0.00947603 0.37636 1.04668 0.621645 0.297029 0.000535647 2.35143e-08 1 0.00947603 0.37636 1.04668 0.621645 0.193564 0.000360399 1.13195e-08 1
0.004 0.3 0.65 0.00978635 0.350478 1.04259 0.682185 0.150347 0.000613228 4.09406e-08 1 0.00978635 0.350478 1.04259 0.682185 0.235461 0.00251729 9.91329e-08 1
0.004 0.3 0.7 0 0 0 0 0 0 0 0 0 0 0 0 0 0 0 0
0.004 0.3 0.75 0 0 0 0 0 0 0 0 0 0 0 0 0 0 0 0
0.004 0.5 0.2 0.00750018 0.597542 1.32524 0.223178 2.52492 0.000345561 7.06471e-09 1 0.00750018 0.597542 1.32524 0.223178 2.29789 0.000317123 6.48562e-09 1
0.004 0.5 0.25 0.00750858 0.596612 1.32476 0.273489 1.82035 0.000269994 5.80825e-09 1 0.00750858 0.596612 1.32476 0.273489 1.55666 0.00023024 4.80262e-09 1
0.004 0.5 0.3 0.00747969 0.5961 1.31957 0.324375 1.28952 0.000198707 4.68714e-09 1 0.00747969 0.5961 1.31957 0.324375 1.13037 0.000183664 3.9179e-09 1
0.004 0.5 0.35 0.00772139 0.567919 1.29806 0.37256 0.966514 0.000227043 5.87082e-09 1 0.00772139 0.567919 1.29806 0.37256 0.818745 0.000209386 4.58046e-09 1
0.004 0.5 0.4 0.00803125 0.529355 1.25584 0.426742 0.751547 0.000397532 1.15605e-08 1 0.00803125 0.529355 1.25584 0.426742 0.627044 0.000347856 8.82677e-09 1
0.004 0.5 0.45 0.00779208 0.511821 1.15232 0.471794 0.552211 0.0021371 6.50608e-08 1 0.00779208 0.511821 1.15232 0.471794 0.428267 0.00155173 3.89959e-08 1
0.004 0.5 0.5 0 0 0 0 0 0 0 0 0 0 0 0 0 0 0 0
0.004 0.5 0.55 0 0 0 0 0 0 0 0 0 0 0 0 0 0 0 0
0.004 0.5 0.6 0 0 0 0 0 0 0 0 0 0 0 0 0 0 0 0
0.004 0.5 0.65 0 0 0 0 0 0 0 0 0 0 0 0 0 0 0 0
0.004 0.5 0.7 0 0 0 0 0 0 0 0 0 0 0 0 0 0 0 0
0.004 0.5 0.75 0 0 0 0 0 0 0 0 0 0 0 0 0 0 0 0
0.01 0.1 0.2 0 0 0 0 0 0 0 0 0 0 0 0 0 0 0 0
0.01 0.1 0.25 0 0 0 0 0 0 0 0 0 0 0 0 0 0 0 0
0.01 0.1 0.3 0 0 0 0 0 0 0 0 0 0 0 0 0 0 0 0
0.01 0.1 0.35 0 0 0 0 0 0 0 0 0 0 0 0 0 0 0 0
0.01 0.1 0.4 0 0 0 0 0 0 0 0 0 0 0 0 0 0 0 0
0.01 0.1 0.45 0 0 0 0 0 0 0 0 0 0 0 0 0 0 0 0
0.01 0.1 0.5 0 0 0 0 0 0 0 0 0 0 0 0 0 0 0 0
0.01 0.1 0.55 0 0 0 0 0 0 0 0 0 0 0 0 0 0 0 0
0.01 0.1 0.6 0 0 0 0 0 0 0 0 0 0 0 0 0 0 0 0
0.01 0.1 0.65 0 0 0 0 0 0 0 0 0 0 0 0 0 0 0 0
0.01 0.1 0.7 0 0 0 0 0 0 0 0 0 0 0 0 0 0 0 0
0.01 0.1 0.75 0 0 0 0 0 0 0 0 0 0 0 0 0 0 0 0
0.01 0.15 0.2 0 0 0 0 0 0 0 0 0 0 0 0 0 0 0 0
0.01 0.15 0.25 0 0 0 0 0 0 0 0 0 0 0 0 0 0 0 0
0.01 0.15 0.3 0 0 0 0 0 0 0 0 0 0 0 0 0 0 0 0
0.01 0.15 0.35 0 0 0 0 0 0 0 0 0 0 0 0 0 0 0 0
0.01 0.15 0.4 0.0182823 0.191933 1.06423 0.423319 0.923257 0.00186706 5.20593e-08 1 0.0182823 0.191933 1.06423 0.423319 0.679317 0.00113522 4.81408e-08 1
0.01 0.15 0.45 0.0187926 0.185572 1.05911 0.472947 0.665464 0.0005607 1.96762e-08 1 0.0187926 0.185572 1.05911 0.472947 0.527076 0.000498148 1.69144e-08 1
0.01 0.15 0.5 0.0188583 0.188118 1.07652 0.526558 0.515048 0.000479927 1.54181e-08 1 0.0188583 0.188118 1.07652 0.526558 0.399322 0.000394228 1.35625e-08 1
0.01 0.15 0.55 0.0191493 0.186405 1.07778 0.572161 0.407053 0.000358148 1.39273e-08 1 0.0191493 0.186405 1.07778 0.572161 0.29233 0.000275056 9.54839e-09 1
0.01 0.15 0.6 0.0188406 0.188208 1.05974 0.628506 0.31732 0.000294321 9.2669e-09 1 0.0188406 0.188208 1.05974 0.628506 0.245543 0.000235762 9.11349e-09 1
0.01 0.15 0.65 0.0189574 0.185483 1.03466 0.67049 0.288031 0.000298898 1.09054e-08 1 0.0189574 0.185483 1.03466 0.67049 0.206762 0.000192581 9.13521e-09 1
0.01 0.15 0.7 0.0189203 0.182689 1.04574 0.726998 0.204562 0.000179547 8.04042e-09 1 0.0189203 0.182689 1.04574 0.726998 0.178269 0.000203899 9.70021e-09 1
0.01 0.15 0.75 0.0189201 0.188025 1.07036 0.805318 0.205849 0.00010953 6.38855e-09 1 0.0189201 0.188025 1.07036 0.805318 0.130678 6.27211e-05 3.73083e-09 1
0.01 0.2 0.2 0 0 0 0 0 0 0 0 0 0 0 0 0 0 0 0
0.01 0.2 0.25 0.0153431 0.293752 1.40336 0.272558 2.18681 0.00736298 2.42534e-07 1 0.0153431 0.293752 1.40336 0.272558 1.9064 0.00678448 2.03905e-07 1
0.01 0.2 0.3 0.0155984 0.275558 1.28535 0.323296 1.44301 0.000274403 7.19484e-09 1 0.0155984 0.275558 1.28535 0.323296 1.17721 0.000217962 5.88841e-09 1
0.01 0.2 0.35 0.0160889 0.259512 1.24147 0.374571 1.09804 0.000132179 3.42199e-09 1 0.0160889 0.259512 1.24147 0.374571 0.863439 0.000100807 2.68788e-09 1
0.01 0.2 0.4 0.0165416 0.251943 1.23741 0.424722 0.84957 9.07254e-05 2.51363e-09 1 0.0165416 0.251943 1.23741 0.424722 0.639696 6.84032e-05 1.85529e-09 1
0.01 0.2 0.45 0.0162462 0.256017 1.23057 0.473549 0.620165 6.55089e-05 1.87817e-09 1 0.0162462 0.256017 1.23057 0.473549 0.477096 5.04244e-05 1.46065e-09 1
0.01 0.2 0.5 0.0163532 0.251869 1.21837 0.5235 0.495692 5.41152e-05 1.7271e-09 1 0.0163532 0.251869 1.21837 0.5235 0.368796 4.08189e-05 1.18428e-09 1
0.01 0.2 0.55 0.0158383 0.260263 1.22078 0.574554 0.401546 4.58635e-05 1.51592e-09 1 0.0158383 0.260263 1.22078 0.574554 0.286188 3.06894e-05 1.02694e-09 1
0.01 0.2 0.6 0.0168266 0.248678 1.24638 0.623002 0.312694 3.40404e-05 1.2893e-09 1 0.0168266 0.248678 1.24638 0.623002 0.227833 2.56833e-05 8.75737e-10 1
0.01 0.2 0.65 0.0163047 0.248095 1.20499 0.672612 0.245995 2.82681e-05 1.02999e-09 1 0.0163047 0.248095 1.20499 0.672612 0.182163 2.14785e-05 7.70063e-10 1
0.01 0.2 0.7 0.0161963 0.250103 1.19886 0.724585 0.217528 2.56073e-05 1.11618e-09 1 0.0161963 0.250103 1.19886 0.724585 0.151773 1.63071e-05 8.02993e-10 1
0.01 0.2 0.75 0.0160752 0.252395 1.20175 0.79129 0.175522 1.16961e-05 6.53307e-10 1 0.0160752 0.252395 1.20175 0.79129 0.121 7.60181e-06 4.36529e-10 1
0.01 0.3 0.2 0.0142578 0.43047 1.8332 0.22342 2.66791 0.000319755 6.87028e-09 1 0.0142578 0.43047 1.8332 0.22342 2.34695 0.000283705 6.05594e-09 1
0.01 0.3 0.25 0.0141191 0.385156 1.61498 0.273449 1.91433 0.000121406 2.70776e-09 1 0.0141191 0.385156 1.61498 0.273449 1.60559 0.000102411 2.2583e-09 1
0.01 0.3 0.3 0.0142108 0.380405 1.60833 0.323438 1.37588 8.7412e-05 2.0052e-09 1 0.0142108 0.380405 1.60833 0.323438 1.13627 7.11949e-05 1.60846e-09 1
0.01 0.3 0.35 0.0140789 0.381982 1.59962 0.374725 1.07018 7.2987e-05 1.79519e-09 1 0.0140789 0.381982 1.59962 0.374725 0.827458 5.54517e-05 1.26467e-09 1
0.01 0.3 0.4 0.0141872 0.380159 1.59601 0.423069 0.768692 5.20822e-05 1.32704e-09 1 0.0141872 0.380159 1.59601 0.423069 0.592735 3.9598e-05 9.52557e-10 1
0.01 0.3 0.45 0.0142469 0.377604 1.59367 0.47417 0.589395 4.17042e-05 1.14044e-09 1 0.0142469 0.377604 1.59367 0.47417 0.457502 3.24724e-05 8.19828e-10 1
0.01 0.3 0.5 0.0139186 0.3651 1.49974 0.52381 0.464814 3.68676e-05 1.16492e-09 1 0.0139186 0.3651 1.49974 0.52381 0.353743 2.93866e-05 7.96255e-10 1
0.01 0.3 0.55 0.0142316 0.357792 1.49872 0.576005 0.370751 3.71329e-05 1.19029e-09 1 0.0142316 0.357792 1.49872 0.576005 0.281389 2.84002e-05 8.44712e-10 1
0.01 0.3 0.6 0.0139411 0.337015 1.38453 0.624695 0.291043 3.56041e-05 1.34841e-09 1 0.0139411 0.337015 1.38453 0.624695 0.218989 2.79927e-05 9.25267e-10 1
0.01 0.3 0.65 0.0142917 0.331248 1.39531 0.675923 0.233851 3.99515e-05 1.72253e-09 1 0.0142917 0.331248 1.39531 0.675923 0.165553 2.76792e-05 1.04451e-09 1
0.01 0.3 0.7 0.0139067 0.319746 1.31089 0.726571 0.194819 5.72805e-05 2.64521e-09 1 0.0139067 0.319746 1.31089 0.726571 0.142627 3.77418e-05 1.92013e-09 1
0.01 0.3 0.75 0.0150922 0.309972 1.31925 0.826658 0.169891 0.000364556 3.03292e-08 1 0.0150922 0.309972 1.31925 0.826658 0.13186 0.000280306 1.89186e-08 1
0.01 0.5 0.2 0.0138768 0.580829 2.38677 0.222155 2.67874 0.00044075 8.3596e-09 1 0.0138768 0.580829 2.38677 0.222155 2.32847 0.000375022 7.08812e-09 1
0.01 0.5 0.25 0.013887 0.582562 2.40087 0.2725 1.88218 0.000338345 6.53981e-09 1 0.013887 0.582562 2.40087 0.2725 1.59651 0.00028894 5.23449e-09 1
0.01 0.5 0.3 0.0141904 0.575982 2.42951 0.324994 1.34569 0.000244585 5.13947e-09 1 0.0141904 0.575982 2.42951 0.324994 1.10611 0.000202976 3.93048e-09 1
0.01 0.5 0.35 0.0138979 0.557694 2.29246 0.37126 1.0152 0.000256233 5.75491e-09 1 0.0138979 0.557694 2.29246 0.37126 0.786341 0.000200117 3.91145e-09 1
0.01 0.5 0.4 0.0135969 0.529444 2.11653 0.426227 0.761771 0.000370314 8.86574e-09 1 0.0135969 0.529444 2.11653 0.426227 0.612947 0.000314727 6.55825e-09 1
0.01 0.5 0.45 0.0139268 0.507253 2.03849 0.477708 0.553441 0.00139503 3.84825e-08 1 0.0139268 0.507253 2.03849 0.477708 0.467607 0.00154093 2.85934e-08 1
0.01 0.5 0.5 0 0 0 0 0 0 0 0 0 0 0 0 0 0 0 0
0.01 0.5 0.55 0 0 0 0 0 0 0 0 0 0 0 0 0 0 0 0
0.01 0.5 0.6 0 0 0 0 0 0 0 0 0 0 0 0 0 0 0 0
0.01 0.5 0.65 0 0 0 0 0 0 0 0 0 0 0 0 0 0 0 0
0.01 0.5 0.7 0 0 0 0 0 0 0 0 0 0 0 0 0 0 0 0
0.01 0.5 0.75 0 0 0 0 0 0 0 0 0 0 0 0 0 0 0 0
0.02 0.1 0.2 0 0 0 0 0 0 0 0 0 0 0 0 0 0 0 0
0.02 0.1 0.25 0 0 0 0 0 0 0 0 0 0 0 0 0 0 0 0
0.02 0.1 0.3 0 0 0 0 0 0 0 0 0 0 0 0 0 0 0 0
0.02 0.1 0.35 0 0 0 0 0 0 0 0 0 0 0 0 0 0 0 0
0.02 0.1 0.4 0 0 0 0 0 0 0 0 0 0 0 0 0 0 0 0
0.02 0.1 0.45 0 0 0 0 0 0 0 0 0 0 0 0 0 0 0 0
0.02 0.1 0.5 0.0250267 0.147669 1.14738 0.526763 0.626815 0.00402253 1.39221e-07 1 0.0250267 0.147669 1.14738 0.526763 0.458259 0.00244824 1.11971e-07 1
0.02 0.1 0.55 0.025977 0.142949 1.12322 0.576266 0.415422 0.000281909 8.67969e-09 1 0.025977 0.142949 1.12322 0.576266 0.304209 0.000199683 7.37213e-09 1
0.02 0.1 0.6 0.0274945 0.137816 1.13752 0.623358 0.341338 0.000136642 4.20099e-09 1 0.0274945 0.137816 1.13752 0.623358 0.230398 9.75074e-05 3.1682e-09 1
0.02 0.1 0.65 0.0268526 0.138039 1.10363 0.6752 0.284227 0.00010098 2.9923e-09 1 0.0268526 0.138039 1.10363 0.6752 0.193318 6.86299e-05 2.41104e-09 1
0.02 0.1 0.7 0.0271877 0.136757 1.11211 0.7239 0.23208 8.13148e-05 2.63801e-09 1 0.0271877 0.136757 1.11211 0.7239 0.152168 4.71216e-05 2.28309e-09 1
0.02 0.1 0.75 0.027063 0.135539 1.09153 0.7998 0.248001 6.20814e-05 2.05126e-09 1 0.027063 0.135539 1.09153 0.7998 0.137 2.55467e-05 1.1264e-09 1
0.02 0.15 0.2 0 0 0 0 0 0 0 0 0 0 0 0 0 0 0 0
0.02 0.15 0.25 0 0 0 0 0 0 0 0 0 0 0 0 0 0 0 0
0.02 0.15 0.3 0 0 0 0 0 0 0 0 0 0 0 0 0 0 0 0
0.02 0.15 0.35 0 0 0 0 0 0 0 0 0 0 0 0 0 0 0 0
0.02 0.15 0.4 0.0242097 0.192623 1.41027 0.425179 0.910293 0.000665864 2.30361e-08 1 0.0242097 0.192623 1.41027 0.425179 0.690843 0.000579126 1.83156e-08 1
0.02 0.15 0.45 0.0246826 0.182978 1.34715 0.473065 0.658301 0.000143307 4.58737e-09 1 0.0246826 0.182978 1.34715 0.473065 0.502585 0.000115845 3.72565e-09 1
0.02 0.15 0.5 0.0244445 0.176943 1.2878 0.523072 0.52865 7.39033e-05 2.52731e-09 1 0.0244445 0.176943 1.2878 0.523072 0.380688 5.68183e-05 1.91619e-09 1
0.02 0.15 0.55 0.0244721 0.173016 1.25828 0.573303 0.41903 6.04749e-05 1.8764e-09 1 0.0244721 0.173016 1.25828 0.573303 0.299836 4.34275e-05 1.40869e-09 1
0.02 0.15 0.6 0.0245234 0.175539 1.27317 0.623187 0.328481 4.67175e-05 1.5454e-09 1 0.0245234 0.175539 1.27317 0.623187 0.244025 3.72988e-05 1.25931e-09 1
0.02 0.15 0.65 0.0249237 0.173833 1.28806 0.675982 0.262354 3.66364e-05 1.27106e-09 1 0.0249237 0.173833 1.28806 0.675982 0.176024 2.50811e-05 8.66154e-10 1
0.02 0.15 0.7 0.0248884 0.173009 1.28044 0.723909 0.225097 3.10677e-05 1.30932e-09 1 0.0248884 0.173009 1.28044 0.723909 0.147744 2.14546e-05 9.22187e-10 1
0.02 0.15 0.75 0.0244497 0.171206 1.24237 0.796845 0.209152 1.86252e-05 7.74011e-10 1 0.0244497 0.171206 1.24237 0.796845 0.129238 1.02066e-05 5.04055e-10 1
0.02 0.2 0.2 0 0 0 0 0 0 0 0 0 0 0 0 0 0 0 0
0.02 0.2 0.25 0.0249409 0.295204 2.27953 0.279811 2.3783 0.0155544 5.9661e-07 1 0.0249409 0.295204 2.27953 0.279811 1.89983 0.0135792 4.42559e-07 1
0.02 0.2 0.3 0.0243628 0.27347 1.99797 0.323357 1.42093 0.000436934 1.13951e-08 1 0.0243628 0.27347 1.99797 0.323357 1.15113 0.00036817 8.96107e-09 1
0.02 0.2 0.35 0.0243126 0.254598 1.84524 0.372978 1.13584 0.000178066 4.78445e-09 1 0.0243126 0.254598 1.84524 0.372978 0.852973 0.00013628 3.50618e-09 1
0.02 0.2 0.4 0.0243052 0.244039 1.76681 0.423754 0.837964 0.0001029 2.70997e-09 1 0.0243052 0.244039 1.76681 0.423754 0.615121 7.73877e-05 1.94941e-09 1
0.02 0.2 0.45 0.0242595 0.241282 1.73915 0.474251 0.634005 7.79887e-05 2.28203e-09 1 0.0242595 0.241282 1.73915 0.474251 0.458819 5.72445e-05 1.5392e-09 1
0.02 0.2 0.5 0.0246543 0.237358 1.73216 0.524346 0.503638 6.47413e-05 1.95423e-09 1 0.0246543 0.237358 1.73216 0.524346 0.338376 4.12426e-05 1.19909e-09 1
0.02 0.2 0.55 0.0242316 0.240291 1.72929 0.575595 0.399297 5.52494e-05 1.67393e-09 1 0.0242316 0.240291 1.72929 0.575595 0.271926 3.25188e-05 1.05282e-09 1
0.02 0.2 0.6 0.0244368 0.242223 1.76056 0.625098 0.297618 3.76824e-05 1.28516e-09 1 0.0244368 0.242223 1.76056 0.625098 0.208204 2.74764e-05 8.03551e-10 1
0.02 0.2 0.65 0.0242574 0.246545 1.78545 0.672321 0.234244 3.12448e-05 1.05773e-09 1 0.0242574 0.246545 1.78545 0.672321 0.156269 1.9048e-05 6.57636e-10 1
0.02 0.2 0.7 0.0242764 0.23887 1.71815 0.721409 0.199212 2.71269e-05 1.04459e-09 1 0.0242764 0.23887 1.71815 0.721409 0.132604 1.72547e-05 6.69508e-10 1
0.02 0.2 0.75 0.0241588 0.237085 1.70514 0.797494 0.165541 1.24548e-05 6.04456e-10 1 0.0241588 0.237085 1.70514 0.797494 0.109422 7.72443e-06 3.98863e-10 1
0.02 0.3 0.2 0.024213 0.428553 3.09906 0.223708 2.75267 0.000885145 1.8434e-08 1 0.024213 0.428553 3.09906 0.223708 2.32468 0.00078287 1.49536e-08 1
0.02 0.3 0.25 0.024408 0.383171 2.78095 0.27359 1.95496 0.0003276 6.80806e-09 1 0.024408 0.383171 2.78095 0.27359 1.64833 0.000288214 5.67618e-09 1
0.02 0.3 0.3 0.0244149 0.380783 2.76615 0.323825 1.44315 0.000246073 5.17766e-09 1 0.0244149 0.380783 2.76615 0.323825 1.1594 0.000198678 3.93069e-09 1
0.02 0.3 0.35 0.0239871 0.379887 2.70936 0.375148 1.05432 0.00017882 3.96942e-09 1 0.0239871 0.379887 2.70936 0.375148 0.796421 0.000136536 2.66175e-09 1
0.02 0.3 0.4 0.0241944 0.377725 2.71018 0.42393 0.777493 0.000133748 3.09555e-09 1 0.0241944 0.377725 2.71018 0.42393 0.586382 0.000100519 2.05768e-09 1
0.02 0.3 0.45 0.0245943 0.38295 2.79895 0.475816 0.594968 0.00010744 2.55725e-09 1 0.0245943 0.38295 2.79895 0.475816 0.420402 7.42104e-05 1.49022e-09 1
0.02 0.3 0.5 0.023952 0.362426 2.57166 0.523476 0.454584 9.18948e-05 2.21993e-09 1 0.023952 0.362426 2.57166 0.523476 0.31062 6.12713e-05 1.2754e-09 1
0.02 0.3 0.55 0.0242385 0.351711 2.53044 0.574779 0.35223 8.36201e-05 2.2565e-09 1 0.0242385 0.351711 2.53044 0.574779 0.248386 6.41806e-05 1.32147e-09 1
0.02 0.3 0.6 0.0244066 0.341048 2.46445 0.621597 0.266343 7.52878e-05 2.24133e-09 1 0.0244066 0.341048 2.46445 0.621597 0.187755 5.47652e-05 1.42617e-09 1
0.02 0.3 0.65 0.0238229 0.333996 2.34877 0.675604 0.206328 7.5267e-05 2.6542e-09 1 0.0238229 0.333996 2.34877 0.675604 0.154119 6.47078e-05 1.7983e-09 1
0.02 0.3 0.7 0.0234341 0.318638 2.17054 0.724611 0.185845 0.000134809 5.29475e-09 1 0.0234341 0.318638 2.17054 0.724611 0.142033 0.000116291 3.27394e-09 1
0.02 0.3 0.75 0.0228598 0.317535 1.99959 0.801173 0.118867 0.000364908 2.68265e-08 1 0.0228598 0.317535 1.99959 0.801173 0.0821598 0.00015817 2.21226e-08 1
0.02 0.5 0.2 0.0239992 0.585004 4.1836 0.222521 2.69757 0.00131989 2.23757e-08 1 0.0239992 0.585004 4.1836 0.222521 2.31314 0.00112791 1.90396e-08 1
0.02 0.5 0.25 0.0243411 0.581484 4.19779 0.27327 1.91463 0.000995501 1.75598e-08 1 0.0243411 0.581484 4.19779 0.27327 1.63259 0.000897806 1.41919e-08 1
0.02 0.5 0.3 0.0241587 0.577865 4.12647 0.323418 1.41304 0.000817674 1.46485e-08 1 0.0241587 0.577865 4.12647 0.323418 1.10364 0.0006072 9.86116e-09 1
0.02 0.5 0.35 0.0242259 0.558956 3.98072 0.37463 1.00026 0.000735747 1.42739e-08 1 0.0242259 0.558956 3.98072 0.37463 0.795078 0.000576162 9.85197e-09 1
0.02 0.5 0.4 0.0242791 0.524455 3.76594 0.429619 0.709098 0.000955867 1.73832e-08 1 0.0242791 0.524455 3.76594 0.429619 0.526663 0.000677413 1.11109e-08 1
0.02 0.5 0.45 0.021526 0.526951 3.21532 0.457277 0.624467 0.00350061 1.56306e-07 1 0.021526 0.526951 3.21532 0.457277 0.38475 0.00191655 6.77508e-08 1
0.02 0.5 0.5 0 0 0 0 0 0 0 0 0 0 0 0 0 0 0 0
0.02 0.5 0.55 0 0 0 0 0 0 0 0 0 0 0 0 0 0 0 0
0.02 0.5 0.6 0 0 0 0 0 0 0 0 0 0 0 0 0 0 0 0
0.02 0.5 0.65 0 0 0 0 0 0 0 0 0 0 0 0 0 0 0 0
0.02 0.5 0.7 0 0 0 0 0 0 0 0 0 0 0 0 0 0 0 0
0.02 0.5 0.75 0 0 0 0 0 0 0 0 0 0 0 0 0 0 0 0
0.03 0.1 0.2 0 0 0 0 0 0 0 0 0 0 0 0 0 0 0 0
0.03 0.1 0.25 0 0 0 0 0 0 0 0 0 0 0 0 0 0 0 0
0.03 0.1 0.3 0 0 0 0 0 0 0 0 0 0 0 0 0 0 0 0
0.03 0.1 0.35 0 0 0 0 0 0 0 0 0 0 0 0 0 0 0 0
0.03 0.1 0.4 0 0 0 0 0 0 0 0 0 0 0 0 0 0 0 0
0.03 0.1 0.45 0 0 0 0 0 0 0 0 0 0 0 0 0 0 0 0
0.03 0.1 0.5 0.0331667 0.145642 1.51029 0.54157 0.490565 0.00290787 1.1646e-07 1 0.0331667 0.145642 1.51029 0.54157 0.447464 0.00429663 1.56536e-07 1
0.03 0.1 0.55 0.0342321 0.142356 1.46822 0.576336 0.398389 0.000246562 8.93561e-09 1 0.0342321 0.142356 1.46822 0.576336 0.275351 0.000197619 6.02787e-09 1
0.03 0.1 0.6 0.0350559 0.134918 1.40778 0.625311 0.340396 0.000115156 3.51104e-09 1 0.0350559 0.134918 1.40778 0.625311 0.213785 6.82435e-05 2.27055e-09 1
0.03 0.1 0.65 0.035157 0.130581 1.37346 0.67703 0.283361 6.54134e-05 1.92105e-09 1 0.035157 0.130581 1.37346 0.67703 0.175691 3.76522e-05 1.29097e-09 1
0.03 0.1 0.7 0.0349172 0.125845 1.307 0.723652 0.236405 4.15282e-05 1.23827e-09 1 0.0349172 0.125845 1.307 0.723652 0.150304 2.70755e-05 9.24961e-10 1
0.03 0.1 0.75 0.0347675 0.12406 1.28688 0.797326 0.265962 2.80379e-05 8.8206e-10 1 0.0347675 0.12406 1.28688 0.797326 0.132433 1.10356e-05 4.45262e-10 1
0.03 0.15 0.2 0 0 0 0 0 0 0 0 0 0 0 0 0 0 0 0
0.03 0.15 0.25 0 0 0 0 0 0 0 0 0 0 0 0 0 0 0 0
0.03 0.15 0.3 0 0 0 0 0 0 0 0 0 0 0 0 0 0 0 0
0.03 0.15 0.35 0 0 0 0 0 0 0 0 0 0 0 0 0 0 0 0
0.03 0.15 0.4 0.0352052 0.191172 2.04595 0.421903 0.877414 0.00127841 3.87122e-08 1 0.0352052 0.191172 2.04595 0.421903 0.594274 0.000757008 2.66121e-08 1
0.03 0.15 0.45 0.0336206 0.185704 1.85969 0.473569 0.668951 0.00027559 8.4424e-09 1 0.0336206 0.185704 1.85969 0.473569 0.459788 0.000192011 5.78534e-09 1
0.03 0.15 0.5 0.0343693 0.176305 1.80962 0.524384 0.478553 0.000111283 3.61252e-09 1 0.0343693 0.176305 1.80962 0.524384 0.343441 9.30932e-05 2.48135e-09 1
0.03 0.15 0.55 0.0348992 0.172201 1.79414 0.57278 0.412598 0.000100957 3.09212e-09 1 0.0348992 0.172201 1.79414 0.57278 0.283155 7.29888e-05 2.09376e-09 1
0.03 0.15 0.6 0.0341688 0.169738 1.73067 0.62255 0.343317 8.38498e-05 2.58953e-09 1 0.0341688 0.169738 1.73067 0.62255 0.208792 4.92058e-05 1.67427e-09 1
0.03 0.15 0.65 0.0344381 0.175346 1.79504 0.674102 0.257752 6.3648e-05 2.04499e-09 1 0.0344381 0.175346 1.79504 0.674102 0.158865 3.43225e-05 1.26903e-09 1
0.03 0.15 0.7 0.0342968 0.17396 1.7812 0.723482 0.210081 5.25896e-05 1.65669e-09 1 0.0342968 0.17396 1.7812 0.723482 0.140027 3.67579e-05 1.21274e-09 1
0.03 0.15 0.75 0.0348729 0.171454 1.76286 0.803934 0.206091 3.1786e-05 1.18108e-09 1 0.0348729 0.171454 1.76286 0.803934 0.111254 1.45848e-05 6.08171e-10 1
0.03 0.2 0.2 0 0 0 0 0 0 0 0 0 0 0 0 0 0 0 0
0.03 0.2 0.25 0.032547 0.296123 2.98647 0.274086 1.87986 0.0190475 6.59063e-07 1 0.032547 0.296123 2.98647 0.274086 2.0377 0.0322365 8.51986e-07 1
0.03 0.2 0.3 0.0348834 0.27364 2.85144 0.323532 1.51387 0.000945482 2.27306e-08 1 0.0348834 0.27364 2.85144 0.323532 1.15857 0.000733004 1.69784e-08 1
0.03 0.2 0.35 0.0351071 0.255031 2.67702 0.37457 1.09524 0.000326885 7.99592e-09 1 0.0351071 0.255031 2.67702 0.37457 0.775729 0.000224653 5.3384e-09 1
0.03 0.2 0.4 0.0342463 0.240632 2.44584 0.425573 0.861785 0.000205018 5.4728e-09 1 0.0342463 0.240632 2.44584 0.425573 0.596074 0.000141575 3.31596e-09 1
0.03 0.2 0.45 0.0350856 0.238977 2.49534 0.472482 0.617985 0.000141161 3.97033e-09 1 0.0350856 0.238977 2.49534 0.472482 0.441248 0.00010797 2.67723e-09 1
0.03 0.2 0.5 0.0344419 0.238483 2.4419 0.526045 0.456978 9.55183e-05 3.03339e-09 1 0.0344419 0.238483 2.4419 0.526045 0.324209 8.05432e-05 1.91448e-09 1
0.03 0.2 0.55 0.0345457 0.246474 2.51952 0.573152 0.348841 7.85573e-05 2.26786e-09 1 0.0345457 0.246474 2.51952 0.573152 0.238974 5.62734e-05 1.45006e-09 1
0.03 0.2 0.6 0.0346259 0.242343 2.48667 0.624776 0.31172 7.70421e-05 2.40246e-09 1 0.0346259 0.242343 2.48667 0.624776 0.192546 4.76135e-05 1.2822e-09 1
0.03 0.2 0.65 0.0345462 0.239895 2.4467 0.669665 0.21964 4.77647e-05 1.78722e-09 1 0.0345462 0.239895 2.4467 0.669665 0.137631 3.32353e-05 9.26838e-10 1
0.03 0.2 0.7 0.0343667 0.239719 2.42544 0.727467 0.202181 5.01646e-05 1.86155e-09 1 0.0343667 0.239719 2.42544 0.727467 0.122387 3.26319e-05 1.07016e-09 1
0.03 0.2 0.75 0.0339117 0.235468 2.37887 0.791169 0.161664 2.52971e-05 9.91118e-10 1 0.0339117 0.235468 2.37887 0.791169 0.0907702 1.16782e-05 5.16064e-10 1
0.03 0.3 0.2 0.0344039 0.432266 4.43422 0.221797 2.78904 0.00168308 3.57105e-08 1 0.0344039 0.432266 4.43422 0.221797 2.35121 0.00153358 2.92017e-08 1
0.03 0.3 0.25 0.0346949 0.379548 3.9211 0.273546 1.93828 0.000619568 1.24847e-08 1 0.0346949 0.379548 3.9211 0.273546 1.60816 0.000534917 9.78322e-09 1
0.03 0.3 0.3 0.0345437 0.381314 3.91105 0.324057 1.48281 0.000499672 9.74567e-09 1 0.0345437 0.381314 3.91105 0.324057 1.13044 0.000371743 7.08217e-09 1
0.03 0.3 0.35 0.0345563 0.372982 3.81397 0.374774 1.05716 0.000350839 7.09838e-09 1 0.0345563 0.372982 3.81397 0.374774 0.748986 0.000241964 4.49266e-09 1
0.03 0.3 0.4 0.0347279 0.382907 3.95812 0.426151 0.79432 0.000265058 5.79489e-09 1 0.0347279 0.382907 3.95812 0.426151 0.555314 0.000193342 3.33273e-09 1
0.03 0.3 0.45 0.0344515 0.369467 3.78362 0.473904 0.596376 0.000206821 4.76113e-09 1 0.0344515 0.369467 3.78362 0.473904 0.414385 0.000142162 2.6689e-09 1
0.03 0.3 0.5 0.033624 0.363545 3.63685 0.5247 0.441952 0.000171534 3.92784e-09 1 0.033624 0.363545 3.63685 0.5247 0.296014 0.000114281 2.08947e-09 1
0.03 0.3 0.55 0.0337222 0.355447 3.53044 0.576416 0.316008 0.000138904 3.40864e-09 1 0.0337222 0.355447 3.53044 0.576416 0.208583 8.97185e-05 1.94761e-09 1
0.03 0.3 0.6 0.0352486 0.336557 3.56079 0.630083 0.278169 0.000171572 4.11307e-09 1 0.0352486 0.336557 3.56079 0.630083 0.164608 9.87759e-05 1.97837e-09 1
0.03 0.3 0.65 0.0345247 0.341035 3.44983 0.684441 0.230264 0.00019784 4.74332e-09 1 0.0345247 0.341035 3.44983 0.684441 0.139699 0.000133748 2.4098e-09 1
0.03 0.3 0.7 0.0326311 0.323145 3.10632 0.72754 0.162768 0.00017624 5.39596e-09 1 0.0326311 0.323145 3.10632 0.72754 0.109105 0.000135228 3.44213e-09 1
0.03 0.3 0.75 0.0354475 0.310488 3.0971 0.804253 0.0914318 0.000872094 2.31957e-08 1 0.0354475 0.310488 3.0971 0.804253 0.0625867 0.000224302 2.05176e-08 1
0.03 0.5 0.2 0.0340033 0.57845 5.86283 0.22179 2.9395 0.00303408 5.48328e-08 1 0.0340033 0.57845 5.86283 0.22179 2.37673 0.00235617 3.95616e-08 1
0.03 0.5 0.25 0.0346735 0.582515 6.01519 0.273498 2.03285 0.00218585 3.96995e-08 1 0.0346735 0.582515 6.01519 0.273498 1.61727 0.00173316 2.79445e-08 1
0.03 0.5 0.3 0.0343516 0.582078 5.91105 0.322911 1.43676 0.0016798 2.9822e-08 1 0.0343516 0.582078 5.91105 0.322911 1.07106 0.00120508 1.93427e-08 1
0.03 0.5 0.35 0.0332509 0.556189 5.47566 0.370097 1.07087 0.00155037 3.10652e-08 1 0.0332509 0.556189 5.47566 0.370097 0.744438 0.00113758 1.80721e-08 1
0.03 0.5 0.4 0.035094 0.533407 5.53937 0.422959 0.80041 0.00247882 3.97306e-08 1 0.035094 0.533407 5.53937 0.422959 0.588334 0.00156564 2.78371e-08 1
0.03 0.5 0.45 0 0 0 0 0.556804 0.00807536 1.8226e-07 1 0 0 0 0 0.418044 0.00743873 1.58813e-07 1
0.03 0.5 0.5 0 0 0 0 0 0 0 0 0 0 0 0 0 0 0 0
0.03 0.5 0.55 0 0 0 0 0 0 0 0 0 0 0 0 0 0 0 0
0.03 0.5 0.6 0 0 0 0 0 0 0 0 0 0 0 0 0 0 0 0
0.03 0.5 0.65 0 0 0 0 0 0 0 0 0 0 0 0 0 0 0 0
0.03 0.5 0.7 0 0 0 0 0 0 0 0 0 0 0 0 0 0 0 0
0.03 0.5 0.75 0 0 0 0 0 0 0 0 0 0 0 0 0 0 0 0
0.04 0.1 0.2 0 0 0 0 0 0 0 0 0 0 0 0 0 0 0 0
0.04 0.1 0.25 0 0 0 0 0 0 0 0 0 0 0 0 0 0 0 0
0.04 0.1 0.3 0 0 0 0 0 0 0 0 0 0 0 0 0 0 0 0
0.04 0.1 0.35 0 0 0 0 0 0 0 0 0 0 0 0 0 0 0 0
0.04 0.1 0.4 0 0 0 0 0 0 0 0 0 0 0 0 0 0 0 0
0.04 0.1 0.45 0 0 0 0 0 0 0 0 0 0 0 0 0 0 0 0
0.04 0.1 0.5 0 0 0 0 0.605256 0.00561877 1.4984e-07 1 0 0 0 0 0.251533 0.00138023 4.66922e-08 1
0.04 0.1 0.55 0.0472252 0.143344 2.03382 0.573979 0.429005 0.000296915 8.34263e-09 1 0.0472252 0.143344 2.03382 0.573979 0.273286 0.000203687 6.18197e-09 1
0.04 0.1 0.6 0.0480418 0.139631 2.00499 0.625606 0.305244 9.28104e-05 2.49611e-09 1 0.0480418 0.139631 2.00499 0.625606 0.191597 5.88759e-05 1.71633e-09 1
0.04 0.1 0.65 0.0483974 0.130891 1.90425 0.674918 0.265912 5.70103e-05 1.45639e-09 1 0.0483974 0.130891 1.90425 0.674918 0.165645 3.74012e-05 1.07312e-09 1
0.04 0.1 0.7 0.0478583 0.128043 1.82066 0.722417 0.223025 3.64567e-05 9.40439e-10 1 0.0478583 0.128043 1.82066 0.722417 0.13579 2.31558e-05 6.92359e-10 1
0.04 0.1 0.75 0.0483264 0.122084 1.75399 0.794813 0.238391 2.19612e-05 5.83514e-10 1 0.0483264 0.122084 1.75399 0.794813 0.113367 8.30272e-06 2.79961e-10 1
0.04 0.15 0.2 0 0 0 0 0 0 0 0 0 0 0 0 0 0 0 0
0.04 0.15 0.25 0 0 0 0 0 0 0 0 0 0 0 0 0 0 0 0
0.04 0.15 0.3 0 0 0 0 0 0 0 0 0 0 0 0 0 0 0 0
0.04 0.15 0.35 0 0 0 0 0 0 0 0 0 0 0 0 0 0 0 0
0.04 0.15 0.4 0.0465067 0.193451 2.7258 0.425637 0.932911 0.00139492 3.97493e-08 1 0.0465067 0.193451 2.7258 0.425637 0.614625 0.000865515 2.7026e-08 1
0.04 0.15 0.45 0.0489347 0.181391 2.64804 0.474707 0.64723 0.000261725 7.29525e-09 1 0.0489347 0.181391 2.64804 0.474707 0.442475 0.000185591 4.9456e-09 1
0.04 0.15 0.5 0.049227 0.174688 2.57097 0.520446 0.524601 0.000132617 3.72475e-09 1 0.049227 0.174688 2.57097 0.520446 0.330931 8.55343e-05 2.19946e-09 1
0.04 0.15 0.55 0.0475265 0.174036 2.45296 0.575267 0.412873 9.3397e-05 2.76709e-09 1 0.0475265 0.174036 2.45296 0.575267 0.247852 6.08611e-05 1.50448e-09 1
0.04 0.15 0.6 0.0477132 0.173234 2.43423 0.62893 0.299592 6.59826e-05 1.86252e-09 1 0.0477132 0.173234 2.43423 0.62893 0.19104 4.26803e-05 1.22549e-09 1
0.04 0.15 0.65 0.0488217 0.176896 2.5821 0.674605 0.248394 5.61195e-05 1.73908e-09 1 0.0488217 0.176896 2.5821 0.674605 0.139577 3.33328e-05 9.31058e-10 1
0.04 0.15 0.7 0.0478887 0.176757 2.49271 0.719293 0.197428 4.46742e-05 1.44064e-09 1 0.0478887 0.176757 2.49271 0.719293 0.111262 2.22164e-05 7.88033e-10 1
0.04 0.15 0.75 0.047119 0.171165 2.39924 0.798846 0.172904 2.3008e-05 7.55291e-10 1 0.047119 0.171165 2.39924 0.798846 0.0956543 1.27032e-05 4.1951e-10 1
0.04 0.2 0.2 0 0 0 0 0 0 0 0 0 0 0 0 0 0 0 0
0.04 0.2 0.25 0.0485148 0.295282 4.43354 0.268916 2.1665 0.0262648 9.28314e-07 1 0.0485148 0.295282 4.43354 0.268916 1.76885 0.0302329 6.10547e-07 1
0.04 0.2 0.3 0.04893 0.271225 4.00463 0.321665 1.54892 0.0010136 2.19992e-08 1 0.04893 0.271225 4.00463 0.321665 1.09994 0.000661515 1.55758e-08 1
0.04 0.2 0.35 0.0482822 0.250165 3.59306 0.374601 1.11726 0.000327879 7.66075e-09 1 0.0482822 0.250165 3.59306 0.374601 0.795216 0.000240603 5.27803e-09 1
0.04 0.2 0.4 0.0486901 0.239923 3.47337 0.422889 0.829568 0.000198459 4.44363e-09 1 0.0486901 0.239923 3.47337 0.422889 0.56965 0.000130448 2.8909e-09 1
0.04 0.2 0.45 0.0491115 0.238977 3.47585 0.474079 0.614355 0.000137283 3.39296e-09 1 0.0491115 0.238977 3.47585 0.474079 0.399115 8.84787e-05 2.09045e-09 1
0.04 0.2 0.5 0.0476839 0.242518 3.43535 0.522377 0.475341 0.000104215 2.86001e-09 1 0.0476839 0.242518 3.43535 0.522377 0.286196 6.67796e-05 1.40152e-09 1
0.04 0.2 0.55 0.0484105 0.234718 3.39864 0.572433 0.385144 9.43374e-05 2.43206e-09 1 0.0484105 0.234718 3.39864 0.572433 0.227034 5.46445e-05 1.25402e-09 1
0.04 0.2 0.6 0.049755 0.240748 3.5516 0.624448 0.295185 6.83454e-05 1.93708e-09 1 0.049755 0.240748 3.5516 0.624448 0.176183 4.69657e-05 9.4909e-10 1
0.04 0.2 0.65 0.0472811 0.24012 3.33557 0.672881 0.21833 4.66998e-05 1.49609e-09 1 0.0472811 0.24012 3.33557 0.672881 0.135008 3.41119e-05 7.78997e-10 1
0.04 0.2 0.7 0.0496783 0.237515 3.50707 0.727331 0.183667 4.47371e-05 1.2619e-09 1 0.0496783 0.237515 3.50707 0.727331 0.098267 2.39155e-05 5.89059e-10 1
0.04 0.2 0.75 0.0498824 0.243148 3.58979 0.791548 0.143788 2.05295e-05 6.88111e-10 1 0.0498824 0.243148 3.58979 0.791548 0.0767798 9.32427e-06 3.4052e-10 1
0.04 0.3 0.2 0.0479357 0.429422 6.14694 0.222526 2.93053 0.00203552 3.62278e-08 1 0.0479357 0.429422 6.14694 0.222526 2.27807 0.00159879 2.58968e-08 1
0.04 0.3 0.25 0.0488759 0.382136 5.56014 0.274224 2.07756 0.000705403 1.29607e-08 1 0.0488759 0.382136 5.56014 0.274224 1.56816 0.000539314 9.22024e-09 1
0.04 0.3 0.3 0.048108 0.383954 5.48436 0.322707 1.42501 0.000438021 8.84059e-09 1 0.048108 0.383954 5.48436 0.322707 1.08948 0.00036247 6.09358e-09 1
0.04 0.3 0.35 0.0490338 0.37802 5.48574 0.373902 1.08786 0.000347898 6.82174e-09 1 0.0490338 0.37802 5.48574 0.373902 0.753569 0.000239906 4.17972e-09 1
0.04 0.3 0.4 0.0477938 0.364284 5.16129 0.422626 0.837007 0.000288325 5.9054e-09 1 0.0477938 0.364284 5.16129 0.422626 0.526183 0.000166827 2.79285e-09 1
0.04 0.3 0.45 0.0487105 0.376296 5.43429 0.471116 0.603156 0.000212343 4.15765e-09 1 0.0487105 0.376296 5.43429 0.471116 0.398606 0.000142845 2.26878e-09 1
0.04 0.3 0.5 0.0491898 0.356211 5.231 0.523779 0.44484 0.000162302 3.70433e-09 1 0.0491898 0.356211 5.231 0.523779 0.279191 0.000112117 1.6217e-09 1
0.04 0.3 0.55 0.0491315 0.357326 5.17391 0.571385 0.33889 0.000152993 3.42639e-09 1 0.0491315 0.357326 5.17391 0.571385 0.212234 8.9072e-05 1.67462e-09 1
0.04 0.3 0.6 0.0477844 0.337751 4.71315 0.622582 0.297513 0.000184182 3.98621e-09 1 0.0477844 0.337751 4.71315 0.622582 0.166439 0.000106032 1.69953e-09 1
0.04 0.3 0.65 0.0479963 0.327853 4.64779 0.677632 0.218797 0.000198584 3.96154e-09 1 0.0479963 0.327853 4.64779 0.677632 0.135931 0.000118914 2.14797e-09 1
0.04 0.3 0.7 0.0459427 0.316424 4.28215 0.727263 0.139241 0.00014654 3.98763e-09 1 0.0459427 0.316424 4.28215 0.727263 0.0930776 8.92887e-05 2.63568e-09 1
0.04 0.3 0.75 0 0 0 0 0.105222 0.000389275 2.42809e-08 1 0 0 0 0 0.0381932 0.000124217 7.13023e-09 1
0.04 0.5 0.2 0.048148 0.587258 8.4466 0.224064 2.87149 0.00282904 4.85712e-08 1 0.048148 0.587258 8.4466 0.224064 2.32238 0.00228887 3.58327e-08 1
0.04 0.5 0.25 0.0505498 0.579987 8.73509 0.272248 1.90216 0.00179214 3.41618e-08 1 0.0505498 0.579987 8.73509 0.272248 1.53924 0.00162991 2.43507e-08 1
0.04 0.5 0.3 0.0497319 0.578968 8.58321 0.323027 1.50737 0.00168763 2.83183e-08 1 0.0497319 0.578968 8.58321 0.323027 1.04652 0.00111416 1.6941e-08 1
0.04 0.5 0.35 0.0484543 0.561276 8.09238 0.373597 1.1215 0.00175386 3.22399e-08 1 0.0484543 0.561276 8.09238 0.373597 0.709702 0.00108131 1.52086e-08 1
0.04 0.5 0.4 0.0473561 0.534054 7.60014 0.427959 0.74543 0.00205435 4.15832e-08 1 0.0473561 0.534054 7.60014 0.427959 0.573512 0.00162951 2.83852e-08 1
0.04 0.5 0.45 0.0431949 0.513446 6.18754 0.484098 0.532274 0.00542604 1.79641e-07 1 0.0431949 0.513446 6.18754 0.484098 0.424636 0.00529154 1.50935e-07 1
0.04 0.5 0.5 0 0 0 0 0 0 0 0 0 0 0 0 0 0 0 0
0.04 0.5 0.55 0 0 0 0 0 0 0 0 0 0 0 0 0 0 0 0
0.04 0.5 0.6 0 0 0 0 0 0 0 0 0 0 0 0 0 0 0 0
0.04 0.5 0.65 0 0 0 0 0 0 0 0 0 0 0 0 0 0 0 0
0.04 0.5 0.7 0 0 0 0 0 0 0 0 0 0 0 0 0 0 0 0
0.04 0.5 0.75 0 0 0 0 0 0 0 0 0 0 0 0 0 0 0 0
0.06 0.1 0.2 0 0 0 0 0 0 0 0 0 0 0 0 0 0 0 0
0.06 0.1 0.25 0 0 0 0 0 0 0 0 0 0 0 0 0 0 0 0
0.06 0.1 0.3 0 0 0 0 0 0 0 0 0 0 0 0 0 0 0 0
0.06 0.1 0.35 0 0 0 0 0 0 0 0 0 0 0 0 0 0 0 0
0.06 0.1 0.4 0 0 0 0 0 0 0 0 0 0 0 0 0 0 0 0
0.06 0.1 0.45 0 0 0 0 0 0 0 0 0 0 0 0 0 0 0 0
0.06 0.1 0.5 0.0681917 0.148552 3.15675 0.519993 0.419763 0.0020856 1.30808e-07 1 0.0681917 0.148552 3.15675 0.519993 0.370845 0.00433055 1.17741e-07 1
0.06 0.1 0.55 0.0745132 0.140166 3.14941 0.573086 0.38419 0.000329017 9.26889e-09 1 0.0745132 0.140166 3.14941 0.573086 0.217568 0.000186186 4.96093e-09 1
0.06 0.1 0.6 0.0761179 0.138027 3.13741 0.625438 0.300149 0.000118452 3.1812e-09 1 0.0761179 0.138027 3.13741 0.625438 0.176929 7.6098e-05 1.89481e-09 1
0.06 0.1 0.65 0.077371 0.134564 3.11802 0.674577 0.246542 6.95283e-05 1.6331e-09 1 0.077371 0.134564 3.11802 0.674577 0.133203 3.67926e-05 9.23515e-10 1
0.06 0.1 0.7 0.0757537 0.127869 2.87005 0.727113 0.196643 4.08046e-05 8.83572e-10 1 0.0757537 0.127869 2.87005 0.727113 0.103906 2.07214e-05 4.9109e-10 1
0.06 0.1 0.75 0.0734856 0.124764 2.72687 0.7979 0.214484 2.70048e-05 5.47807e-10 1 0.0734856 0.124764 2.72687 0.7979 0.0876277 7.72601e-06 2.21043e-10 1
0.06 0.15 0.2 0 0 0 0 0 0 0 0 0 0 0 0 0 0 0 0
0.06 0.15 0.25 0 0 0 0 0 0 0 0 0 0 0 0 0 0 0 0
0.06 0.15 0.3 0 0 0 0 0 0 0 0 0 0 0 0 0 0 0 0
0.06 0.15 0.35 0 0 0 0 0 0 0 0 0 0 0 0 0 0 0 0
0.06 0.15 0.4 0.078445 0.193759 4.62154 0.426502 0.88716 0.00179271 4.21869e-08 1 0.078445 0.193759 4.62154 0.426502 0.564921 0.000993453 2.70504e-08 1
0.06 0.15 0.45 0.0732117 0.181497 4.00532 0.473051 0.651277 0.000357098 8.84473e-09 1 0.0732117 0.181497 4.00532 0.473051 0.405811 0.000243638 5.24975e-09 1
0.06 0.15 0.5 0.0734264 0.172775 3.77141 0.522011 0.509388 0.000174153 4.14742e-09 1 0.0734264 0.172775 3.77141 0.522011 0.272536 8.86949e-05 1.85031e-09 1
0.06 0.15 0.55 0.0757007 0.17126 3.82111 0.577547 0.363854 0.000104246 2.6925e-09 1 0.0757007 0.17126 3.82111 0.577547 0.214119 6.2492e-05 1.46835e-09 1
0.06 0.15 0.6 0.0766231 0.178581 4.02125 0.626972 0.295601 8.73191e-05 2.09392e-09 1 0.0766231 0.178581 4.02125 0.626972 0.169312 5.54927e-05 1.25207e-09 1
0.06 0.15 0.65 0.0753481 0.170124 3.81137 0.670467 0.220647 6.27363e-05 1.51007e-09 1 0.0753481 0.170124 3.81137 0.670467 0.129743 4.2128e-05 9.54748e-10 1
0.06 0.15 0.7 0.0713853 0.171533 3.66822 0.726179 0.180239 5.08909e-05 1.41981e-09 1 0.0713853 0.171533 3.66822 0.726179 0.0938125 2.803e-05 7.19308e-10 1
0.06 0.15 0.75 0.0789505 0.171392 4.02327 0.797124 0.150165 2.63939e-05 6.92803e-10 1 0.0789505 0.171392 4.02327 0.797124 0.0684214 1.15832e-05 2.93551e-10 1
0.06 0.2 0.2 0 0 0 0 0 0 0 0 0 0 0 0 0 0 0 0
0.06 0.2 0.25 0.0798588 0.295957 7.29547 0.276915 2.86246 0.0615575 1.65678e-06 1 0.0798588 0.295957 7.29547 0.276915 1.65628 0.0343744 7.15622e-07 1
0.06 0.2 0.3 0.0755906 0.274845 6.24052 0.323603 1.55205 0.00133015 2.61166e-08 1 0.0755906 0.274845 6.24052 0.323603 1.03248 0.000831357 1.64061e-08 1
0.06 0.2 0.35 0.073672 0.256881 5.63556 0.374118 1.18246 0.000486477 1.00448e-08 1 0.073672 0.256881 5.63556 0.374118 0.734391 0.000292136 5.50449e-09 1
0.06 0.2 0.4 0.0763838 0.243198 5.54964 0.420736 0.88304 0.000266605 6.12672e-09 1 0.0763838 0.243198 5.54964 0.420736 0.530348 0.000163952 3.1793e-09 1
0.06 0.2 0.45 0.0761997 0.242715 5.47179 0.474366 0.67606 0.000210368 4.94899e-09 1 0.0761997 0.242715 5.47179 0.474366 0.364299 0.000101483 2.19476e-09 1
0.06 0.2 0.5 0.0746742 0.244026 5.4315 0.525108 0.481957 0.000143421 3.39943e-09 1 0.0746742 0.244026 5.4315 0.525108 0.278018 8.73595e-05 1.5258e-09 1
0.06 0.2 0.55 0.0754351 0.243765 5.46256 0.575449 0.374181 0.000110361 2.68683e-09 1 0.0754351 0.243765 5.46256 0.575449 0.189581 5.34539e-05 9.91711e-10 1
0.06 0.2 0.6 0.0747583 0.237359 5.2744 0.62153 0.27379 8.00645e-05 1.93149e-09 1 0.0747583 0.237359 5.2744 0.62153 0.144518 4.02138e-05 8.23785e-10 1
0.06 0.2 0.65 0.081071 0.247748 5.89076 0.676305 0.233115 7.41384e-05 1.80047e-09 1 0.081071 0.247748 5.89076 0.676305 0.113945 3.18175e-05 6.94871e-10 1
0.06 0.2 0.7 0.073205 0.242473 5.22956 0.723333 0.160273 4.34824e-05 1.27455e-09 1 0.073205 0.242473 5.22956 0.723333 0.0854723 2.65795e-05 5.50975e-10 1
0.06 0.2 0.75 0.0780918 0.235361 5.48432 0.794055 0.132578 2.45339e-05 6.43817e-10 1 0.0780918 0.235361 5.48432 0.794055 0.0613953 1.25976e-05 2.31465e-10 1
0.06 0.3 0.2 0.0756833 0.433595 9.77676 0.222598 2.90903 0.00261011 4.74812e-08 1 0.0756833 0.433595 9.77676 0.222598 2.22837 0.00191096 3.34171e-08 1
0.06 0.3 0.25 0.0771254 0.373582 8.58148 0.274064 2.09326 0.000924757 1.6948e-08 1 0.0771254 0.373582 8.58148 0.274064 1.51756 0.000690367 1.09315e-08 1
0.06 0.3 0.3 0.0741421 0.383741 8.45091 0.323458 1.51329 0.000634359 1.22824e-08 1 0.0741421 0.383741 8.45091 0.323458 1.00976 0.000434761 6.57231e-09 1
0.06 0.3 0.35 0.0763955 0.37891 8.66417 0.373595 1.08472 0.000463112 8.45545e-09 1 0.0763955 0.37891 8.66417 0.373595 0.753897 0.000349681 5.07459e-09 1
0.06 0.3 0.4 0.0785463 0.373648 8.77745 0.423634 0.823957 0.000370578 6.83579e-09 1 0.0785463 0.373648 8.77745 0.423634 0.483734 0.000204593 3.08038e-09 1
0.06 0.3 0.45 0.0775185 0.371097 8.52058 0.470288 0.619427 0.000283233 5.18856e-09 1 0.0775185 0.371097 8.52058 0.470288 0.368154 0.000184929 2.35055e-09 1
0.06 0.3 0.5 0.0701788 0.374724 7.758 0.52756 0.481965 0.000255001 4.81616e-09 1 0.0701788 0.374724 7.758 0.52756 0.253924 0.000131847 1.80623e-09 1
0.06 0.3 0.55 0.0717125 0.352329 7.4494 0.57476 0.356538 0.000221562 4.15593e-09 1 0.0717125 0.352329 7.4494 0.57476 0.18153 0.000115542 1.51774e-09 1
0.06 0.3 0.6 0.0841925 0.330535 8.36712 0.629903 0.241105 0.000177111 2.95225e-09 1 0.0841925 0.330535 8.36712 0.629903 0.127208 8.04521e-05 1.35751e-09 1
0.06 0.3 0.65 0.0693846 0.337492 7.01446 0.668996 0.201478 0.000187912 3.9573e-09 1 0.0693846 0.337492 7.01446 0.668996 0.0852153 4.55657e-05 1.48136e-09 1
0.06 0.3 0.7 0.0760897 0.324686 7.2845 0.71787 0.150439 0.000250732 4.39957e-09 1 0.0760897 0.324686 7.2845 0.71787 0.0732504 0.000123856 1.74414e-09 1
0.06 0.3 0.75 0 0 0 0 0.144853 0.00204148 3.48205e-08 1 0 0 0 0 0.043735 0.000219709 1.49512e-08 1
0.06 0.5 0.2 0.0788303 0.584722 13.6889 0.222255 2.94119 0.0036302 5.57193e-08 1 0.0788303 0.584722 13.6889 0.222255 2.35812 0.00305549 4.2632e-08 1
0.06 0.5 0.25 0.078338 0.590113 13.7475 0.273967 2.1241 0.00308311 4.39121e-08 1 0.078338 0.590113 13.7475 0.273967 1.59291 0.00221859 2.96401e-08 1
0.06 0.5 0.3 0.0776694 0.57325 13.1133 0.327136 1.55579 0.00210654 3.51602e-08 1 0.0776694 0.57325 13.1133 0.327136 1.06 0.00135194 2.01297e-08 1
0.06 0.5 0.35 0.0788081 0.563524 13.1646 0.372105 1.17607 0.00207425 4.20008e-08 1 0.0788081 0.563524 13.1646 0.372105 0.71699 0.00134136 1.87647e-08 1
0.06 0.5 0.4 0.0654949 0.532528 10.3331 0.429453 0.842131 0.00257782 5.88981e-08 1 0.0654949 0.532528 10.3331 0.429453 0.442433 0.00143895 1.85159e-08 1
0.06 0.5 0.45 0.0754485 0.51488 11.0948 0.462337 0.483437 0.00676651 1.54496e-07 1 0.0754485 0.51488 11.0948 0.462337 0.200694 0.00193546 7.85033e-08 1
0.06 0.5 0.5 0 0 0 0 0 0 0 0 0 0 0 0 0 0 0 0
0.06 0.5 0.55 0 0 0 0 0 0 0 0 0 0 0 0 0 0 0 0
0.06 0.5 0.6 0 0 0 0 0 0 0 0 0 0 0 0 0 0 0 0
0.06 0.5 0.65 0 0 0 0 0 0 0 0 0 0 0 0 0 0 0 0
0.06 0.5 0.7 0 0 0 0 0 0 0 0 0 0 0 0 0 0 0 0
0.06 0.5 0.75 0 0 0 0 0 0 0 0 0 0 0 0 0 0 0 0
0.1 0.1 0.2 0 0 0 0 0 0 0 0 0 0 0 0 0 0 0 0
0.1 0.1 0.25 0 0 0 0 0 0 0 0 0 0 0 0 0 0 0 0
0.1 0.1 0.3 0 0 0 0 0 0 0 0 0 0 0 0 0 0 0 0
0.1 0.1 0.35 0 0 0 0 0 0 0 0 0 0 0 0 0 0 0 0
0.1 0.1 0.4 0 0 0 0 0 0 0 0 0 0 0 0 0 0 0 0
0.1 0.1 0.45 0 0 0 0 0 0 0 0 0 0 0 0 0 0 0 0
0.1 0.1 0.5 0 0 0 0 0.707115 0.0143339 9.25915e-07 1 0 0 0 0 0.236987 0.00359584 2.29014e-07 1
0.1 0.1 0.55 0.126044 0.143513 5.48695 0.57701 0.33557 0.000618133 2.20899e-08 1 0.126044 0.143513 5.48695 0.57701 0.188011 0.000644073 9.17022e-09 1
0.1 0.1 0.6 0.119462 0.135059 4.81535 0.615394 0.298693 0.000416753 6.91533e-09 1 0.119462 0.135059 4.81535 0.615394 0.129378 0.000165841 2.49337e-09 1
0.1 0.1 0.65 0.115347 0.133867 4.60482 0.668269 0.225278 0.000182023 3.07987e-09 1 0.115347 0.133867 4.60482 0.668269 0.110016 7.52358e-05 1.77174e-09 1
0.1 0.1 0.7 0.11697 0.120764 4.2617 0.716965 0.17946 0.000107904 1.80688e-09 1 0.11697 0.120764 4.2617 0.716965 0.079327 6.01338e-05 7.38962e-10 1
0.1 0.1 0.75 0.115422 0.120851 4.13985 0.780468 0.181345 6.44301e-05 1.06102e-09 1 0.115422 0.120851 4.13985 0.780468 0.0671081 1.94512e-05 4.0542e-10 1
0.1 0.15 0.2 0 0 0 0 0 0 0 0 0 0 0 0 0 0 0 0
0.1 0.15 0.25 0 0 0 0 0 0 0 0 0 0 0 0 0 0 0 0
0.1 0.15 0.3 0 0 0 0 0 0 0 0 0 0 0 0 0 0 0 0
0.1 0.15 0.35 0 0 0 0 0 0 0 0 0 0 0 0 0 0 0 0
0.1 0.15 0.4 0.123523 0.193801 7.2311 0.416366 0.883884 0.00436849 9.99399e-08 1 0.123523 0.193801 7.2311 0.416366 0.525466 0.00297648 5.91207e-08 1
0.1 0.15 0.45 0.115712 0.180901 6.28478 0.469667 0.587278 0.00077583 1.80106e-08 1 0.115712 0.180901 6.28478 0.469667 0.332421 0.000508555 8.62542e-09 1
0.1 0.15 0.5 0.118864 0.173739 6.10035 0.525379 0.475922 0.000397745 9.12016e-09 1 0.118864 0.173739 6.10035 0.525379 0.241046 0.00017796 4.4508e-09 1
0.1 0.15 0.55 0.115603 0.169483 5.84401 0.570953 0.372588 0.000317258 6.83549e-09 1 0.115603 0.169483 5.84401 0.570953 0.198606 0.000166835 3.59371e-09 1
0.1 0.15 0.6 0.11918 0.173036 6.16712 0.63294 0.262502 0.000184774 4.0932e-09 1 0.11918 0.173036 6.16712 0.63294 0.123163 8.07063e-05 1.79141e-09 1
0.1 0.15 0.65 0.118291 0.178153 6.26679 0.675927 0.197565 0.000150564 3.13827e-09 1 0.118291 0.178153 6.26679 0.675927 0.108593 9.47069e-05 1.6755e-09 1
0.1 0.15 0.7 0.113408 0.172957 5.95011 0.722363 0.161149 0.000123047 2.69072e-09 1 0.113408 0.172957 5.95011 0.722363 0.0741854 5.92407e-05 1.01696e-09 1
0.1 0.15 0.75 0.113356 0.170577 5.7341 0.815918 0.148973 6.71901e-05 1.63528e-09 1 0.113356 0.170577 5.7341 0.815918 0.0504326 1.99193e-05 3.84059e-10 1
0.1 0.2 0.2 0 0 0 0 0 0 0 0 0 0 0 0 0 0 0 0
0.1 0.2 0.25 0 0 0 0 2.5928 0.111075 4.69097e-06 1 0 0 0 0 2.215 0.141682 3.48277e-06 1
0.1 0.2 0.3 0.1202 0.274909 9.88196 0.325073 1.51086 0.00327498 7.11965e-08 1 0.1202 0.274909 9.88196 0.325073 0.958024 0.00195984 3.88387e-08 1
0.1 0.2 0.35 0.118615 0.25583 9.06198 0.376926 1.15827 0.00125017 2.5489e-08 1 0.118615 0.25583 9.06198 0.376926 0.70751 0.000846558 1.38759e-08 1
0.1 0.2 0.4 0.114123 0.255557 8.64475 0.422625 0.865751 0.000665477 1.50317e-08 1 0.114123 0.255557 8.64475 0.422625 0.464857 0.000387869 6.34667e-09 1
0.1 0.2 0.45 0.11577 0.247249 8.45208 0.475112 0.662483 0.000566135 1.14891e-08 1 0.11577 0.247249 8.45208 0.475112 0.340172 0.000270304 4.99187e-09 1
0.1 0.2 0.5 0.108985 0.238344 7.69653 0.523502 0.493143 0.000420796 9.02614e-09 1 0.108985 0.238344 7.69653 0.523502 0.246564 0.000194426 3.4664e-09 1
0.1 0.2 0.55 0.113495 0.245918 8.21363 0.5674 0.359452 0.000242731 6.14143e-09 1 0.113495 0.245918 8.21363 0.5674 0.170077 0.000133281 2.03076e-09 1
0.1 0.2 0.6 0.120825 0.230915 8.24038 0.62375 0.27054 0.000190263 4.97379e-09 1 0.120825 0.230915 8.24038 0.62375 0.135894 0.000131042 1.90207e-09 1
0.1 0.2 0.65 0.118658 0.230257 8.35577 0.669177 0.210978 0.000167917 3.41333e-09 1 0.118658 0.230257 8.35577 0.669177 0.0815709 5.19132e-05 9.85948e-10 1
0.1 0.2 0.7 0.11538 0.25089 8.67801 0.722159 0.148683 0.000118999 2.31971e-09 1 0.11538 0.25089 8.67801 0.722159 0.0664851 5.36007e-05 9.38258e-10 1
0.1 0.2 0.75 0.124702 0.237152 8.86974 0.796127 0.105383 3.86264e-05 1.0159e-09 1 0.124702 0.237152 8.86974 0.796127 0.0504128 2.51927e-05 4.37493e-10 1
0.1 0.3 0.2 0.11893 0.428013 15.256 0.222132 2.94915 0.00658204 1.20322e-07 1 0.11893 0.428013 15.256 0.222132 2.17102 0.00479826 7.57314e-08 1
0.1 0.3 0.25 0.116823 0.378027 13.1759 0.273431 2.0816 0.00222197 4.2795e-08 1 0.116823 0.378027 13.1759 0.273431 1.46654 0.00163917 2.58455e-08 1
0.1 0.3 0.3 0.116998 0.374816 12.9931 0.32408 1.5449 0.00166052 3.1426e-08 1 0.116998 0.374816 12.9931 0.32408 0.937512 0.000938697 1.52555e-08 1
0.1 0.3 0.35 0.118482 0.381878 13.4188 0.369253 1.13516 0.00120518 2.23231e-08 1 0.118482 0.381878 13.4188 0.369253 0.715714 0.000851917 1.17362e-08 1
0.1 0.3 0.4 0.117928 0.380417 13.3069 0.425807 0.840018 0.000849454 1.63988e-08 1 0.117928 0.380417 13.3069 0.425807 0.421196 0.000466851 5.8038e-09 1
0.1 0.3 0.45 0.118978 0.376761 13.2957 0.467286 0.637912 0.000744052 1.34118e-08 1 0.118978 0.376761 13.2957 0.467286 0.320026 0.000356078 4.86213e-09 1
0.1 0.3 0.5 0.118501 0.36635 12.7351 0.527745 0.460807 0.000633378 1.00786e-08 1 0.118501 0.36635 12.7351 0.527745 0.204576 0.000214376 3.21345e-09 1
0.1 0.3 0.55 0.112497 0.333943 11.2348 0.579637 0.348089 0.000611379 9.38542e-09 1 0.112497 0.333943 11.2348 0.579637 0.149876 0.000230964 2.65187e-09 1
0.1 0.3 0.6 0.123361 0.330614 11.8811 0.621846 0.271124 0.000538906 9.62885e-09 1 0.123361 0.330614 11.8811 0.621846 0.101392 0.000162844 2.15091e-09 1
0.1 0.3 0.65 0.110188 0.329615 10.8942 0.680273 0.157876 0.000363836 6.26859e-09 1 0.110188 0.329615 10.8942 0.680273 0.0962672 0.000318894 3.93522e-09 1
0.1 0.3 0.7 0.107454 0.326919 10.2721 0.72851 0.120508 0.000304471 8.91863e-09 1 0.107454 0.326919 10.2721 0.72851 0.0615423 0.000117123 4.80081e-09 1
0.1 0.3 0.75 0 0 0 0 0.125078 0.00555921 1.29585e-07 1 0 0 0 0 0.0492585 0.000627964 5.59412e-08 1
0.1 0.5 0.2 0.119559 0.58992 20.7684 0.222962 3.05907 0.00871788 1.37627e-07 1 0.119559 0.58992 20.7684 0.222962 2.49032 0.00783251 1.00185e-07 1
0.1 0.5 0.25 0.12084 0.583314 20.9686 0.274697 2.25129 0.00643012 1.07189e-07 1 0.12084 0.583314 20.9686 0.274697 1.56489 0.00477137 6.42426e-08 1
0.1 0.5 0.3 0.115836 0.574022 19.8261 0.319969 1.49804 0.00395629 7.81253e-08 1 0.115836 0.574022 19.8261 0.319969 1.0402 0.00333866 4.25632e-08 1
0.1 0.5 0.35 0.12005 0.559527 19.8403 0.375129 1.21596 0.00497967 1.00839e-07 1 0.12005 0.559527 19.8403 0.375129 0.705432 0.00324044 3.4291e-08 1
0.1 0.5 0.4 0.110179 0.533723 17.5718 0.423723 0.914945 0.00774371 1.30872e-07 1 0.110179 0.533723 17.5718 0.423723 0.560865 0.00507916 7.67382e-08 1
0.1 0.5 0.45 0 0 0 0 0.700054 0.0268222 1.11335e-06 1 0 0 0 0 0.871287 0.214935 3.15969e-06 1
0.1 0.5 0.5 0 0 0 0 0 0 0 0 0 0 0 0 0 0 0 0
0.1 0.5 0.55 0 0 0 0 0 0 0 0 0 0 0 0 0 0 0 0
0.1 0.5 0.6 0 0 0 0 0 0 0 0 0 0 0 0 0 0 0 0
0.1 0.5 0.65 0 0 0 0 0 0 0 0 0 0 0 0 0 0 0 0
0.1 0.5 0.7 0 0 0 0 0 0 0 0 0 0 0 0 0 0 0 0
0.1 0.5 0.75 0 0 0 0 0 0 0 0 0 0 0 0 0 0 0 0
0.14 0.1 0.2 0 0 0 0 0 0 0 0 0 0 0 0 0 0 0 0
0.14 0.1 0.25 0 0 0 0 0 0 0 0 0 0 0 0 0 0 0 0
0.14 0.1 0.3 0 0 0 0 0 0 0 0 0 0 0 0 0 0 0 0
0.14 0.1 0.35 0 0 0 0 0 0 0 0 0 0 0 0 0 0 0 0
0.14 0.1 0.4 0 0 0 0 0 0 0 0 0 0 0 0 0 0 0 0
0.14 0.1 0.45 0 0 0 0 0 0 0 0 0 0 0 0 0 0 0 0
0.14 0.1 0.5 0.140815 0.147582 6.42231 0.546805 0.338298 0.0127178 3.96908e-07 1 0.140815 0.147582 6.42231 0.546805 0.319118 0.0129335 5.49825e-07 1
0.14 0.1 0.55 0.166783 0.147831 7.30295 0.58106 0.340119 0.00166257 5.00737e-08 1 0.166783 0.147831 7.30295 0.58106 0.204152 0.00157236 3.34327e-08 1
0.14 0.1 0.6 0.143408 0.137829 5.8782 0.611187 0.326584 0.00117185 1.9103e-08 1 0.143408 0.137829 5.8782 0.611187 0.135712 0.000451899 7.31747e-09 1
0.14 0.1 0.65 0.158035 0.136433 6.50555 0.686965 0.19913 0.000359484 6.22688e-09 1 0.158035 0.136433 6.50555 0.686965 0.0948952 0.000200079 3.20483e-09 1
0.14 0.1 0.7 0.148388 0.130277 5.8188 0.722222 0.163515 0.000298769 3.19634e-09 1 0.148388 0.130277 5.8188 0.722222 0.0930443 0.000174561 2.84287e-09 1
0.14 0.1 0.75 0.155034 0.113907 5.32017 0.80292 0.165215 0.000152017 2.03208e-09 1 0.155034 0.113907 5.32017 0.80292 0.0524328 3.15565e-05 5.61101e-10 1
0.14 0.15 0.2 0 0 0 0 0 0 0 0 0 0 0 0 0 0 0 0
0.14 0.15 0.25 0 0 0 0 0 0 0 0 0 0 0 0 0 0 0 0
0.14 0.15 0.3 0 0 0 0 0 0 0 0 0 0 0 0 0 0 0 0
0.14 0.15 0.35 0 0 0 0 0 0 0 0 0 0 0 0 0 0 0 0
0.14 0.15 0.4 0.157658 0.192086 9.18203 0.445078 0.715161 0.00486276 1.63766e-07 1 0.157658 0.192086 9.18203 0.445078 0.563796 0.0105153 1.68875e-07 1
0.14 0.15 0.45 0.156666 0.184739 8.60604 0.464824 0.587611 0.00168597 4.6144e-08 1 0.156666 0.184739 8.60604 0.464824 0.286321 0.000916447 1.41861e-08 1
0.14 0.15 0.5 0.15393 0.184738 8.2791 0.532472 0.469167 0.00107976 1.91165e-08 1 0.15393 0.184738 8.2791 0.532472 0.205178 0.000419865 7.27488e-09 1
0.14 0.15 0.55 0.153699 0.164356 7.4711 0.578204 0.385829 0.000880455 1.44097e-08 1 0.153699 0.164356 7.4711 0.578204 0.168454 0.00037253 5.7769e-09 1
0.14 0.15 0.6 0 0 0 0 0.225384 0.000365302 5.80728e-09 1 0 0 0 0 0.12267 0.000283757 4.18674e-09 1
0.14 0.15 0.65 0.153895 0.176988 7.99815 0.67015 0.232697 0.000523575 7.92795e-09 1 0.153895 0.176988 7.99815 0.67015 0.0847561 0.000167196 2.48843e-09 1
0.14 0.15 0.7 0.16998 0.168076 8.6288 0.71697 0.126209 0.000147348 3.70234e-09 1 0.16998 0.168076 8.6288 0.71697 0.0679963 0.000177236 2.75877e-09 1
0.14 0.15 0.75 0.17351 0.168055 9.05972 0.834679 0.0947292 6.16985e-05 1.49474e-09 1 0.17351 0.168055 9.05972 0.834679 0.0357199 2.94951e-05 4.70545e-10 1
0.14 0.2 0.2 0 0 0 0 0 0 0 0 0 0 0 0 0 0 0 0
0.14 0.2 0.25 0 0 0 0 1.97865 0.106735 6.24422e-06 1 0 0 0 0 1.78986 0.192598 7.20891e-06 1
0.14 0.2 0.3 0.161311 0.270312 13.2962 0.325015 1.5464 0.00692075 1.50829e-07 1 0.161311 0.270312 13.2962 0.325015 0.971648 0.00464589 8.7156e-08 1
0.14 0.2 0.35 0.155558 0.255009 11.7842 0.376728 1.16437 0.00298682 5.12129e-08 1 0.155558 0.255009 11.7842 0.376728 0.61217 0.00130095 2.50169e-08 1
0.14 0.2 0.4 0.156542 0.239152 11.2503 0.420387 0.812972 0.00147347 2.64374e-08 1 0.156542 0.239152 11.2503 0.420387 0.446933 0.000824417 1.34331e-08 1
0.14 0.2 0.45 0.153453 0.240872 10.8494 0.464108 0.619412 0.00100543 2.16507e-08 1 0.153453 0.240872 10.8494 0.464108 0.292252 0.000496404 7.66924e-09 1
0.14 0.2 0.5 0.15327 0.249903 11.1816 0.519775 0.443258 0.000657663 1.43156e-08 1 0.15327 0.249903 11.1816 0.519775 0.170044 0.000227437 3.5669e-09 1
0.14 0.2 0.55 0.145191 0.22542 10.002 0.579362 0.390158 0.000678852 1.37209e-08 1 0.145191 0.22542 10.002 0.579362 0.134566 0.00018966 3.21179e-09 1
0.14 0.2 0.6 0.153849 0.219524 10.0512 0.613267 0.299928 0.000440717 1.3053e-08 1 0.153849 0.219524 10.0512 0.613267 0.12506 0.000312158 3.9187e-09 1
0.14 0.2 0.65 0.152409 0.247729 11.3206 0.677517 0.219379 0.000385242 8.18849e-09 1 0.152409 0.247729 11.3206 0.677517 0.0721951 0.000105257 1.71221e-09 1
0.14 0.2 0.7 0 0 0 0 0.136031 0.000248934 4.41168e-09 1 0 0 0 0 0.0423479 5.99122e-05 9.80281e-10 1
0.14 0.2 0.75 0.149177 0.248913 11.2338 0.821975 0.127768 0.000115951 2.72888e-09 1 0.149177 0.248913 11.2338 0.821975 0.0349727 2.65981e-05 5.97809e-10 1
0.14 0.3 0.2 0.159633 0.415669 19.8363 0.22426 3.02175 0.0125472 2.41551e-07 1 0.159633 0.415669 19.8363 0.22426 2.12681 0.00935283 1.48756e-07 1
0.14 0.3 0.25 0.156624 0.385044 17.9408 0.27189 2.09872 0.00460285 8.45122e-08 1 0.156624 0.385044 17.9408 0.27189 1.33294 0.00295301 4.28059e-08 1
0.14 0.3 0.3 0.15926 0.389615 18.3018 0.316843 1.55764 0.00312313 5.99412e-08 1 0.15926 0.389615 18.3018 0.316843 0.890199 0.00158551 2.82786e-08 1
0.14 0.3 0.35 0.153587 0.360599 16.3691 0.380238 1.0187 0.00190483 3.63512e-08 1 0.153587 0.360599 16.3691 0.380238 0.610343 0.0012817 1.70864e-08 1
0.14 0.3 0.4 0.154828 0.404207 18.6806 0.431948 0.898253 0.00185635 4.01627e-08 1 0.154828 0.404207 18.6806 0.431948 0.380828 0.000839365 9.44639e-09 1
0.14 0.3 0.45 0.160852 0.391124 18.5623 0.477772 0.597696 0.0011472 2.21501e-08 1 0.160852 0.391124 18.5623 0.477772 0.318186 0.00061454 9.49629e-09 1
0.14 0.3 0.5 0.160709 0.385339 18.0891 0.519111 0.516003 0.00123143 2.55303e-08 1 0.160709 0.385339 18.0891 0.519111 0.223851 0.00052284 7.85521e-09 1
0.14 0.3 0.55 0.150456 0.368543 16.7934 0.568727 0.320038 0.000866545 1.25306e-08 1 0.150456 0.368543 16.7934 0.568727 0.13695 0.0003101 5.24694e-09 1
0.14 0.3 0.6 0.165003 0.325927 16.1072 0.615997 0.278957 0.000962776 2.47594e-08 1 0.165003 0.325927 16.1072 0.615997 0.079709 0.000340894 3.15345e-09 1
0.14 0.3 0.65 0.153189 0.323097 14.9614 0.675487 0.296503 0.00248083 4.03718e-08 1 0.153189 0.323097 14.9614 0.675487 0.0832364 0.000542889 4.53939e-09 1
0.14 0.3 0.7 0.150526 0.302919 14.1937 0.705443 0.202828 0.00140896 3.42699e-08 1 0.150526 0.302919 14.1937 0.705443 0.0629579 0.000292942 9.13213e-09 1
0.14 0.3 0.75 0 0 0 0 0.0686484 0.00162531 1.38737e-07 1 0 0 0 0 0.0167426 0.000293802 4.10944e-08 1
0.14 0.5 0.2 0.158404 0.567253 26.4956 0.218131 3.1456 0.01714 2.93743e-07 1 0.158404 0.567253 26.4956 0.218131 2.23115 0.0140354 1.7979e-07 1
0.14 0.5 0.25 0.162841 0.606518 29.6082 0.277172 2.24286 0.0136748 1.97812e-07 1 0.162841 0.606518 29.6082 0.277172 1.71163 0.012229 1.46104e-07 1
0.14 0.5 0.3 0.161691 0.5674 27.4662 0.321106 1.79979 0.0134022 1.65981e-07 1 0.161691 0.5674 27.4662 0.321106 0.885349 0.00549054 6.99275e-08 1
0.14 0.5 0.35 0.159854 0.561248 26.516 0.379689 1.18472 0.00983137 1.7039e-07 1 0.159854 0.561248 26.516 0.379689 0.69513 0.00690485 5.85102e-08 1
0.14 0.5 0.4 0.171444 0.528215 26.7093 0.417797 0.909051 0.015719 2.79852e-07 1 0.171444 0.528215 26.7093 0.417797 0.401711 0.00286173 8.7826e-08 1
0.14 0.5 0.45 0 0 0 0 0.633978 0.0270116 2.55036e-06 1 0 0 0 0 0.335623 0.0113547 8.73738e-07 1
0.14 0.5 0.5 0 0 0 0 0 0 0 0 0 0 0 0 0 0 0 0
0.14 0.5 0.55 0 0 0 0 0 0 0 0 0 0 0 0 0 0 0 0
0.14 0.5 0.6 0 0 0 0 0 0 0 0 0 0 0 0 0 0 0 0
0.14 0.5 0.65 0 0 0 0 0 0 0 0 0 0 0 0 0 0 0 0
0.14 0.5 0.7 0 0 0 0 0 0 0 0 0 0 0 0 0 0 0 0
0.14 0.5 0.75 0 0 0 0 0 0 0 0 0 0 0 0 0 0 0 0
0.18 0.1 0.2 0 0 0 0 0 0 0 0 0 0 0 0 0 0 0 0
0.18 0.1 0.25 0 0 0 0 0 0 0 0 0 0 0 0 0 0 0 0
0.18 0.1 0.3 0 0 0 0 0 0 0 0 0 0 0 0 0 0 0 0
0.18 0.1 0.35 0 0 0 0 0 0 0 0 0 0 0 0 0 0 0 0
0.18 0.1 0.4 0 0 0 0 0 0 0 0 0 0 0 0 0 0 0 0
0.18 0.1 0.45 0 0 0 0 0 0 0 0 0 0 0 0 0 0 0 0
0.18 0.1 0.5 0 0 0 0 0.424911 0.0168434 1.3987e-06 1 0 0 0 0 0.230906 0.00950778 8.13808e-07 1
0.18 0.1 0.55 0 0 0 0 0.255823 0.00123105 4.42438e-08 1 0 0 0 0 0.113578 0.000578574 1.57233e-08 1
0.18 0.1 0.6 0.180833 0.141933 8.19881 0.647681 0.279492 0.00118488 1.68063e-08 1 0.180833 0.141933 8.19881 0.647681 0.127361 0.00038954 9.84968e-09 1
0.18 0.1 0.65 0.216212 0.129114 8.247 0.66681 0.191737 0.000419556 8.92321e-09 1 0.216212 0.129114 8.247 0.66681 0.0696438 0.000154964 2.58104e-09 1
0.18 0.1 0.7 0.242805 0.127966 9.0299 0.71501 0.167016 0.00034098 5.99444e-09 1 0.242805 0.127966 9.0299 0.71501 0.0615549 0.000103273 2.56115e-09 1
0.18 0.1 0.75 0.236866 0.111717 7.9311 0.76305 0.156855 0.000219235 3.15786e-09 1 0.236866 0.111717 7.9311 0.76305 0.0460371 5.08786e-05 8.08887e-10 1
0.18 0.15 0.2 0 0 0 0 0 0 0 0 0 0 0 0 0 0 0 0
0.18 0.15 0.25 0 0 0 0 0 0 0 0 0 0 0 0 0 0 0 0
0.18 0.15 0.3 0 0 0 0 0 0 0 0 0 0 0 0 0 0 0 0
0.18 0.15 0.35 0 0 0 0 0 0 0 0 0 0 0 0 0 0 0 0
0.18 0.15 0.4 0.202176 0.189989 12.2053 0.448347 0.820728 0.006299 2.46679e-07 1 0.202176 0.189989 12.2053 0.448347 0.490532 0.00836277 1.46775e-07 1
0.18 0.15 0.45 0.230208 0.180515 12.7851 0.46841 0.539492 0.00183799 3.81417e-08 1 0.230208 0.180515 12.7851 0.46841 0.254682 0.000954583 1.66542e-08 1
0.18 0.15 0.5 0.209413 0.183937 11.6282 0.518637 0.469238 0.00109369 2.15427e-08 1 0.209413 0.183937 11.6282 0.518637 0.243406 0.000707337 1.0975e-08 1
0.18 0.15 0.55 0.262665 0.177807 14.325 0.560932 0.325825 0.000499103 1.26414e-08 1 0.262665 0.177807 14.325 0.560932 0.157178 0.000276447 5.64757e-09 1
0.18 0.15 0.6 0.257657 0.163322 13.0007 0.61375 0.258729 0.000452625 1.00397e-08 1 0.257657 0.163322 13.0007 0.61375 0.0871516 0.000174057 2.24801e-09 1
0.18 0.15 0.65 0.21744 0.172991 11.3896 0.67249 0.223695 0.000487915 9.22302e-09 1 0.21744 0.172991 11.3896 0.67249 0.0603398 6.26233e-05 1.68419e-09 1
0.18 0.15 0.7 0.215932 0.196422 12.675 0.708416 0.14524 0.00024584 5.27273e-09 1 0.215932 0.196422 12.675 0.708416 0.0596163 0.000106618 2.21097e-09 1
0.18 0.15 0.75 0.195675 0.176586 10.7275 0.802717 0.153895 0.00022829 3.36982e-09 1 0.195675 0.176586 10.7275 0.802717 0.0280202 2.16487e-05 4.13781e-10 1
0.18 0.2 0.2 0 0 0 0 0 0 0 0 0 0 0 0 0 0 0 0
0.18 0.2 0.25 0.237877 0.297866 22.3035 0.2845 2.22241 0.0955444 8.11903e-06 1 0.237877 0.297866 22.3035 0.2845 1.99581 0.178256 6.45957e-06 1
0.18 0.2 0.3 0.225788 0.272659 18.5558 0.3221 1.38721 0.00535429 1.19178e-07 1 0.225788 0.272659 18.5558 0.3221 0.913909 0.00355802 6.86853e-08 1
0.18 0.2 0.35 0.232017 0.258896 18.0991 0.373981 1.04092 0.00188688 4.55397e-08 1 0.232017 0.258896 18.0991 0.373981 0.582044 0.00111119 2.04217e-08 1
0.18 0.2 0.4 0.260579 0.244009 18.6153 0.425781 0.783216 0.00118295 2.6002e-08 1 0.260579 0.244009 18.6153 0.425781 0.382472 0.0005608 1.01222e-08 1
0.18 0.2 0.45 0.22346 0.250779 16.7016 0.473256 0.593875 0.000841379 1.97125e-08 1 0.22346 0.250779 16.7016 0.473256 0.221592 0.000242817 5.18003e-09 1
0.18 0.2 0.5 0.274363 0.243997 20.105 0.525532 0.441544 0.000642424 1.38485e-08 1 0.274363 0.243997 20.105 0.525532 0.197255 0.000325013 4.65601e-09 1
0.18 0.2 0.55 0.212973 0.280668 18.3282 0.582605 0.296272 0.000341629 8.99824e-09 1 0.212973 0.280668 18.3282 0.582605 0.108222 9.86251e-05 2.26536e-09 1
0.18 0.2 0.6 0.219508 0.23054 14.9452 0.613718 0.259744 0.000242073 1.03918e-08 1 0.219508 0.23054 14.9452 0.613718 0.11555 0.000254049 3.61518e-09 1
0.18 0.2 0.65 0.198486 0.219468 13.1377 0.676875 0.199341 0.000269854 6.49578e-09 1 0.198486 0.219468 13.1377 0.676875 0.0680774 0.000101429 1.92955e-09 1
0.18 0.2 0.7 0.255595 0.272085 20.0676 0.743679 0.146303 0.000160069 5.12135e-09 1 0.255595 0.272085 20.0676 0.743679 0.0489065 5.57803e-05 1.08248e-09 1
0.18 0.2 0.75 0.313511 0.273985 27.0362 0.789931 0.0898316 6.27091e-05 1.45057e-09 1 0.313511 0.273985 27.0362 0.789931 0.0245556 1.14471e-05 2.80858e-10 1
0.18 0.3 0.2 0.252047 0.425598 31.9053 0.223051 2.91942 0.00822577 1.94649e-07 1 0.252047 0.425598 31.9053 0.223051 1.94762 0.00532835 1.17575e-07 1
0.18 0.3 0.25 0.269092 0.396582 31.6732 0.275474 1.96507 0.00285048 6.37355e-08 1 0.269092 0.396582 31.6732 0.275474 1.33057 0.00203112 3.96596e-08 1
0.18 0.3 0.3 0.239598 0.399429 28.0126 0.321871 1.46858 0.00188185 4.96612e-08 1 0.239598 0.399429 28.0126 0.321871 0.897813 0.00136353 2.35184e-08 1
0.18 0.3 0.35 0.245395 0.364001 26.35 0.373064 1.16026 0.00163763 4.01107e-08 1 0.245395 0.364001 26.35 0.373064 0.579413 0.000862492 1.47538e-08 1
0.18 0.3 0.4 0.260526 0.399131 31.104 0.416476 0.921675 0.00157968 3.38137e-08 1 0.260526 0.399131 31.104 0.416476 0.388297 0.000553197 8.79122e-09 1
0.18 0.3 0.45 0.256881 0.376251 28.2991 0.474322 0.640976 0.00105826 2.37304e-08 1 0.256881 0.376251 28.2991 0.474322 0.267115 0.000364272 5.90391e-09 1
0.18 0.3 0.5 0.243524 0.37856 27.5445 0.524559 0.421325 0.000610242 1.69101e-08 1 0.243524 0.37856 27.5445 0.524559 0.169422 0.000290524 3.58566e-09 1
0.18 0.3 0.55 0.224898 0.352726 24.1468 0.569934 0.346129 0.000647165 1.58814e-08 1 0.224898 0.352726 24.1468 0.569934 0.135748 0.000253344 4.09844e-09 1
0.18 0.3 0.6 0.23682 0.335593 23.5732 0.6243 0.275896 0.000678742 1.62687e-08 1 0.23682 0.335593 23.5732 0.6243 0.0965348 0.000272617 3.58717e-09 1
0.18 0.3 0.65 0.377237 0.315809 36.6741 0.658437 0.165813 0.000414302 1.77127e-08 1 0.377237 0.315809 36.6741 0.658437 0.0653866 0.000289632 2.91218e-09 1
0.18 0.3 0.7 0.370454 0.302718 34.1372 0.723554 0.105034 0.000240466 1.38176e-08 1 0.370454 0.302718 34.1372 0.723554 0.0351631 8.403e-05 2.59395e-09 1
0.18 0.3 0.75 0 0 0 0 0.0780057 0.00126923 1.06669e-07 1 0 0 0 0 0.0209892 0.000250123 8.42002e-08 1
0.18 0.5 0.2 0.250971 0.56697 42.8625 0.220113 3.19213 0.0129247 2.22649e-07 1 0.250971 0.56697 42.8625 0.220113 2.23223 0.0091482 1.42712e-07 1
0.18 0.5 0.25 0.226721 0.574838 38.5628 0.271361 2.46828 0.0101489 2.01454e-07 1 0.226721 0.574838 38.5628 0.271361 1.40066 0.00588794 9.51467e-08 1
0.18 0.5 0.3 0.258168 0.62514 46.9655 0.32822 1.6181 0.00667545 1.20744e-07 1 0.258168 0.62514 46.9655 0.32822 0.985682 0.00485313 6.06173e-08 1
0.18 0.5 0.35 0.238376 0.57383 40.4477 0.377926 1.42054 0.00958924 1.64702e-07 1 0.238376 0.57383 40.4477 0.377926 0.676566 0.00362803 6.22959e-08 1
0.18 0.5 0.4 0.205238 0.516852 30.3288 0.441922 0.80945 0.00582812 1.97657e-07 1 0.205238 0.516852 30.3288 0.441922 0.39866 0.00483699 6.60223e-08 1
0.18 0.5 0.45 0 0 0 0 0.687645 0.0371562 1.46749e-06 1 0 0 0 0 0.310702 0.00815883 6.21464e-07 1
0.18 0.5 0.5 0 0 0 0 0 0 0 0 0 0 0 0 0 0 0 0
0.18 0.5 0.55 0 0 0 0 0 0 0 0 0 0 0 0 0 0 0 0
0.18 0.5 0.6 0 0 0 0 0 0 0 0 0 0 0 0 0 0 0 0
0.18 0.5 0.65 0 0 0 0 0 0 0 0 0 0 0 0 0 0 0 0
0.18 0.5 0.7 0 0 0 0 0 0 0 0 0 0 0 0 0 0 0 0
0.18 0.5 0.75 0 0 0 0 0 0 0 0 0 0 0 0 0 0 0 0 
