0 0 0 2.57471 0.00315101 2.66081 0.00337472 2.59495 0.00317328 2.38352 0.00286824
0 0 1 1.73016 0.00219819 1.67985 0.00220451 1.91013 0.00239727 1.64836 0.00203225
0 0 2 1.38256 0.00186031 1.38893 0.001926 1.35133 0.00179479 1.17947 0.00153867
0 0 3 0.949641 0.00165396 0.875802 0.00158211 0.844215 0.00144863 0.960762 0.00162252
0 0 4 0.532464 0.00138272 0.594456 0.00156291 0.693472 0.00169453 0.630824 0.00153817
0 0 5 0.417427 0.00170545 0.469743 0.00192639 0.448595 0.00180577 0.384802 0.00146306
0 0 6 0.215128 0.00139453 0.277501 0.00169801 0.491657 0.00297985 0.458606 0.00259289
0 0 7 0.0590218 0.000695745 0.216228 0.00232427 0.216777 0.00212119 0.633701 0.00667603
0 0 8 0.218084 0.00472351 0.111353 0.00247288 0.108728 0.00235681 0.21367 0.0045301
0 0 9 0.525462 0.0685649 0 0 0.643275 0.0505596 0.450071 0.0398637
0 0 10 0 0 0 0 0 0 0 0
0 0 11 0 0 0 0 0 0 0 0
1 0 0 2.66198 0.00325258 2.85825 0.00357873 2.88181 0.003494 2.63418 0.00315464
1 0 1 1.99708 0.00252675 2.11046 0.00273552 1.99212 0.00249423 1.94613 0.0023977
1 0 2 1.59582 0.00213304 1.38203 0.00190066 1.38 0.00183217 1.33755 0.0017449
1 0 3 1.16981 0.00201136 0.933911 0.00166665 1.12903 0.00189932 0.871636 0.00147063
1 0 4 0.80191 0.00206669 0.702577 0.00188659 0.644508 0.00160428 0.524816 0.00128971
1 0 5 0.545366 0.0022541 0.66666 0.00275911 0.441203 0.00177929 0.584248 0.00228099
1 0 6 0.517387 0.00314008 0.499953 0.00300482 0.397088 0.00232602 0.333323 0.0018324
1 0 7 0.142723 0.0016912 0.405054 0.00438421 0.292585 0.00314351 0.374416 0.00395975
1 0 8 0.0868075 0.0018794 0.464092 0.0101121 0.28394 0.00615205 0.196469 0.00426085
1 0 9 0 0 0 0 0.207669 0.0214844 0 0
1 0 10 0 0 0 0 0 0 0 0
1 0 11 0 0 0 0 0 0 0 0
0 1 0 2.72564 0.00263224 2.78852 0.00263827 2.69819 0.0024978 2.50799 0.00229635
0 1 1 1.71443 0.00116247 1.72847 0.00115879 1.65985 0.0010764 1.65428 0.00103945
0 1 2 1.2916 0.000715469 1.2903 0.000710067 1.20072 0.000637998 1.15717 0.000590195
0 1 3 0.910586 0.000493135 0.838442 0.000448322 0.934017 0.000486644 0.817524 0.000408945
0 1 4 0.627245 0.000348599 0.589974 0.000322787 0.590677 0.000314684 0.58949 0.000301088
0 1 5 0.49999 0.000301652 0.5137 0.000308725 0.449106 0.000261604 0.446604 0.00024456
0 1 6 0.386009 0.000249936 0.397848 0.000253755 0.347826 0.000219969 0.366788 0.000215414
0 1 7 0.252822 0.000178985 0.281602 0.000200265 0.257301 0.000176041 0.253242 0.000160954
0 1 8 0.217896 0.000169744 0.208277 0.000158032 0.237472 0.000171419 0.227916 0.000156048
0 1 9 0.15689 0.000131572 0.160088 0.000136534 0.171461 0.000139584 0.156288 0.000114653
0 1 10 0.128838 0.000120489 0.117706 0.000109675 0.0896874 7.95794e-05 0.0859683 6.99045e-05
0 1 11 0.0565336 2.96928e-05 0.085042 4.38107e-05 0.075495 3.86339e-05 0.0868049 5.28345e-05
1 1 0 2.91227 0.002777 2.84046 0.00267422 2.97669 0.00271888 2.73089 0.00246225
1 1 1 2.05341 0.00137579 2.1132 0.00140067 2.10881 0.0013494 1.97404 0.00122496
1 1 2 1.4559 0.000796244 1.43787 0.000783227 1.52072 0.000800717 1.47366 0.000743037
1 1 3 1.15441 0.000621782 1.15259 0.000611631 1.09898 0.000568204 1.0835 0.000537321
1 1 4 0.917069 0.000504751 0.840677 0.000458386 0.781928 0.000417071 0.775037 0.000392642
1 1 5 0.675014 0.00040576 0.615863 0.000371303 0.579891 0.000336789 0.55078 0.000303687
1 1 6 0.491558 0.000322713 0.482686 0.000316086 0.444696 0.000283245 0.450428 0.000270148
1 1 7 0.40202 0.000283168 0.426106 0.000302989 0.389332 0.000263786 0.339646 0.000216452
1 1 8 0.298829 0.000236004 0.27455 0.000214123 0.250573 0.000186931 0.291268 0.000204124
1 1 9 0.245483 0.000209294 0.230457 0.000203778 0.234886 0.000196887 0.261636 0.000199941
1 1 10 0.201982 0.000193632 0.220252 0.000211404 0.146409 0.000135005 0.221828 0.000194065
1 1 11 0.123989 7.12715e-05 0.101335 5.74302e-05 0.148079 8.24977e-05 0.130105 8.24545e-05
0 2 0 2.43565 0.00627487 2.74682 0.00658603 2.50661 0.00584194 2.38831 0.0053474
0 2 1 1.85358 0.00318702 1.8702 0.00302146 1.6501 0.00257468 1.80735 0.00278293
0 2 2 1.38093 0.00174536 1.30569 0.00158076 1.1388 0.00132808 1.1276 0.00128642
0 2 3 0.874538 0.000930735 0.812462 0.000828404 0.871951 0.000854742 0.809598 0.000772312
0 2 4 0.648989 0.000603773 0.585302 0.000528232 0.615875 0.000528681 0.548657 0.000452169
0 2 5 0.569383 0.000475891 0.515589 0.000416222 0.432485 0.000335477 0.503974 0.000372957
0 2 6 0.417996 0.000319442 0.33959 0.000255448 0.371712 0.000263604 0.335836 0.000225085
0 2 7 0.298117 0.000216659 0.276192 0.000192883 0.248796 0.000166882 0.292008 0.000186801
0 2 8 0.197903 0.000139492 0.21662 0.000149942 0.175608 0.000115705 0.194442 0.000119857
0 2 9 0.121854 8.10879e-05 0.16612 0.000110767 0.133856 8.41131e-05 0.125627 7.45416e-05
0 2 10 0.122997 8.4222e-05 0.141986 9.66674e-05 0.0936262 6.09521e-05 0.0896075 5.39211e-05
0 2 11 0.0688645 2.11381e-05 0.0903963 2.7426e-05 0.0705248 2.00104e-05 0.0872367 2.46112e-05
1 2 0 2.93416 0.00737398 2.92146 0.00694185 3.2223 0.00724505 2.50916 0.00554377
1 2 1 2.25568 0.00380254 2.27127 0.00357711 2.2703 0.00343116 1.99609 0.00302674
1 2 2 1.41465 0.00178094 1.54299 0.0018446 1.4174 0.00163679 1.29429 0.00145523
1 2 3 1.13359 0.00119795 1.12519 0.00113366 1.04806 0.00102657 1.14414 0.0010811
1 2 4 0.928507 0.000840313 0.825784 0.000727379 0.697382 0.000588824 0.852043 0.000691855
1 2 5 0.63906 0.000529878 0.715068 0.000572555 0.658896 0.000506253 0.637515 0.000466609
1 2 6 0.520646 0.000394105 0.55899 0.000414089 0.541103 0.000380524 0.442802 0.000296741
1 2 7 0.377219 0.000274868 0.397885 0.00028043 0.412292 0.00027982 0.358522 0.000233028
1 2 8 0.313576 0.000222764 0.329581 0.000228533 0.299108 0.000199366 0.310901 0.000196262
1 2 9 0.2196 0.000154281 0.243885 0.00016953 0.236773 0.000152949 0.209289 0.000126941
1 2 10 0.209409 0.000148178 0.154069 0.000108155 0.174275 0.000116372 0.162861 0.000104083
1 2 11 0.101373 3.35745e-05 0.129335 4.23089e-05 0.11193 3.48907e-05 0.120305 3.62206e-05
0 3 0 2.39238 0.0110834 2.97392 0.0135701 2.37233 0.010407 2.18819 0.00956632
0 3 1 1.76635 0.00523625 1.62755 0.00501281 1.79988 0.00526173 1.6965 0.00489301
0 3 2 1.28154 0.00285204 1.17195 0.00268065 1.22396 0.00265037 1.06204 0.00222603
0 3 3 0.773118 0.00143593 0.70782 0.001322 0.759566 0.00134263 0.654577 0.0011279
0 3 4 0.643256 0.00106232 0.571666 0.0009547 0.63991 0.00100558 0.647456 0.000972026
0 3 5 0.349492 0.000518451 0.373179 0.000563334 0.491591 0.000682714 0.452409 0.000609115
0 3 6 0.376487 0.000491696 0.328592 0.000445736 0.335954 0.000414673 0.29316 0.00034714
0 3 7 0.316661 0.00038453 0.314498 0.000383405 0.251464 0.000286091 0.264675 0.000289902
0 3 8 0.112042 0.000121743 0.17604 0.0001951 0.185677 0.000190915 0.172462 0.000163967
0 3 9 0.13705 0.000136041 0.172438 0.000168492 0.143756 0.000132433 0.136363 0.000119937
0 3 10 0.107201 9.75461e-05 0.0928032 8.05157e-05 0.109256 9.50596e-05 0.104665 8.24194e-05
0 3 11 0.067721 2.55533e-05 0.0769212 2.89404e-05 0.087909 3.0354e-05 0.0876777 2.9306e-05
1 3 0 3.33743 0.0145812 2.87961 0.0130001 3.27759 0.0138379 2.93712 0.0123031
1 3 1 2.15398 0.00625638 2.32025 0.00697966 2.22063 0.00627142 1.73657 0.00495682
1 3 2 1.58584 0.00346724 1.66715 0.00373085 1.55133 0.00333024 1.41054 0.00295114
1 3 3 1.16848 0.00212302 1.10029 0.00201194 1.07768 0.00187884 0.982739 0.00165642
1 3 4 0.807072 0.0013175 0.968842 0.00157988 0.926432 0.00144156 0.708315 0.00106157
1 3 5 0.586744 0.000850235 0.599291 0.000878169 0.618551 0.000862013 0.593718 0.000798353
1 3 6 0.403588 0.000521459 0.491107 0.000644787 0.495668 0.000608957 0.442517 0.00051869
1 3 7 0.392952 0.000468736 0.370031 0.000449892 0.445981 0.000501018 0.304738 0.000335834
1 3 8 0.273645 0.000300302 0.331914 0.000365311 0.2613 0.000268359 0.290629 0.000282006
1 3 9 0.212726 0.000211895 0.226182 0.000225115 0.249473 0.000232856 0.200174 0.000175665
1 3 10 0.189844 0.000175716 0.134672 0.000124136 0.218697 0.000191141 0.221281 0.000180946
1 3 11 0.122509 5.03202e-05 0.142576 5.87302e-05 0.116444 4.43061e-05 0.112932 4.19575e-05
0 4 0 2.52796 0.0115367 2.75656 0.0133614 2.27624 0.010813 2.31815 0.0103517
0 4 1 1.42356 0.00429338 1.39962 0.00435018 1.74527 0.00522717 1.56383 0.00453008
0 4 2 1.03827 0.00221454 1.20813 0.00272223 1.11904 0.00240444 1.23306 0.00247555
0 4 3 0.898683 0.00162274 0.935048 0.00171241 0.700429 0.00123175 0.81852 0.00136837
0 4 4 0.55668 0.000867529 0.596945 0.000957835 0.604733 0.000910298 0.51673 0.000743946
0 4 5 0.445023 0.000612952 0.453496 0.000633662 0.421901 0.000558652 0.370738 0.000471875
0 4 6 0.326569 0.000401737 0.327558 0.000409953 0.253007 0.000301146 0.291616 0.000327929
0 4 7 0.225893 0.000260196 0.19399 0.00022128 0.204772 0.000220331 0.218533 0.000229131
0 4 8 0.157577 0.000161439 0.145099 0.0001472 0.178331 0.000172901 0.153676 0.000142261
0 4 9 0.11583 0.000108083 0.150499 0.000142722 0.111937 9.98259e-05 0.14707 0.000124608
0 4 10 0.0845258 7.32784e-05 0.0658411 5.55039e-05 0.0995646 7.87073e-05 0.119474 9.14996e-05
0 4 11 0.0670864 2.37721e-05 0.0440516 1.57612e-05 0.0659935 2.20612e-05 0.0774214 2.47578e-05
1 4 0 3.23073 0.0141741 3.02763 0.014204 3.14521 0.014378 2.77591 0.0120792
1 4 1 2.06494 0.00605077 2.40943 0.00718662 2.12925 0.00618212 2.29486 0.00647415
1 4 2 1.52157 0.00316973 1.53836 0.00333921 1.66093 0.00347933 1.68626 0.00329841
1 4 3 1.15417 0.00204351 0.935474 0.00170237 1.19097 0.00202014 1.12019 0.00184495
1 4 4 0.948093 0.00142705 0.882977 0.0013862 0.867865 0.00128081 0.757629 0.00107436
1 4 5 0.70452 0.000951716 0.618066 0.000855203 0.591304 0.000773224 0.600182 0.000744343
1 4 6 0.456995 0.000555965 0.514033 0.000632767 0.411898 0.000482977 0.514813 0.000576399
1 4 7 0.393372 0.000446825 0.4653 0.000518188 0.372812 0.000398057 0.408617 0.000418632
1 4 8 0.329791 0.000332321 0.286067 0.000289957 0.272601 0.000258951 0.253368 0.000236289
1 4 9 0.21412 0.000196867 0.208795 0.000196758 0.171296 0.000149939 0.17482 0.000150254
1 4 10 0.176426 0.00015312 0.147337 0.000123762 0.172232 0.000141786 0.159874 0.000124734
1 4 11 0.109437 4.29167e-05 0.0967759 3.73868e-05 0.124985 4.53978e-05 0.106195 3.7313e-05
0 5 0 2.2304 0.0121742 2.45422 0.0130445 2.58183 0.0144633 2.74895 0.0153528
0 5 1 1.69943 0.00623319 1.60906 0.00582679 1.7148 0.00626107 1.39131 0.00506846
0 5 2 1.14371 0.00306497 1.24596 0.00325443 1.19192 0.00308774 1.13751 0.00289457
0 5 3 0.781291 0.00173342 0.790404 0.00173225 0.746463 0.00161485 0.618556 0.00127265
0 5 4 0.426809 0.000848702 0.377395 0.000722417 0.492847 0.000920015 0.503394 0.000883856
0 5 5 0.359292 0.00063531 0.476974 0.000827911 0.349676 0.000593659 0.339912 0.00053127
0 5 6 0.24686 0.000389727 0.261896 0.000395851 0.29686 0.000443353 0.212976 0.000296359
0 5 7 0.215176 0.000303926 0.107555 0.000148011 0.238405 0.000315517 0.188578 0.000234423
0 5 8 0.068765 8.88243e-05 0.113618 0.000142729 0.202626 0.000245359 0.144552 0.000166375
0 5 9 0.109366 0.000136183 0.112202 0.000129969 0.0979377 0.000110311 0.0876542 9.06474e-05
0 5 10 0.0767137 8.35072e-05 0.0598133 6.47771e-05 0.0557392 5.47301e-05 0.102537 9.56588e-05
0 5 11 0.044648 2.17078e-05 0.0445856 2.10358e-05 0.0529442 2.31666e-05 0.0609733 2.49477e-05
1 5 0 3.23571 0.016883 2.73697 0.0143741 3.58564 0.0192759 3.16015 0.0174962
1 5 1 2.06777 0.00745294 1.94352 0.00675762 2.72649 0.00957671 1.90659 0.00671568
1 5 2 1.70185 0.00441419 1.52058 0.00394525 1.71889 0.00435236 1.40874 0.00348413
1 5 3 1.05502 0.00230579 1.14091 0.00244578 1.15504 0.00241669 1.19295 0.00239593
1 5 4 0.826848 0.00156537 0.794643 0.0015103 0.866725 0.00159495 0.81823 0.00140716
1 5 5 0.691032 0.00119906 0.648736 0.00107487 0.663305 0.00108502 0.643185 0.000981606
1 5 6 0.440242 0.000680423 0.452764 0.00066863 0.528739 0.00075574 0.550216 0.000741422
1 5 7 0.33066 0.000463621 0.315421 0.000424917 0.355562 0.000456205 0.392764 0.000475165
1 5 8 0.241623 0.000310896 0.230957 0.000288023 0.31387 0.000372703 0.299127 0.00033477
1 5 9 0.219087 0.000262124 0.179041 0.000207093 0.179951 0.000197194 0.168942 0.000175119
1 5 10 0.128285 0.000138219 0.146799 0.000152606 0.167699 0.000167071 0.141302 0.00013104
1 5 11 0.096484 4.89716e-05 0.0853389 4.12617e-05 0.131627 6.03815e-05 0.13321 5.67338e-05
0 6 0 2.88749 0.0358381 2.59092 0.031326 2.54578 0.0314634 1.77744 0.0216861
0 6 1 1.41952 0.011799 2.16047 0.0173942 1.76234 0.014957 1.51341 0.0125119
0 6 2 0.839292 0.00537819 1.24749 0.00765862 0.953148 0.00603767 0.84445 0.00510065
0 6 3 0.784975 0.00431479 0.604754 0.00315677 0.711882 0.00381093 0.829711 0.00405286
0 6 4 0.341352 0.00172251 0.522518 0.0024749 0.44918 0.0020329 0.644739 0.00293752
0 6 5 0.277473 0.00119692 0.215704 0.000872705 0.369988 0.00144683 0.243892 0.00091574
0 6 6 0.1761 0.000679317 0.278476 0.00102629 0.166231 0.000609977 0.29734 0.0010045
0 6 7 0.115057 0.000475251 0.0973393 0.000333596 0.221297 0.000746723 0.0836857 0.000265199
0 6 8 0.0951318 0.000329657 0.0600099 0.000187687 0.20725 0.000634275 0.0831135 0.000268508
0 6 9 0.0260377 8.48249e-05 0.153314 0.000516201 0.133098 0.000367024 0.104528 0.000431367
0 6 10 0.0239336 7.57563e-05 0.0381492 0.000104507 0.0671419 0.000164246 0.0230654 5.44616e-05
0 6 11 0.0284368 4.12553e-05 0.0246796 4.68465e-05 0.0204814 2.48089e-05 0.041166 4.57168e-05
1 6 0 2.91462 0.0352433 3.4312 0.0398572 3.68699 0.0433366 3.01475 0.0346809
1 6 1 2.33583 0.0184343 1.79783 0.0141183 2.22768 0.0182778 2.1041 0.0167073
1 6 2 1.30323 0.00815352 1.49174 0.00896387 1.56411 0.00944343 1.57743 0.0091877
1 6 3 1.298 0.00684277 1.28159 0.00653641 1.21834 0.00619236 0.995378 0.00481124
1 6 4 0.59001 0.00273199 0.885545 0.00379851 1.03662 0.00446023 0.767485 0.00315767
1 6 5 0.708941 0.00294764 0.549473 0.00216395 0.654031 0.00257549 0.50355 0.00177758
1 6 6 0.224819 0.000863235 0.324812 0.0011569 0.539825 0.0018948 0.602742 0.00197559
1 6 7 0.257881 0.000920755 0.369623 0.0012288 0.268186 0.000860606 0.33103 0.000991733
1 6 8 0.214408 0.00071874 0.253436 0.000783421 0.243891 0.000712404 0.183043 0.000497666
1 6 9 0.177118 0.000553572 0.177413 0.000583929 0.259973 0.000694859 0.156554 0.000376418
1 6 10 0.048158 0.000137241 0.142795 0.000418794 0.0888437 0.000221968 0.192894 0.000446141
1 6 11 0.0586157 8.88199e-05 0.0901812 0.000121826 0.0821171 9.97917e-05 0.101139 0.00011089
0 7 0 1.61185 0.0611959 2.97667 0.122813 2.1171 0.0937227 1.36694 0.0571622
0 7 1 1.09633 0.0226079 1.21109 0.0249892 2.20894 0.0491602 1.25946 0.0264542
0 7 2 0.570905 0.00859324 1.76952 0.0243191 1.17888 0.0177496 1.34027 0.018759
0 7 3 0.735227 0.00840923 0.640701 0.00703618 0.691461 0.00758661 0.861165 0.00924112
0 7 4 0.50277 0.00462947 0.470542 0.00448181 0.291225 0.00274475 0.552229 0.00489521
0 7 5 0.203371 0.00166086 0.217936 0.00167161 0.189316 0.00153525 0.117582 0.000865873
0 7 6 0.108072 0.000810124 0.0833046 0.000597931 0.264718 0.00196564 0.286642 0.00201432
0 7 7 0.0440211 0.0003521 0.0879594 0.00060625 0.193561 0.00135827 0.278326 0.00183185
0 7 8 0.0884477 0.000717718 0.110793 0.000896525 0.042177 0.000499973 0.249708 0.00207627
0 7 9 0.0932321 0.00125143 0.194254 0.00339329 0.149236 0.00143424 0.113351 0.00103307
0 7 10 0.0865375 0.00058633 0.0505019 0.000481966 0.0792257 0.000632846 0.0591027 0.00032544
0 7 11 0.0177693 0.000157787 0.0737976 0.000211854 0.0522137 0.000220607 0.0575884 0.000208099
1 7 0 2.66925 0.0976452 2.64723 0.115028 2.89604 0.124505 2.07814 0.0809135
1 7 1 2.15871 0.0438204 2.34428 0.0468338 1.73893 0.0380888 2.50538 0.0495934
1 7 2 1.01866 0.0143131 1.52827 0.0214148 2.08535 0.0293013 1.04403 0.014751
1 7 3 0.815516 0.00876453 0.809869 0.00836049 0.981736 0.0106215 0.993266 0.0102035
1 7 4 0.962877 0.00857507 0.833757 0.00697124 0.979494 0.0086753 0.92132 0.00745235
1 7 5 0.507641 0.00393994 0.806183 0.00596719 0.507494 0.00373977 0.744743 0.00526499
1 7 6 0.293625 0.00222342 0.391933 0.00282316 0.440776 0.00317472 0.466519 0.0031564
1 7 7 0.137415 0.000969161 0.189018 0.00125047 0.26688 0.00173973 0.432693 0.00270636
1 7 8 0.0694567 0.000457725 0.147689 0.000919827 0.251201 0.00152753 0.200147 0.00114733
1 7 9 0.166832 0.00151979 0.326956 0.0024078 0.135474 0.000846949 0.119197 0.00118338
1 7 10 0.15936 0.00173891 0.0720758 0.00042943 0.0431223 0.000273139 0.0683523 0.000375815
1 7 11 0.0187169 8.77554e-05 0.07132 0.000215249 0.107009 0.000433988 0.0726606 0.000189596
0 8 0 1.65612 0.0437407 2.01045 0.0499196 2.25088 0.0544957 2.12446 0.0530811
0 8 1 1.13523 0.0162762 1.21593 0.0160528 1.29752 0.0170442 1.6474 0.0204971
0 8 2 0.672955 0.00656825 0.671036 0.00602418 0.845791 0.00779488 0.503218 0.00459743
0 8 3 0.447509 0.0034441 0.628248 0.00462972 0.708892 0.00505846 0.446401 0.00331982
0 8 4 0.40096 0.00271761 0.489603 0.00295399 0.354991 0.00211246 0.545816 0.00345464
0 8 5 0.33665 0.00199449 0.181194 0.000965069 0.117935 0.000609641 0.234721 0.00128108
0 8 6 0.085534 0.000493462 0.140429 0.00072204 0.0902122 0.00046268 0.22568 0.00114846
0 8 7 0.0944508 0.000568573 0.0489105 0.000354274 0.193936 0.00102296 0.060589 0.000465633
0 8 8 0.0857191 0.000802712 0.104525 0.00109547 0.0613979 0.000360527 0.0624705 0.000368495
0 8 9 0.188473 0.00253002 0.0364769 0.000295991 0.0737981 0.000907861 0.0532425 0.000429291
0 8 10 0 0 0.0441955 0.0002892 0.0519961 0.000362445 0.0582272 0.000677191
0 8 11 0.0253848 0.00016114 0.014368 4.41766e-05 0.0428005 0.000141297 0.0611016 0.000234105
1 8 0 2.29419 0.0573688 2.39491 0.0573649 3.6106 0.0819379 2.79916 0.0684982
1 8 1 1.43548 0.0205962 2.00543 0.0251244 1.70642 0.0219785 1.76141 0.0220876
1 8 2 1.1809 0.0114233 1.33431 0.0117828 1.30272 0.011934 1.30194 0.0114652
1 8 3 0.966598 0.00752148 1.01569 0.0072859 0.933177 0.00638447 0.891562 0.00636383
1 8 4 0.731808 0.00480762 0.649806 0.00393298 0.915638 0.00538028 0.703479 0.00437225
1 8 5 0.40563 0.00242175 0.525098 0.00271459 0.419191 0.00226708 0.60758 0.00321854
1 8 6 0.260469 0.00151664 0.452037 0.00229859 0.300622 0.00145611 0.396569 0.0020777
1 8 7 0.0877443 0.000509115 0.43132 0.00218768 0.309185 0.00160367 0.271401 0.00142936
1 8 8 0.26128 0.00176535 0.278467 0.00160484 0.194245 0.00111795 0.10224 0.000599084
1 8 9 0.128266 0.00116877 0.308854 0.00243281 0.257457 0.00193521 0.255786 0.00204276
1 8 10 0.151577 0.00382848 0.211896 0.0015887 0.201242 0.00142435 0.134634 0.00103485
1 8 11 0.0829914 0.00034827 0.0887822 0.000305228 0.0716903 0.000640909 0.0745834 0.00029023
