0 0 0 2.3301 0.000106612 5.07329e-05
0 0 1 1.58517 7.43978e-05 4.25872e-05
0 0 2 1.13086 5.63236e-05 3.82555e-05
0 0 3 0.793302 4.79153e-05 3.56786e-05
0 0 4 0.603272 5.05318e-05 3.89568e-05
0 0 5 0.440386 5.86583e-05 5.90925e-05
0 0 6 0.33178 6.44608e-05 6.65651e-05
0 0 7 0.257232 9.15385e-05 8.31276e-05
0 0 8 0.169412 0.000130001 0.000104205
0 0 9 0.169023 0.000565505 0.000272537
0 0 10 0 0 0
0 0 11 0 0 0
1 0 0 2.57847 0.000117168 5.26297e-05
1 0 1 1.81953 8.48933e-05 4.56647e-05
1 0 2 1.32868 6.59852e-05 4.22311e-05
1 0 3 0.962472 5.76575e-05 4.02281e-05
1 0 4 0.730816 6.16438e-05 4.39063e-05
1 0 5 0.551826 7.40107e-05 7.01429e-05
1 0 6 0.422658 8.21153e-05 8.13608e-05
1 0 7 0.353142 0.000131025 0.000109747
1 0 8 0.23883 0.000178994 0.00013382
1 0 9 0.179246 0.000643344 0.00026981
1 0 10 0 0 0
1 0 11 0 0 0
0 1 0 2.35283 0.000107425 5.39212e-05
0 1 1 1.60313 4.37999e-05 3.54426e-05
0 1 2 1.13504 2.40446e-05 2.16959e-05
0 1 3 0.827585 1.6067e-05 1.77024e-05
0 1 4 0.598738 1.12476e-05 1.46359e-05
0 1 5 0.447897 8.85373e-06 1.46572e-05
0 1 6 0.337624 7.06332e-06 1.34627e-05
0 1 7 0.258548 5.84443e-06 1.26171e-05
0 1 8 0.193127 4.66152e-06 1.1781e-05
0 1 9 0.143993 3.76465e-06 1.10458e-05
0 1 10 0.118686 3.52823e-06 1.17826e-05
0 1 11 0.0783156 1.36901e-06 8.80491e-06
1 1 0 2.67586 0.000120924 5.7304e-05
1 1 1 1.89869 5.15416e-05 3.87448e-05
1 1 2 1.38175 2.9145e-05 2.42686e-05
1 1 3 1.0498 2.04294e-05 2.05062e-05
1 1 4 0.780379 1.47138e-05 1.71135e-05
1 1 5 0.588929 1.17503e-05 1.71752e-05
1 1 6 0.458952 9.77761e-06 1.6272e-05
1 1 7 0.352589 8.03274e-06 1.53094e-05
1 1 8 0.274607 6.82903e-06 1.4671e-05
1 1 9 0.209767 5.76338e-06 1.40338e-05
1 1 10 0.166836 5.14835e-06 1.37832e-05
1 1 11 0.120859 2.47536e-06 1.14685e-05
0 2 0 2.29907 0.00063696 0.000151139
0 2 1 1.59491 0.000193667 8.46219e-05
0 2 2 1.12185 7.72094e-05 4.15171e-05
0 2 3 0.815409 3.98338e-05 3.04897e-05
0 2 4 0.595248 2.23543e-05 2.11723e-05
0 2 5 0.446525 1.3766e-05 1.7282e-05
0 2 6 0.331023 8.88104e-06 1.39652e-05
0 2 7 0.26202 6.45452e-06 1.12755e-05
0 2 8 0.193106 4.4949e-06 9.452e-06
0 2 9 0.145621 3.21871e-06 8.45801e-06
0 2 10 0.111251 2.42293e-06 7.68707e-06
0 2 11 0.0784927 8.0358e-07 5.01082e-06
1 2 0 2.80854 0.000798497 0.00017917
1 2 1 1.95779 0.000241637 9.95114e-05
1 2 2 1.44161 0.000100459 4.96882e-05
1 2 3 1.09671 5.40139e-05 3.7515e-05
1 2 4 0.814863 3.07745e-05 2.59317e-05
1 2 5 0.622326 1.92846e-05 2.1111e-05
1 2 6 0.481793 1.30661e-05 1.75741e-05
1 2 7 0.373053 9.28642e-06 1.36939e-05
1 2 8 0.284804 6.75737e-06 1.16903e-05
1 2 9 0.218602 4.98686e-06 1.02362e-05
1 2 10 0.175597 3.98537e-06 1.00032e-05
1 2 11 0.136995 1.72802e-06 7.10984e-06
0 3 0 2.20083 0.00224987 0.000289326
0 3 1 1.56983 0.000649796 0.000165218
0 3 2 1.12299 0.000238758 7.53087e-05
0 3 3 0.772375 9.94657e-05 4.9695e-05
0 3 4 0.576967 5.45071e-05 3.35123e-05
0 3 5 0.427948 3.0799e-05 2.61335e-05
0 3 6 0.313202 1.82304e-05 2.05054e-05
0 3 7 0.241821 1.19668e-05 1.47171e-05
0 3 8 0.187105 7.83002e-06 1.21945e-05
0 3 9 0.139096 4.92847e-06 9.91786e-06
0 3 10 0.10893 3.30391e-06 8.83705e-06
0 3 11 0.0790321 1.0635e-06 5.46109e-06
1 3 0 2.89613 0.00314929 0.000379106
1 3 1 1.97923 0.000856668 0.000204027
1 3 2 1.49678 0.000321397 9.54585e-05
1 3 3 1.06891 0.00014008 6.41897e-05
1 3 4 0.847147 8.10111e-05 4.39882e-05
1 3 5 0.625823 4.51169e-05 3.27802e-05
1 3 6 0.469541 2.73118e-05 2.63516e-05
1 3 7 0.377954 1.89997e-05 1.94124e-05
1 3 8 0.299124 1.25047e-05 1.6026e-05
1 3 9 0.229069 8.27961e-06 1.3195e-05
1 3 10 0.186412 5.9727e-06 1.19834e-05
1 3 11 0.160359 2.85052e-06 8.51303e-06
0 4 0 2.12362 0.00399547 0.000374115
0 4 1 1.50976 0.00101868 0.000205162
0 4 2 1.06232 0.000361312 9.42541e-05
0 4 3 0.772999 0.00016161 6.34682e-05
0 4 4 0.584902 8.19125e-05 4.13334e-05
0 4 5 0.424149 4.26086e-05 3.0359e-05
0 4 6 0.299862 2.31413e-05 2.23105e-05
0 4 7 0.230147 1.42819e-05 1.57241e-05
0 4 8 0.174995 8.70251e-06 1.25404e-05
0 4 9 0.135366 5.74654e-06 1.05346e-05
0 4 10 0.103167 3.71611e-06 8.81786e-06
0 4 11 0.0744345 1.10133e-06 5.32319e-06
1 4 0 2.89928 0.00583537 0.00049317
1 4 1 2.01861 0.00143698 0.000257155
1 4 2 1.4962 0.000536717 0.000120804
1 4 3 1.12016 0.000239276 8.4116e-05
1 4 4 0.826736 0.000113989 5.09099e-05
1 4 5 0.621725 6.16807e-05 3.73941e-05
1 4 6 0.483633 3.71585e-05 3.04069e-05
1 4 7 0.383262 2.33703e-05 2.11482e-05
1 4 8 0.289338 1.44173e-05 1.65623e-05
1 4 9 0.2304 9.82057e-06 1.4132e-05
1 4 10 0.180529 6.6119e-06 1.18072e-05
1 4 11 0.16038 3.1887e-06 8.40534e-06
0 5 0 2.03293 0.0114702 0.00060803
0 5 1 1.42452 0.00267218 0.00029956
0 5 2 1.03154 0.000830296 0.000140298
0 5 3 0.718357 0.000346338 9.3527e-05
0 5 4 0.525715 0.000176605 5.46268e-05
0 5 5 0.394135 9.5184e-05 4.30666e-05
0 5 6 0.290922 5.19988e-05 3.19727e-05
0 5 7 0.212613 2.84638e-05 2.1156e-05
0 5 8 0.16898 1.82184e-05 1.75908e-05
0 5 9 0.118983 1.00537e-05 1.28469e-05
0 5 10 0.0940177 6.5076e-06 1.14978e-05
0 5 11 0.0652439 1.9422e-06 6.53638e-06
1 5 0 2.67413 0.0154328 0.000720514
1 5 1 2.02624 0.00385481 0.000414622
1 5 2 1.56246 0.00127974 0.000192996
1 5 3 1.16183 0.000562194 0.000133609
1 5 4 0.857981 0.000277305 7.9636e-05
1 5 5 0.644849 0.000148174 5.83186e-05
1 5 6 0.48295 8.25674e-05 4.41339e-05
1 5 7 0.368442 4.68391e-05 2.89259e-05
1 5 8 0.28445 2.85863e-05 2.27292e-05
1 5 9 0.222532 1.81512e-05 1.83549e-05
1 5 10 0.169832 1.12678e-05 1.49214e-05
1 5 11 0.149861 5.49413e-06 1.03628e-05
0 6 0 1.72196 0.0518118 0.00130465
0 6 1 1.38136 0.0143834 0.000765281
0 6 2 0.814429 0.0039789 0.000268603
0 6 3 0.652578 0.00165033 0.000202813
0 6 4 0.503532 0.000750613 0.000130572
0 6 5 0.350787 0.000366565 8.3822e-05
0 6 6 0.289549 0.000245373 7.16997e-05
0 6 7 0.198549 0.000128479 4.43148e-05
0 6 8 0.136986 7.07588e-05 3.10618e-05
0 6 9 0.104497 4.76089e-05 2.57031e-05
0 6 10 0.0783801 2.92251e-05 2.09128e-05
0 6 11 0.0571342 9.42922e-06 1.31402e-05
1 6 0 2.71678 0.0823137 0.001667
1 6 1 1.86573 0.0193775 0.000860447
1 6 2 1.50455 0.00699239 0.000428828
1 6 3 1.08691 0.00236726 0.00026646
1 6 4 0.821295 0.00110916 0.000159671
1 6 5 0.600024 0.000533818 0.000107125
1 6 6 0.484665 0.00034256 9.12441e-05
1 6 7 0.342276 0.000191038 5.4489e-05
1 6 8 0.262348 0.000111863 4.33542e-05
1 6 9 0.200923 7.16532e-05 3.14216e-05
1 6 10 0.150598 4.31716e-05 2.61039e-05
1 6 11 0.133075 2.11009e-05 1.88651e-05
0 7 0 2.21289 0.781734 0.00784016
0 7 1 1.21872 0.0481089 0.00145487
0 7 2 0.751161 0.013649 0.000541449
0 7 3 0.57767 0.00590351 0.000405893
0 7 4 0.413538 0.0022474 0.000218008
0 7 5 0.350142 0.00125547 0.000155655
0 7 6 0.296798 0.000842562 0.00014895
0 7 7 0.184357 0.00039945 8.07054e-05
0 7 8 0.123542 0.000206366 5.52979e-05
0 7 9 0.0901266 0.000144066 4.31172e-05
0 7 10 0.0657921 8.91757e-05 4.01213e-05
0 7 11 0.047673 2.80742e-05 2.38502e-05
1 7 0 3.59412 1.05163 0.00907378
1 7 1 1.89187 0.0707549 0.00200225
1 7 2 1.29105 0.0216341 0.000739179
1 7 3 0.950073 0.0078126 0.000480471
1 7 4 0.854001 0.00371809 0.000292799
1 7 5 0.551973 0.0014451 0.000177786
1 7 6 0.445061 0.000903832 0.000154265
1 7 7 0.340328 0.000532806 8.87279e-05
1 7 8 0.241068 0.000278666 6.33758e-05
1 7 9 0.166401 0.000156906 4.40733e-05
1 7 10 0.137214 0.000116845 3.77523e-05
1 7 11 0.109589 4.88014e-05 2.57857e-05
0 8 0 2.0832 1.03375 0.00854235
0 8 1 0.844628 0.0881439 0.00208231
0 8 2 0.633755 0.0196722 0.000662579
0 8 3 0.610409 0.0102266 0.000630507
0 8 4 0.397004 0.00376447 0.000311659
0 8 5 0.294995 0.00215824 0.000206241
0 8 6 0.270596 0.00161843 0.000211016
0 8 7 0.11869 0.000719473 0.000133898
0 8 8 0.0990907 0.000478773 0.00012271
0 8 9 0.143731 0.000710376 0.000168659
0 8 10 0.0386932 0.000160256 6.46352e-05
0 8 11 0.0190187 4.91465e-05 3.95477e-05
1 8 0 1.77323 0.746594 0.006844
1 8 1 2.5164 0.274876 0.00538295
1 8 2 1.01347 0.0273306 0.000814019
1 8 3 0.852212 0.010332 0.000652621
1 8 4 0.767239 0.00580541 0.000404945
1 8 5 0.421373 0.00205121 0.000193166
1 8 6 0.313836 0.00112019 0.000135112
1 8 7 0.24355 0.000811767 0.000126779
1 8 8 0.273655 0.000939477 0.000162558
1 8 9 0.157401 0.000531348 0.000104115
1 8 10 0.132993 0.00048384 0.00010651
1 8 11 0.0902222 0.000192858 6.1367e-05
