0.004	0.1	0	0	0	0	0	0	0
0.004	0.1	0.2	0	0	0	0	0	0
0.004	0.1	0.25	0	0	0	0	0	0
0.004	0.1	0.3	0	0	0	0	0	0
0.004	0.1	0.35	0	0	0	0	0	0
0.004	0.1	0.4	0	0	0	0	0	0
0.004	0.1	0.45	0	0	0	0	0	0
0.004	0.1	0.5	0	0	0	0	0	0
0.004	0.1	0.55	0	0	0	0	0	0
0.004	0.1	0.6	0	0	0	0	0	0
0.004	0.1	0.65	0	0	0	0	0	0
0.004	0.1	0.7	0	0	0	0	0	0
0.004	0.1	0.75	0	0	0	0	0	0
0.004	0.1	0.85	0	0	0	0	0	0
0.004	0.15	0	0	0	0	0	0	0
0.004	0.15	0.2	0	0	0	0	0	0
0.004	0.15	0.25	0	0	0	0	0	0
0.004	0.15	0.3	0	0	0	0	0	0
0.004	0.15	0.35	0	0	0	0	0	0
0.004	0.15	0.4	0	0	0	0	0	0
0.004	0.15	0.45	0	0	0	0	0	0
0.004	0.15	0.5	0	0	0	0	0	0
0.004	0.15	0.55	0	0	0	0	0	0
0.004	0.15	0.6	0	0	0	0	0	0
0.004	0.15	0.65	0	0	0	0	0	0
0.004	0.15	0.7	0	0	0	0	0	0
0.004	0.15	0.75	0	0	0	0	0	0
0.004	0.15	0.85	0	0	0	0	0	0
0.004	0.2	0	0	0	0	0	0	0
0.004	0.2	0.2	0	0	0	0	0	0
0.004	0.2	0.25	0	0	0	0	0	0
0.004	0.2	0.3	0	0	0	0	0	0
0.004	0.2	0.35	0	0	0	0	0	0
0.004	0.2	0.4	0	0	0	0	0	0
0.004	0.2	0.45	0	0	0	0	0	0
0.004	0.2	0.5	0	0	0	0	0	0
0.004	0.2	0.55	0	0	0	0	0	0
0.004	0.2	0.6	0	0	0	0	0	0
0.004	0.2	0.65	0	0	0	0	0	0
0.004	0.2	0.7	0	0	0	0	0	0
0.004	0.2	0.75	0	0	0	0	0	0
0.004	0.2	0.85	0	0	0	0	0	0
0.004	0.3	0	12.5733	0.00125351	13.11	0.00125366	1.04269	0.00177283
0.004	0.3	0.2	2.50077	0.00280617	2.6307	0.00279585	1.05195	0.00396124
0.004	0.3	0.25	1.68346	0.0033575	1.78913	0.00332896	1.06277	0.00472809
0.004	0.3	0.3	1.1593	0.00399673	1.23694	0.00395454	1.06697	0.00562248
0.004	0.3	0.35	0.828305	0.00469121	0.873928	0.00466592	1.05508	0.00661651
0.004	0.3	0.4	0.591406	0.00552018	0.63624	0.00543848	1.07581	0.00774915
0.004	0.3	0.45	0.425591	0.00648103	0.464456	0.00633977	1.09132	0.00906622
0.004	0.3	0.5	0.25547	0.00833017	0.276439	0.00818133	1.08208	0.0116759
0.004	0.3	0.55	0.113216	0.0124693	0.120378	0.0123521	1.06326	0.0175515
0.004	0.3	0.6	0.0414669	0.0205668	0.0444844	0.0202826	1.07277	0.0288856
0.004	0.3	0.65	0.01087	0.0401395	0.0127098	0.0379164	1.16926	0.0552163
0.004	0.3	0.7	0.0013478	0.113964	0.00129655	0.118682	0.96197	0.16454
0.004	0.3	0.75	0	0	0	0	0	0
0.004	0.3	0.85	0	0	0	0	0	0
0.004	0.5	0	16.0149	0.000888727	16.779	0.00089695	1.04771	0.00126268
0.004	0.5	0.2	2.47911	0.00209972	2.64307	0.00212778	1.06614	0.00298936
0.004	0.5	0.25	1.64758	0.00252756	1.76577	0.00255643	1.07174	0.00359498
0.004	0.5	0.3	1.13167	0.00301319	1.22922	0.00302914	1.0862	0.00427258
0.004	0.5	0.35	0.684295	0.0038337	0.741399	0.00385917	1.08345	0.00543971
0.004	0.5	0.4	0.270653	0.00603457	0.296951	0.00603789	1.09716	0.00853652
0.004	0.5	0.45	0.0605837	0.0126886	0.0685739	0.0125	1.13189	0.0178115
0.004	0.5	0.5	0	0	0	0	0	0
0.004	0.5	0.55	0	0	0	0	0	0
0.004	0.5	0.6	0	0	0	0	0	0
0.004	0.5	0.65	0	0	0	0	0	0
0.004	0.5	0.7	0	0	0	0	0	0
0.004	0.5	0.75	0	0	0	0	0	0
0.004	0.5	0.85	0	0	0	0	0	0
0.004	0.7	0	19.3283	0.000897606	20.4287	0.000915582	1.05693	0.00128218
0.004	0.7	0.2	2.42913	0.00221422	2.64396	0.00229779	1.08844	0.00319102
0.004	0.7	0.25	1.49113	0.00276637	1.64313	0.00285874	1.10194	0.00397809
0.004	0.7	0.3	0.423149	0.00506237	0.467454	0.00523364	1.1047	0.00728139
0.004	0.7	0.35	0	0	0	0	0	0
0.004	0.7	0.4	0	0	0	0	0	0
0.004	0.7	0.45	0	0	0	0	0	0
0.004	0.7	0.5	0	0	0	0	0	0
0.004	0.7	0.55	0	0	0	0	0	0
0.004	0.7	0.6	0	0	0	0	0	0
0.004	0.7	0.65	0	0	0	0	0	0
0.004	0.7	0.7	0	0	0	0	0	0
0.004	0.7	0.75	0	0	0	0	0	0
0.004	0.7	0.85	0	0	0	0	0	0
0.01	0.1	0	0	0	0	0	0	0
0.01	0.1	0.2	0	0	0	0	0	0
0.01	0.1	0.25	0	0	0	0	0	0
0.01	0.1	0.3	0	0	0	0	0	0
0.01	0.1	0.35	0	0	0	0	0	0
0.01	0.1	0.4	0	0	0	0	0	0
0.01	0.1	0.45	0	0	0	0	0	0
0.01	0.1	0.5	0	0	0	0	0	0
0.01	0.1	0.55	0	0	0	0	0	0
0.01	0.1	0.6	0	0	0	0	0	0
0.01	0.1	0.65	0	0	0	0	0	0
0.01	0.1	0.7	0	0	0	0	0	0
0.01	0.1	0.75	0	0	0	0	0	0
0.01	0.1	0.85	0	0	0	0	0	0
0.01	0.15	0	4.53849	0.00313705	4.68727	0.00307673	1.03278	0.00439401
0.01	0.15	0.2	2.36244	0.00539258	2.46632	0.00523224	1.04397	0.00751374
0.01	0.15	0.25	1.65463	0.00634077	1.70146	0.00618886	1.0283	0.00886044
0.01	0.15	0.3	1.18915	0.00739872	1.24464	0.00715768	1.04667	0.0102943
0.01	0.15	0.35	0.860923	0.00862783	0.918254	0.00826744	1.06659	0.0119495
0.01	0.15	0.4	0.656383	0.00983254	0.670693	0.00961486	1.0218	0.0137522
0.01	0.15	0.45	0.479799	0.0114512	0.507171	0.0110119	1.05705	0.0158868
0.01	0.15	0.5	0.358943	0.0132002	0.376497	0.012739	1.0489	0.0183447
0.01	0.15	0.55	0.274645	0.0150594	0.287063	0.0145562	1.04521	0.0209444
0.01	0.15	0.6	0.209824	0.0172017	0.219928	0.016602	1.04815	0.0239066
0.01	0.15	0.65	0.151946	0.0201851	0.169456	0.0188893	1.11524	0.0276449
0.01	0.15	0.7	0.109674	0.0237339	0.125879	0.0218921	1.14775	0.0322887
0.01	0.15	0.75	0.068139	0.0213056	0.0718407	0.0205002	1.05433	0.0295667
0.01	0.15	0.85	0.0203577	0.0317665	0.0221586	0.0300797	1.08846	0.0437481
0.01	0.2	0	7.141	0.000967652	7.37228	0.000958353	1.03239	0.00136191
0.01	0.2	0.2	2.45344	0.00188944	2.55788	0.00185357	1.04257	0.00264683
0.01	0.2	0.25	1.69412	0.00223501	1.76841	0.00218983	1.04385	0.003129
0.01	0.2	0.3	1.2009	0.00262424	1.25544	0.00256815	1.04541	0.00367178
0.01	0.2	0.35	0.862622	0.00307153	0.904803	0.00300001	1.0489	0.00429353
0.01	0.2	0.4	0.627688	0.00358042	0.664284	0.00348103	1.0583	0.00499369
0.01	0.2	0.45	0.46329	0.00415089	0.493527	0.00402184	1.06527	0.00577971
0.01	0.2	0.5	0.342309	0.00481473	0.360561	0.00469002	1.05332	0.00672145
0.01	0.2	0.55	0.253494	0.00558273	0.271494	0.005393	1.07101	0.00776218
0.01	0.2	0.6	0.188802	0.00645851	0.203609	0.00621703	1.07843	0.00896459
0.01	0.2	0.65	0.139542	0.00750332	0.149832	0.00723768	1.07374	0.0104252
0.01	0.2	0.7	0.100635	0.00882697	0.108379	0.0085012	1.07696	0.012255
0.01	0.2	0.75	0.0574363	0.00826477	0.0605934	0.00804201	1.05497	0.0115317
0.01	0.2	0.85	0.011934	0.0147751	0.0133527	0.0139595	1.11887	0.0203266
0.01	0.3	0	11.0278	0.000669433	11.4097	0.000670439	1.03463	0.000947433
0.01	0.3	0.2	2.46243	0.0014642	2.58914	0.00145782	1.05146	0.00206618
0.01	0.3	0.25	1.67502	0.00174391	1.77624	0.00172925	1.06043	0.00245592
0.01	0.3	0.3	1.17337	0.00205936	1.25228	0.00203546	1.06725	0.00289552
0.01	0.3	0.35	0.840855	0.00241353	0.898716	0.0023834	1.06881	0.003392
0.01	0.3	0.4	0.611938	0.00281359	0.658219	0.00276952	1.07563	0.00394798
0.01	0.3	0.45	0.44808	0.00327494	0.479828	0.00323025	1.07085	0.00459997
0.01	0.3	0.5	0.303997	0.00396197	0.332318	0.00386806	1.09316	0.00553707
0.01	0.3	0.55	0.187318	0.00503274	0.207251	0.00488353	1.10642	0.00701266
0.01	0.3	0.6	0.11055	0.00653864	0.121381	0.00636823	1.09797	0.00912733
0.01	0.3	0.65	0.0596065	0.00889343	0.0664655	0.00859461	1.11507	0.0123677
0.01	0.3	0.7	0.0288514	0.0127732	0.0321977	0.0123383	1.11598	0.0177592
0.01	0.3	0.75	0.00576041	0.0202047	0.00679288	0.0189859	1.17924	0.0277254
0.01	0.3	0.85	0	0	0	0	0	0
0.01	0.5	0	15.3724	0.000926493	15.8141	0.000934398	1.02873	0.00131586
0.01	0.5	0.2	2.42794	0.00219184	2.56185	0.00220873	1.05516	0.00311169
0.01	0.5	0.25	1.63576	0.00262276	1.74609	0.00262958	1.06745	0.00371397
0.01	0.5	0.3	1.1604	0.00307957	1.22594	0.00310288	1.05648	0.00437169
0.01	0.5	0.35	0.727801	0.0038486	0.782432	0.00384584	1.07506	0.00544079
0.01	0.5	0.4	0.319897	0.00574762	0.349529	0.0056978	1.09263	0.00809321
0.01	0.5	0.45	0.0853024	0.011066	0.0911897	0.0110889	1.06902	0.0156659
0.01	0.5	0.5	0	0	0	0	0	0
0.01	0.5	0.55	0	0	0	0	0	0
0.01	0.5	0.6	0	0	0	0	0	0
0.01	0.5	0.65	0	0	0	0	0	0
0.01	0.5	0.7	0	0	0	0	0	0
0.01	0.5	0.75	0	0	0	0	0	0
0.01	0.5	0.85	0	0	0	0	0	0
0.01	0.7	0	19.0774	0.00116455	19.724	0.00118245	1.03389	0.00165963
0.01	0.7	0.2	2.43421	0.00286363	2.60063	0.00293284	1.06837	0.00409901
0.01	0.7	0.25	1.52009	0.00354917	1.64186	0.00362006	1.08011	0.00506966
0.01	0.7	0.3	0.467452	0.00624171	0.505338	0.00637001	1.08105	0.00891829
0.01	0.7	0.35	0	0	0	0	0	0
0.01	0.7	0.4	0	0	0	0	0	0
0.01	0.7	0.45	0	0	0	0	0	0
0.01	0.7	0.5	0	0	0	0	0	0
0.01	0.7	0.55	0	0	0	0	0	0
0.01	0.7	0.6	0	0	0	0	0	0
0.01	0.7	0.65	0	0	0	0	0	0
0.01	0.7	0.7	0	0	0	0	0	0
0.01	0.7	0.75	0	0	0	0	0	0
0.01	0.7	0.85	0	0	0	0	0	0
0.02	0.1	0	2.09535	0.00251616	2.14363	0.00244635	1.02304	0.00350937
0.02	0.1	0.2	2.23569	0.00330276	2.27381	0.00321135	1.01705	0.00460662
0.02	0.1	0.25	1.58426	0.00386556	1.62694	0.00373859	1.02694	0.0053777
0.02	0.1	0.3	1.16924	0.00445613	1.2028	0.00430337	1.0287	0.00619484
0.02	0.1	0.35	0.863857	0.00514675	0.899094	0.00494005	1.04079	0.00713394
0.02	0.1	0.4	0.656195	0.00587578	0.678475	0.00565534	1.03395	0.00815523
0.02	0.1	0.45	0.503701	0.0066817	0.517223	0.00645075	1.02684	0.00928748
0.02	0.1	0.5	0.381477	0.00765492	0.405824	0.00726179	1.06382	0.0105514
0.02	0.1	0.55	0.297794	0.00864616	0.30859	0.00830686	1.03625	0.01199
0.02	0.1	0.6	0.232844	0.00976233	0.242245	0.00935959	1.04038	0.0135242
0.02	0.1	0.65	0.177106	0.0111782	0.187468	0.0106244	1.05851	0.0154217
0.02	0.1	0.7	0.133981	0.0128381	0.143671	0.0121225	1.07232	0.017657
0.02	0.1	0.75	0.0844401	0.0114448	0.0886207	0.0109237	1.04951	0.0158212
0.02	0.1	0.85	0.0274192	0.0163635	0.0295262	0.0154166	1.07685	0.0224819
0.02	0.15	0	3.89841	0.0013651	4.00484	0.00133741	1.0273	0.00191106
0.02	0.15	0.2	2.33996	0.0022339	2.41768	0.00217181	1.03321	0.00311562
0.02	0.15	0.25	1.65406	0.0026159	1.7092	0.00254072	1.03334	0.00364667
0.02	0.15	0.3	1.19586	0.00304378	1.23339	0.00295701	1.03138	0.00424364
0.02	0.15	0.35	0.875076	0.00353117	0.902249	0.00342946	1.03105	0.00492243
0.02	0.15	0.4	0.649018	0.00407801	0.676494	0.00393848	1.04233	0.00566937
0.02	0.15	0.45	0.487033	0.00468908	0.503304	0.00454636	1.03341	0.00653122
0.02	0.15	0.5	0.366571	0.00538899	0.385266	0.00518092	1.051	0.0074755
0.02	0.15	0.55	0.279468	0.00615871	0.291847	0.00593857	1.04429	0.00855548
0.02	0.15	0.6	0.208861	0.00711163	0.2225	0.00678935	1.0653	0.00983212
0.02	0.15	0.65	0.159142	0.00813712	0.167096	0.00782343	1.04998	0.011288
0.02	0.15	0.7	0.117127	0.00947505	0.125005	0.00903542	1.06726	0.0130926
0.02	0.15	0.75	0.0695664	0.00869827	0.074072	0.00830476	1.06477	0.0120262
0.02	0.15	0.85	0.0212809	0.0128168	0.0225748	0.0122575	1.0608	0.0177346
0.02	0.2	0	6.81835	0.00108974	7.01036	0.00107802	1.02816	0.00153286
0.02	0.2	0.2	2.47378	0.00209137	2.55521	0.00205339	1.03292	0.00293091
0.02	0.2	0.25	1.70042	0.00247873	1.76474	0.00242681	1.03783	0.00346893
0.02	0.2	0.3	1.19675	0.00292015	1.26394	0.0028341	1.05614	0.00406933
0.02	0.2	0.35	0.859695	0.00341786	0.904909	0.00332084	1.05259	0.00476547
0.02	0.2	0.4	0.625097	0.00398563	0.65854	0.00386957	1.0535	0.00555507
0.02	0.2	0.45	0.4569	0.00464282	0.48391	0.00449482	1.05912	0.00646213
0.02	0.2	0.5	0.337367	0.00538727	0.357428	0.00521366	1.05946	0.007497
0.02	0.2	0.55	0.248387	0.00626475	0.268654	0.00600045	1.08159	0.00867482
0.02	0.2	0.6	0.185722	0.00723375	0.197248	0.00699038	1.06206	0.0100595
0.02	0.2	0.65	0.136355	0.00843196	0.144367	0.00816017	1.05876	0.011734
0.02	0.2	0.7	0.0956822	0.0100556	0.103148	0.00964394	1.07802	0.0139327
0.02	0.2	0.75	0.0553564	0.00935164	0.0591658	0.00900739	1.06882	0.0129841
0.02	0.2	0.85	0.0126684	0.0159323	0.0134979	0.0153676	1.06548	0.022136
0.02	0.3	0	10.7433	0.00106231	10.9754	0.00106216	1.02161	0.00150223
0.02	0.3	0.2	2.42087	0.00232661	2.52026	0.00230651	1.04105	0.00327614
0.02	0.3	0.25	1.66622	0.00275682	1.73568	0.0027314	1.04169	0.0038808
0.02	0.3	0.3	1.17648	0.00324353	1.24277	0.00319183	1.05635	0.00455063
0.02	0.3	0.35	0.854256	0.00377734	0.905365	0.00371034	1.05983	0.0052948
0.02	0.3	0.4	0.628053	0.00438141	0.665191	0.00430421	1.05913	0.0061419
0.02	0.3	0.45	0.462834	0.00508339	0.503667	0.00492748	1.08823	0.00707961
0.02	0.3	0.5	0.32381	0.00605675	0.352503	0.00586868	1.08861	0.00843361
0.02	0.3	0.55	0.207301	0.00754807	0.226819	0.00729398	1.09415	0.0104965
0.02	0.3	0.6	0.126574	0.00964042	0.140614	0.00924444	1.11093	0.0133565
0.02	0.3	0.65	0.0709552	0.012858	0.08112	0.0121535	1.14326	0.0176929
0.02	0.3	0.7	0.0362959	0.0179623	0.041831	0.0169083	1.1525	0.0246685
0.02	0.3	0.75	0.00758648	0.0277669	0.00836024	0.0267275	1.10199	0.0385404
0.02	0.3	0.85	0	0	0	0	0	0
0.02	0.5	0	15.5471	0.00147385	15.9223	0.00148223	1.02414	0.00209028
0.02	0.5	0.2	2.45831	0.00347519	2.55568	0.0034965	1.03961	0.00492976
0.02	0.5	0.25	1.65213	0.00416233	1.75593	0.00414629	1.06283	0.00587509
0.02	0.5	0.3	1.15356	0.00492356	1.22132	0.00491309	1.05873	0.00695556
0.02	0.5	0.35	0.72295	0.00615573	0.769439	0.00612683	1.0643	0.00868511
0.02	0.5	0.4	0.310448	0.0092998	0.348939	0.00901007	1.12399	0.0129487
0.02	0.5	0.45	0.0805599	0.0181525	0.0878339	0.0178488	1.09029	0.0254577
0.02	0.5	0.5	0	0	0	0	0	0
0.02	0.5	0.55	0	0	0	0	0	0
0.02	0.5	0.6	0	0	0	0	0	0
0.02	0.5	0.65	0	0	0	0	0	0
0.02	0.5	0.7	0	0	0	0	0	0
0.02	0.5	0.75	0	0	0	0	0	0
0.02	0.5	0.85	0	0	0	0	0	0
0.02	0.7	0	19.1217	0.00186476	19.7785	0.00188382	1.03435	0.00265069
0.02	0.7	0.2	2.45242	0.00457207	2.60468	0.00463709	1.06209	0.00651202
0.02	0.7	0.25	1.53103	0.00566657	1.6234	0.00575499	1.06034	0.0080765
0.02	0.7	0.3	0.468299	0.00998983	0.513217	0.00999126	1.09592	0.0141288
0.02	0.7	0.35	0	0	0	0	0	0
0.02	0.7	0.4	0	0	0	0	0	0
0.02	0.7	0.45	0	0	0	0	0	0
0.02	0.7	0.5	0	0	0	0	0	0
0.02	0.7	0.55	0	0	0	0	0	0
0.02	0.7	0.6	0	0	0	0	0	0
0.02	0.7	0.65	0	0	0	0	0	0
0.02	0.7	0.7	0	0	0	0	0	0
0.02	0.7	0.75	0	0	0	0	0	0
0.02	0.7	0.85	0	0	0	0	0	0
0.03	0.1	0	1.46511	0.00196865	1.48418	0.00191174	1.01301	0.00274415
0.03	0.1	0.2	2.15322	0.0022573	2.21189	0.00217607	1.02725	0.0031354
0.03	0.1	0.25	1.55004	0.00262402	1.59185	0.00252722	1.02697	0.00364312
0.03	0.1	0.3	1.13836	0.00303257	1.16849	0.00291914	1.02647	0.00420926
0.03	0.1	0.35	0.857517	0.00347076	0.882055	0.00333583	1.02862	0.00481394
0.03	0.1	0.4	0.65353	0.00395621	0.669192	0.00380918	1.02396	0.00549195
0.03	0.1	0.45	0.504478	0.00448661	0.515732	0.00432204	1.02231	0.00622974
0.03	0.1	0.5	0.391163	0.00508109	0.403603	0.00487157	1.0318	0.00703915
0.03	0.1	0.55	0.301165	0.00577794	0.316036	0.00549278	1.04938	0.00797215
0.03	0.1	0.6	0.237436	0.0064971	0.248136	0.00618797	1.04506	0.00897237
0.03	0.1	0.65	0.185216	0.0073467	0.193487	0.00699757	1.04466	0.0101459
0.03	0.1	0.7	0.141851	0.00838587	0.148686	0.00797313	1.04818	0.0115712
0.03	0.1	0.75	0.0888044	0.00750097	0.0932596	0.00712579	1.05017	0.0103461
0.03	0.1	0.85	0.0294942	0.0106038	0.0330029	0.00975803	1.11896	0.0144104
0.03	0.15	0	3.85405	0.00181012	3.94512	0.00177281	1.02363	0.00253365
0.03	0.15	0.2	2.34462	0.00294732	2.4052	0.00286906	1.02584	0.00411317
0.03	0.15	0.25	1.65146	0.00345689	1.7103	0.00334748	1.03563	0.00481204
0.03	0.15	0.3	1.19358	0.00402303	1.22691	0.00390658	1.02792	0.00560768
0.03	0.15	0.35	0.878224	0.00465501	0.905302	0.00451211	1.03083	0.00648293
0.03	0.15	0.4	0.64953	0.0053831	0.680896	0.00517384	1.04829	0.00746635
0.03	0.15	0.45	0.480229	0.00623476	0.503638	0.00598909	1.04875	0.00864531
0.03	0.15	0.5	0.365017	0.0071312	0.375343	0.00691506	1.02829	0.00993338
0.03	0.15	0.55	0.275253	0.00819396	0.28564	0.00790877	1.03774	0.0113881
0.03	0.15	0.6	0.206016	0.00945512	0.219688	0.00900292	1.06637	0.0130557
0.03	0.15	0.65	0.153988	0.0109223	0.165409	0.010361	1.07417	0.0150548
0.03	0.15	0.7	0.114556	0.0126509	0.120637	0.0121183	1.05308	0.0175186
0.03	0.15	0.75	0.0670585	0.0116977	0.0698167	0.0112694	1.04113	0.016243
0.03	0.15	0.85	0.0196214	0.017624	0.0209512	0.0167638	1.06777	0.0243234
0.03	0.2	0	6.81521	0.0014802	6.98124	0.0014666	1.02436	0.00208372
0.03	0.2	0.2	2.47647	0.00283893	2.55768	0.00278968	1.03279	0.00398018
0.03	0.2	0.25	1.6982	0.00336841	1.77415	0.00329045	1.04472	0.00470885
0.03	0.2	0.3	1.19852	0.00396312	1.24834	0.00387473	1.04157	0.00554255
0.03	0.2	0.35	0.86101	0.00463843	0.902233	0.0045202	1.04788	0.00647667
0.03	0.2	0.4	0.62306	0.0054215	0.656105	0.00526915	1.05304	0.0075602
0.03	0.2	0.45	0.455085	0.00631775	0.481076	0.00612717	1.05711	0.00880092
0.03	0.2	0.5	0.336004	0.00733109	0.360551	0.00705655	1.07306	0.0101755
0.03	0.2	0.55	0.245445	0.00855844	0.263796	0.00823	1.07477	0.0118735
0.03	0.2	0.6	0.183941	0.00987122	0.195555	0.0095425	1.06314	0.0137295
0.03	0.2	0.65	0.135101	0.0115042	0.143095	0.0111408	1.05917	0.0160144
0.03	0.2	0.7	0.0927611	0.013869	0.103561	0.0130828	1.11643	0.0190659
0.03	0.2	0.75	0.0532359	0.0129497	0.0569825	0.0124746	1.07038	0.0179808
0.03	0.2	0.85	0.0112422	0.022967	0.0122435	0.0219309	1.08907	0.031756
0.03	0.3	0	10.8096	0.00145102	11.0038	0.00144666	1.01796	0.00204897
0.03	0.3	0.2	2.41911	0.00318367	2.50956	0.00313934	1.03739	0.00447116
0.03	0.3	0.25	1.66805	0.00376923	1.74167	0.00370385	1.04413	0.00528447
0.03	0.3	0.3	1.16975	0.00444897	1.23018	0.0043552	1.05166	0.00622584
0.03	0.3	0.35	0.853472	0.00516942	0.899826	0.0050527	1.05431	0.0072286
0.03	0.3	0.4	0.626378	0.00600123	0.659164	0.00586954	1.05234	0.00839442
0.03	0.3	0.45	0.464118	0.00694431	0.496275	0.00673797	1.06929	0.00967594
0.03	0.3	0.5	0.318964	0.00834694	0.349987	0.00799497	1.09726	0.0115582
0.03	0.3	0.55	0.203842	0.0104116	0.219729	0.010058	1.07794	0.0144764
0.03	0.3	0.6	0.125031	0.0132681	0.136723	0.0127247	1.09352	0.0183836
0.03	0.3	0.65	0.0688587	0.0178537	0.0789159	0.0167249	1.14606	0.0244638
0.03	0.3	0.7	0.0335544	0.0255536	0.0405903	0.0232982	1.20969	0.0345802
0.03	0.3	0.75	0.00777613	0.0375175	0.00810268	0.0368503	1.04199	0.0525881
0.03	0.3	0.85	0	0	0	0	0	0
0.03	0.5	0	15.5943	0.0020077	15.9754	0.00201679	1.02444	0.00284575
0.03	0.5	0.2	2.47177	0.00472525	2.56259	0.00474847	1.03674	0.00669895
0.03	0.5	0.25	1.648	0.00567991	1.74512	0.00565329	1.05893	0.0080138
0.03	0.5	0.3	1.14212	0.00674263	1.21171	0.0067043	1.06093	0.00950845
0.03	0.5	0.35	0.72495	0.00837921	0.772057	0.00831534	1.06498	0.0118049
0.03	0.5	0.4	0.318882	0.0125097	0.336523	0.0124681	1.05532	0.017662
0.03	0.5	0.45	0.0831096	0.0243613	0.082895	0.0249715	0.997418	0.0348862
0.03	0.5	0.5	0	0	0	0	0	0
0.03	0.5	0.55	0	0	0	0	0	0
0.03	0.5	0.6	0	0	0	0	0	0
0.03	0.5	0.65	0	0	0	0	0	0
0.03	0.5	0.7	0	0	0	0	0	0
0.03	0.5	0.75	0	0	0	0	0	0
0.03	0.5	0.85	0	0	0	0	0	0
0.03	0.7	0	19.0801	0.00255324	19.7704	0.00257246	1.03618	0.00362444
0.03	0.7	0.2	2.48022	0.00622642	2.57065	0.00634621	1.03646	0.0088906
0.03	0.7	0.25	1.54803	0.00771609	1.61115	0.00785571	1.04077	0.0110114
0.03	0.7	0.3	0.488036	0.0134001	0.517924	0.0135257	1.06124	0.0190396
0.03	0.7	0.35	0	0	0	0	0	0
0.03	0.7	0.4	0	0	0	0	0	0
0.03	0.7	0.45	0	0	0	0	0	0
0.03	0.7	0.5	0	0	0	0	0	0
0.03	0.7	0.55	0	0	0	0	0	0
0.03	0.7	0.6	0	0	0	0	0	0
0.03	0.7	0.65	0	0	0	0	0	0
0.03	0.7	0.7	0	0	0	0	0	0
0.03	0.7	0.75	0	0	0	0	0	0
0.03	0.7	0.85	0	0	0	0	0	0
0.04	0.1	0	1.39299	0.00188597	1.41508	0.00183257	1.01586	0.00262967
0.04	0.1	0.2	2.13853	0.00212181	2.17786	0.00205765	1.01839	0.00295567
0.04	0.1	0.25	1.5309	0.00247313	1.56922	0.00238902	1.02503	0.00343857
0.04	0.1	0.3	1.12496	0.00285772	1.15857	0.00275249	1.02988	0.00396772
0.04	0.1	0.35	0.845356	0.00327472	0.87369	0.00314718	1.03352	0.00454187
0.04	0.1	0.4	0.643698	0.00373458	0.665391	0.00358738	1.0337	0.00517846
0.04	0.1	0.45	0.496061	0.00423894	0.513154	0.00406918	1.03446	0.00587595
0.04	0.1	0.5	0.387826	0.00478142	0.397404	0.00461024	1.0247	0.00664201
0.04	0.1	0.55	0.298578	0.00543743	0.311845	0.00519292	1.04444	0.00751878
0.04	0.1	0.6	0.233988	0.00613244	0.244961	0.00584899	1.04689	0.00847452
0.04	0.1	0.65	0.183628	0.00691385	0.19061	0.00662129	1.03803	0.00957302
0.04	0.1	0.7	0.138278	0.00795838	0.147711	0.00751318	1.06822	0.0109446
0.04	0.1	0.75	0.0870562	0.00709859	0.0914538	0.00675792	1.05051	0.00980099
0.04	0.1	0.85	0.0296798	0.00990554	0.0312306	0.00942035	1.05225	0.0136698
0.04	0.15	0	3.84287	0.00174806	3.93115	0.00171846	1.02297	0.00245129
0.04	0.15	0.2	2.3433	0.00284402	2.39438	0.00278563	1.0218	0.00398098
0.04	0.15	0.25	1.64621	0.0033398	1.70001	0.00325311	1.03268	0.0046623
0.04	0.15	0.3	1.18781	0.00388993	1.2224	0.00379291	1.02912	0.00543302
0.04	0.15	0.35	0.861099	0.0045333	0.902747	0.00437947	1.04837	0.00630322
0.04	0.15	0.4	0.637999	0.00523837	0.669212	0.00505736	1.04892	0.0072813
0.04	0.15	0.45	0.474924	0.00604744	0.496527	0.00584613	1.04549	0.00841122
0.04	0.15	0.5	0.356791	0.00695697	0.372345	0.00672999	1.0436	0.00967947
0.04	0.15	0.55	0.272793	0.00793985	0.28338	0.00769713	1.03881	0.0110583
0.04	0.15	0.6	0.203284	0.00918187	0.216407	0.00879309	1.06455	0.0127132
0.04	0.15	0.65	0.150673	0.0106512	0.161052	0.0101785	1.06888	0.0147326
0.04	0.15	0.7	0.108361	0.0125466	0.11738	0.0119093	1.08323	0.0172988
0.04	0.15	0.75	0.0628668	0.0116526	0.0692894	0.0109666	1.10216	0.0160015
0.04	0.15	0.85	0.0182382	0.0176331	0.0202501	0.0165304	1.11031	0.0241698
0.04	0.2	0	6.60048	0.00145019	6.72923	0.00143714	1.01951	0.00204167
0.04	0.2	0.2	2.41848	0.0027841	2.48154	0.00273908	1.02608	0.0039056
0.04	0.2	0.25	1.66434	0.00329917	1.72542	0.00322861	1.0367	0.00461611
0.04	0.2	0.3	1.18903	0.00386022	1.2382	0.00376784	1.04135	0.00539425
0.04	0.2	0.35	0.85967	0.00450443	0.900825	0.00438182	1.04787	0.00628413
0.04	0.2	0.4	0.630403	0.00523115	0.663782	0.00507526	1.05295	0.00728857
0.04	0.2	0.45	0.470173	0.00603371	0.494416	0.00585624	1.05156	0.0084084
0.04	0.2	0.5	0.349193	0.00698061	0.370014	0.0067487	1.05963	0.00970947
0.04	0.2	0.55	0.259921	0.00807329	0.281014	0.00772688	1.08115	0.0111751
0.04	0.2	0.6	0.193678	0.00933727	0.20935	0.00893624	1.08092	0.0129244
0.04	0.2	0.65	0.141885	0.0108952	0.154858	0.010376	1.09143	0.0150455
0.04	0.2	0.7	0.104808	0.012665	0.111879	0.0121942	1.06747	0.0175813
0.04	0.2	0.75	0.0588176	0.0119584	0.0648066	0.0113344	1.10182	0.0164764
0.04	0.2	0.85	0.0130613	0.0206794	0.0148224	0.0193096	1.13484	0.0282931
0.04	0.3	0	10.7995	0.00140223	10.9739	0.00140119	1.01615	0.00198232
0.04	0.3	0.2	2.43181	0.00306875	2.4972	0.00305023	1.02689	0.00432679
0.04	0.3	0.25	1.66133	0.00364845	1.72648	0.00360577	1.03922	0.0051296
0.04	0.3	0.3	1.17752	0.00428497	1.22033	0.00423918	1.03636	0.00602757
0.04	0.3	0.35	0.847336	0.00501177	0.892964	0.00491778	1.05385	0.00702157
0.04	0.3	0.4	0.620081	0.0058266	0.661051	0.00568428	1.06607	0.00814004
0.04	0.3	0.45	0.458165	0.00675175	0.494128	0.00654837	1.0785	0.00940571
0.04	0.3	0.5	0.315543	0.00810735	0.344374	0.00781566	1.09137	0.0112612
0.04	0.3	0.55	0.198138	0.0102015	0.222626	0.00969184	1.12359	0.0140714
0.04	0.3	0.6	0.121039	0.0130274	0.137385	0.0123117	1.13505	0.0179246
0.04	0.3	0.65	0.0707492	0.0170183	0.0760563	0.0165222	1.07501	0.0237193
0.04	0.3	0.7	0.0343435	0.0244039	0.0400242	0.0227556	1.16541	0.0333672
0.04	0.3	0.75	0.0073914	0.0371784	0.00886324	0.0341743	1.19913	0.0504987
0.04	0.3	0.85	0	0	0	0	0	0
0.04	0.5	0	15.6214	0.00194268	15.9751	0.00195179	1.02264	0.00275382
0.04	0.5	0.2	2.46978	0.00457542	2.59505	0.00456872	1.05072	0.00646588
0.04	0.5	0.25	1.64555	0.0055016	1.72671	0.00549663	1.04932	0.00777692
0.04	0.5	0.3	1.14821	0.00651008	1.20716	0.00649815	1.05134	0.00919821
0.04	0.5	0.35	0.728873	0.00808952	0.762407	0.0080942	1.04601	0.0114436
0.04	0.5	0.4	0.31524	0.0121773	0.337611	0.0120439	1.07096	0.0171272
0.04	0.5	0.45	0.0787411	0.024223	0.0857401	0.0237574	1.08889	0.0339289
0.04	0.5	0.5	0	0	0	0	0	0
0.04	0.5	0.55	0	0	0	0	0	0
0.04	0.5	0.6	0	0	0	0	0	0
0.04	0.5	0.65	0	0	0	0	0	0
0.04	0.5	0.7	0	0	0	0	0	0
0.04	0.5	0.75	0	0	0	0	0	0
0.04	0.5	0.85	0	0	0	0	0	0
0.04	0.7	0	19.1776	0.00247143	19.8048	0.00249247	1.03271	0.00351004
0.04	0.7	0.2	2.45645	0.00605811	2.61348	0.00610939	1.06392	0.0086038
0.04	0.7	0.25	1.54313	0.00748642	1.64978	0.0075354	1.06911	0.0106221
0.04	0.7	0.3	0.467941	0.0132514	0.497084	0.0133845	1.06228	0.0188347
0.04	0.7	0.35	0	0	0	0	0	0
0.04	0.7	0.4	0	0	0	0	0	0
0.04	0.7	0.45	0	0	0	0	0	0
0.04	0.7	0.5	0	0	0	0	0	0
0.04	0.7	0.55	0	0	0	0	0	0
0.04	0.7	0.6	0	0	0	0	0	0
0.04	0.7	0.65	0	0	0	0	0	0
0.04	0.7	0.7	0	0	0	0	0	0
0.04	0.7	0.75	0	0	0	0	0	0
0.04	0.7	0.85	0	0	0	0	0	0
0.06	0.1	0	1.37094	0.00203901	1.38678	0.00199692	1.01155	0.00285399
0.06	0.1	0.2	2.09543	0.00229903	2.13898	0.00224098	1.02079	0.00321054
0.06	0.1	0.25	1.49765	0.00268239	1.53568	0.0026073	1.02539	0.00374075
0.06	0.1	0.3	1.10506	0.00309407	1.14244	0.00299422	1.03383	0.00430565
0.06	0.1	0.35	0.827617	0.0035517	0.853686	0.00343924	1.0315	0.00494397
0.06	0.1	0.4	0.630011	0.00405141	0.651259	0.00391779	1.03373	0.00563587
0.06	0.1	0.45	0.484716	0.00460258	0.505255	0.00443166	1.04237	0.00638932
0.06	0.1	0.5	0.375242	0.00521707	0.393482	0.00500761	1.04861	0.00723145
0.06	0.1	0.55	0.296273	0.00585993	0.304917	0.00567574	1.02917	0.00815799
0.06	0.1	0.6	0.230378	0.00663456	0.240565	0.00637945	1.04422	0.00920406
0.06	0.1	0.65	0.176954	0.00756011	0.186346	0.00723828	1.05308	0.0104665
0.06	0.1	0.7	0.135159	0.00864143	0.141662	0.0082922	1.04811	0.0119764
0.06	0.1	0.75	0.083284	0.00779024	0.088841	0.00741101	1.06672	0.0107522
0.06	0.1	0.85	0.0274155	0.0110631	0.0296862	0.0104441	1.08283	0.0152142
0.06	0.15	0	3.79867	0.0018967	3.86083	0.00186925	1.01636	0.002663
0.06	0.15	0.2	2.29656	0.00310082	2.38251	0.00301744	1.03742	0.00432666
0.06	0.15	0.25	1.62151	0.00363395	1.68633	0.00352916	1.03997	0.00506562
0.06	0.15	0.3	1.16583	0.0042403	1.20673	0.00412449	1.03508	0.00591536
0.06	0.15	0.35	0.856482	0.00491086	0.891486	0.004762	1.04087	0.00684056
0.06	0.15	0.4	0.637118	0.00566384	0.65541	0.0055216	1.02871	0.00790994
0.06	0.15	0.45	0.463131	0.00661501	0.487135	0.0063779	1.05183	0.0091889
0.06	0.15	0.5	0.355143	0.00753411	0.361354	0.00738187	1.01749	0.0105477
0.06	0.15	0.55	0.260445	0.00877734	0.277255	0.00840955	1.06455	0.0121558
0.06	0.15	0.6	0.197814	0.0100559	0.20783	0.00969606	1.05063	0.013969
0.06	0.15	0.65	0.147108	0.0116462	0.156404	0.0111624	1.06319	0.0161318
0.06	0.15	0.7	0.104958	0.0137734	0.113021	0.0131167	1.07682	0.0190198
0.06	0.15	0.75	0.0612141	0.0127584	0.0658967	0.0121525	1.0765	0.0176198
0.06	0.15	0.85	0.0168163	0.0198396	0.0183728	0.0187549	1.09256	0.0273012
0.06	0.2	0	6.5578	0.00156756	6.65372	0.00155776	1.01463	0.00220994
0.06	0.2	0.2	2.38548	0.00302201	2.46283	0.00297094	1.03242	0.00423781
0.06	0.2	0.25	1.66374	0.00355979	1.71778	0.00349753	1.03248	0.00499047
0.06	0.2	0.3	1.18047	0.0041787	1.2285	0.00408864	1.04069	0.00584624
0.06	0.2	0.35	0.846858	0.00489458	0.893569	0.00475586	1.05516	0.0068246
0.06	0.2	0.4	0.617085	0.00570219	0.654201	0.00552612	1.06015	0.00794059
0.06	0.2	0.45	0.461315	0.00657005	0.487943	0.00637273	1.05772	0.00915299
0.06	0.2	0.5	0.339743	0.00763304	0.365764	0.00733842	1.07659	0.0105885
0.06	0.2	0.55	0.256593	0.00876518	0.26693	0.00856923	1.04028	0.0122581
0.06	0.2	0.6	0.191856	0.0101205	0.204999	0.00976328	1.0685	0.0140622
0.06	0.2	0.65	0.136773	0.01197	0.153744	0.0112594	1.12408	0.0164334
0.06	0.2	0.7	0.0984293	0.0140968	0.10599	0.0135446	1.07682	0.0195493
0.06	0.2	0.75	0.0555501	0.0132728	0.06137	0.0125918	1.10477	0.0182953
0.06	0.2	0.85	0.0121909	0.0230905	0.0134358	0.0219276	1.10211	0.0318432
0.06	0.3	0	10.7107	0.00150908	10.9124	0.00151142	1.01883	0.00213582
0.06	0.3	0.2	2.42131	0.00330238	2.49736	0.0032938	1.03141	0.00466421
0.06	0.3	0.25	1.65532	0.00392522	1.71212	0.00390956	1.03432	0.00554004
0.06	0.3	0.3	1.16298	0.0046294	1.22924	0.0045636	1.05697	0.00650059
0.06	0.3	0.35	0.847987	0.00538096	0.889864	0.00532165	1.04938	0.007568
0.06	0.3	0.4	0.619061	0.00626311	0.650558	0.00618903	1.05088	0.00880515
0.06	0.3	0.45	0.455309	0.00727398	0.478348	0.00718819	1.0506	0.0102265
0.06	0.3	0.5	0.31238	0.00875106	0.338044	0.00852213	1.08215	0.0122151
0.06	0.3	0.55	0.197387	0.0109777	0.214405	0.010669	1.08622	0.0153081
0.06	0.3	0.6	0.118903	0.0141165	0.131706	0.0135854	1.10767	0.0195918
0.06	0.3	0.65	0.0663532	0.0188723	0.0722895	0.0183109	1.08947	0.0262956
0.06	0.3	0.7	0.0349314	0.0259901	0.0371954	0.0255055	1.06481	0.0364145
0.06	0.3	0.75	0.00760812	0.0393594	0.00917809	0.03629	1.20635	0.0535363
0.06	0.3	0.85	0	0	0	0	0	0
0.06	0.5	0	15.5521	0.0020992	15.8887	0.00211136	1.02164	0.00297733
0.06	0.5	0.2	2.47651	0.00493377	2.57332	0.00496094	1.03909	0.00699664
0.06	0.5	0.25	1.63654	0.00595477	1.73358	0.00593575	1.0593	0.00840788
0.06	0.5	0.3	1.14615	0.00703443	1.212	0.00701722	1.05745	0.00993602
0.06	0.5	0.35	0.716433	0.00880652	0.748035	0.00883853	1.04411	0.012477
0.06	0.5	0.4	0.318254	0.0130855	0.333952	0.0131018	1.04933	0.0185173
0.06	0.5	0.45	0.0784772	0.0261956	0.0848141	0.025846	1.08075	0.0367998
0.06	0.5	0.5	0	0	0	0	0	0
0.06	0.5	0.55	0	0	0	0	0	0
0.06	0.5	0.6	0	0	0	0	0	0
0.06	0.5	0.65	0	0	0	0	0	0
0.06	0.5	0.7	0	0	0	0	0	0
0.06	0.5	0.75	0	0	0	0	0	0
0.06	0.5	0.85	0	0	0	0	0	0
0.06	0.7	0	19.0085	0.00267789	19.6323	0.00269898	1.03282	0.00380205
0.06	0.7	0.2	2.45646	0.0065542	2.58562	0.0066303	1.05258	0.009323
0.06	0.7	0.25	1.52775	0.00813725	1.61269	0.00822481	1.0556	0.0115699
0.06	0.7	0.3	0.470655	0.0142961	0.484232	0.0146404	1.02885	0.0204627
0.06	0.7	0.35	0	0	0	0	0	0
0.06	0.7	0.4	0	0	0	0	0	0
0.06	0.7	0.45	0	0	0	0	0	0
0.06	0.7	0.5	0	0	0	0	0	0
0.06	0.7	0.55	0	0	0	0	0	0
0.06	0.7	0.6	0	0	0	0	0	0
0.06	0.7	0.65	0	0	0	0	0	0
0.06	0.7	0.7	0	0	0	0	0	0
0.06	0.7	0.75	0	0	0	0	0	0
0.06	0.7	0.85	0	0	0	0	0	0
0.1	0.1	0	1.33351	0.00309346	1.3457	0.00301291	1.00914	0.00431823
0.1	0.1	0.2	2.01913	0.00350412	2.0551	0.003397	1.01782	0.00488041
0.1	0.1	0.25	1.45525	0.00407435	1.47338	0.00395615	1.01246	0.00567904
0.1	0.1	0.3	1.07243	0.00470364	1.10485	0.00452726	1.03024	0.00652842
0.1	0.1	0.35	0.798279	0.00541623	0.825718	0.00520039	1.03437	0.00750863
0.1	0.1	0.4	0.614185	0.00614743	0.633665	0.00590758	1.03172	0.00852587
0.1	0.1	0.45	0.481908	0.00691773	0.493038	0.00667327	1.0231	0.00961184
0.1	0.1	0.5	0.375033	0.00782123	0.382651	0.00755343	1.02031	0.0108732
0.1	0.1	0.55	0.289393	0.00888487	0.296105	0.00856745	1.0232	0.0123427
0.1	0.1	0.6	0.228974	0.00997365	0.235369	0.00959435	1.02793	0.0138393
0.1	0.1	0.65	0.170875	0.0115288	0.183793	0.0108429	1.0756	0.0158266
0.1	0.1	0.7	0.133358	0.0130379	0.135512	0.0126117	1.01615	0.0181395
0.1	0.1	0.75	0.0830841	0.0116896	0.0878194	0.0110893	1.05699	0.0161127
0.1	0.1	0.85	0.0284716	0.0162717	0.0290413	0.0157088	1.02001	0.0226171
0.1	0.15	0	3.73407	0.00285982	3.7688	0.00281357	1.0093	0.00401183
0.1	0.15	0.2	2.2564	0.00468328	2.31078	0.00455986	1.0241	0.00653647
0.1	0.15	0.25	1.59092	0.00549342	1.64094	0.00532656	1.03144	0.00765179
0.1	0.15	0.3	1.15615	0.00637884	1.18362	0.00620284	1.02376	0.00889746
0.1	0.15	0.35	0.841509	0.00742106	0.873998	0.00716365	1.03861	0.0103146
0.1	0.15	0.4	0.621192	0.00859161	0.646069	0.0082848	1.04005	0.0119354
0.1	0.15	0.45	0.459846	0.00994663	0.485163	0.00952179	1.05506	0.0137695
0.1	0.15	0.5	0.345418	0.0114444	0.366393	0.010924	1.06072	0.0158211
0.1	0.15	0.55	0.266257	0.0130097	0.272639	0.0126335	1.02397	0.0181344
0.1	0.15	0.6	0.195857	0.0151423	0.204458	0.0145632	1.04391	0.021009
0.1	0.15	0.65	0.147515	0.017427	0.151509	0.0168947	1.02707	0.024272
0.1	0.15	0.7	0.104911	0.020643	0.109545	0.0198474	1.04417	0.0286365
0.1	0.15	0.75	0.0591929	0.0194392	0.0656925	0.0181331	1.1098	0.0265836
0.1	0.15	0.85	0.0166031	0.0299179	0.0171919	0.028882	1.03547	0.0415843
0.1	0.2	0	6.43155	0.00234774	6.54763	0.002331	1.01805	0.00330839
0.1	0.2	0.2	2.37671	0.0045069	2.4185	0.00446054	1.01758	0.00634102
0.1	0.2	0.25	1.6336	0.00534514	1.70166	0.00523156	1.04166	0.00747929
0.1	0.2	0.3	1.16156	0.00626933	1.22193	0.0061047	1.05197	0.00875053
0.1	0.2	0.35	0.851623	0.00726799	0.876612	0.00714828	1.02934	0.0101942
0.1	0.2	0.4	0.62492	0.00843824	0.6449	0.00828747	1.03197	0.0118273
0.1	0.2	0.45	0.458842	0.00980793	0.479942	0.00956801	1.04599	0.0137019
0.1	0.2	0.5	0.343851	0.011298	0.363164	0.0109677	1.05617	0.0157459
0.1	0.2	0.55	0.253196	0.0131367	0.268093	0.0127351	1.05884	0.0182963
0.1	0.2	0.6	0.187782	0.0152295	0.200051	0.0147177	1.06533	0.021179
0.1	0.2	0.65	0.136695	0.0178273	0.150328	0.0169572	1.09974	0.0246041
0.1	0.2	0.7	0.101529	0.0206675	0.10112	0.0206501	0.995971	0.029216
0.1	0.2	0.75	0.0539357	0.0200539	0.0587326	0.0191674	1.08894	0.0277407
0.1	0.2	0.85	0.0119809	0.0346791	0.0133711	0.0327365	1.11603	0.0476898
0.1	0.3	0	10.6191	0.00226728	10.7651	0.00226548	1.01375	0.00320515
0.1	0.3	0.2	2.42569	0.0049473	2.50486	0.00489967	1.03263	0.00696294
0.1	0.3	0.25	1.63644	0.00591639	1.68836	0.0058597	1.03173	0.00832705
0.1	0.3	0.3	1.16975	0.0069219	1.20412	0.00686149	1.02938	0.00974642
0.1	0.3	0.35	0.843052	0.00809034	0.879144	0.00796896	1.04281	0.011356
0.1	0.3	0.4	0.625538	0.00934306	0.63983	0.00928797	1.02285	0.0131742
0.1	0.3	0.45	0.447312	0.0110008	0.474937	0.0107377	1.06176	0.0153726
0.1	0.3	0.5	0.308851	0.0131942	0.326897	0.0128963	1.05843	0.0184499
0.1	0.3	0.55	0.196758	0.016485	0.22107	0.0156416	1.12356	0.0227248
0.1	0.3	0.6	0.121782	0.0209148	0.129903	0.0203595	1.06668	0.029188
0.1	0.3	0.65	0.0710574	0.027346	0.0711576	0.0274687	1.00141	0.0387599
0.1	0.3	0.7	0.0325635	0.0403567	0.0385214	0.0373033	1.18296	0.0549563
0.1	0.3	0.75	0.00651271	0.0637784	0.00698201	0.0619198	1.07206	0.0888918
0.1	0.3	0.85	0	0	0	0	0	0
0.1	0.5	0	15.3965	0.0031499	15.6858	0.00316127	1.01879	0.00446268
0.1	0.5	0.2	2.44272	0.00743398	2.55993	0.0074008	1.04798	0.0104898
0.1	0.5	0.25	1.64909	0.00888624	1.73216	0.00883581	1.05037	0.0125314
0.1	0.5	0.3	1.15574	0.0104931	1.20957	0.0104501	1.04658	0.0148091
0.1	0.5	0.35	0.700756	0.01333	0.753749	0.0130998	1.07562	0.0186894
0.1	0.5	0.4	0.312062	0.0197869	0.332004	0.0195437	1.0639	0.0278114
0.1	0.5	0.45	0.0748275	0.0401713	0.0864958	0.0380659	1.15594	0.0553421
0.1	0.5	0.5	0	0	0	0	0	0
0.1	0.5	0.55	0	0	0	0	0	0
0.1	0.5	0.6	0	0	0	0	0	0
0.1	0.5	0.65	0	0	0	0	0	0
0.1	0.5	0.7	0	0	0	0	0	0
0.1	0.5	0.75	0	0	0	0	0	0
0.1	0.5	0.85	0	0	0	0	0	0
0.1	0.7	0	18.918	0.00406633	19.3178	0.00407694	1.02114	0.00575817
0.1	0.7	0.2	2.47258	0.00991533	2.57711	0.00989112	1.04228	0.0140053
0.1	0.7	0.25	1.51981	0.012376	1.62628	0.0121947	1.07006	0.0173746
0.1	0.7	0.3	0.478333	0.0215198	0.504793	0.0213322	1.05532	0.0303012
0.1	0.7	0.35	0	0	0	0	0	0
0.1	0.7	0.4	0	0	0	0	0	0
0.1	0.7	0.45	0	0	0	0	0	0
0.1	0.7	0.5	0	0	0	0	0	0
0.1	0.7	0.55	0	0	0	0	0	0
0.1	0.7	0.6	0	0	0	0	0	0
0.1	0.7	0.65	0	0	0	0	0	0
0.1	0.7	0.7	0	0	0	0	0	0
0.1	0.7	0.75	0	0	0	0	0	0
0.1	0.7	0.85	0	0	0	0	0	0
0.14	0.1	0	1.28728	0.00417882	1.31461	0.00404592	1.02123	0.00581653
0.14	0.1	0.2	1.95403	0.00473028	1.99039	0.00458085	1.01861	0.00658481
0.14	0.1	0.25	1.40042	0.00551668	1.42528	0.00533991	1.01775	0.00767779
0.14	0.1	0.3	1.04345	0.0063375	1.0491	0.00616644	1.00542	0.00884245
0.14	0.1	0.35	0.776227	0.00730104	0.797413	0.0070284	1.02729	0.0101343
0.14	0.1	0.4	0.596032	0.0082957	0.608361	0.00800814	1.02069	0.0115304
0.14	0.1	0.45	0.465545	0.00935678	0.477866	0.00900551	1.02646	0.0129865
0.14	0.1	0.5	0.365928	0.0105281	0.373605	0.0101575	1.02098	0.0146293
0.14	0.1	0.55	0.285589	0.0118938	0.296903	0.0113717	1.03962	0.0164553
0.14	0.1	0.6	0.224129	0.0134055	0.223906	0.01307	0.999005	0.0187225
0.14	0.1	0.65	0.173385	0.0152223	0.185536	0.0143437	1.07009	0.0209155
0.14	0.1	0.7	0.128216	0.0176818	0.138547	0.0165784	1.08058	0.0242382
0.14	0.1	0.75	0.0827091	0.0155814	0.0846783	0.0150069	1.02381	0.021633
0.14	0.1	0.85	0.0277622	0.0219142	0.0306455	0.0203267	1.10386	0.0298899
0.14	0.15	0	3.65589	0.00380481	3.67939	0.00376115	1.00643	0.00535003
0.14	0.15	0.2	2.21684	0.00623222	2.2772	0.00608811	1.02723	0.00871239
0.14	0.15	0.25	1.56179	0.00731477	1.57273	0.00720637	1.00701	0.0102683
0.14	0.15	0.3	1.1095	0.00858704	1.14125	0.00837262	1.02861	0.0119932
0.14	0.15	0.35	0.829222	0.00986666	0.852534	0.00961915	1.02811	0.0137797
0.14	0.15	0.4	0.604128	0.0114969	0.626703	0.0111568	1.03737	0.0160204
0.14	0.15	0.45	0.465459	0.0130539	0.475015	0.0127665	1.02053	0.0182589
0.14	0.15	0.5	0.342215	0.0151781	0.361118	0.0146003	1.05524	0.0210605
0.14	0.15	0.55	0.263695	0.0172575	0.272085	0.0167825	1.03182	0.0240723
0.14	0.15	0.6	0.19595	0.0199861	0.20293	0.0193988	1.03562	0.0278525
0.14	0.15	0.65	0.144017	0.0232828	0.153426	0.022282	1.06533	0.0322269
0.14	0.15	0.7	0.104796	0.0272676	0.105055	0.0268942	1.00247	0.0382991
0.14	0.15	0.75	0.0577076	0.0259898	0.0647336	0.0242414	1.12175	0.0355403
0.14	0.15	0.85	0.0168459	0.0392125	0.0184413	0.0370135	1.09471	0.0539223
0.14	0.2	0	6.33842	0.0031346	6.41662	0.0031116	1.01234	0.00441676
0.14	0.2	0.2	2.34299	0.00602911	2.3951	0.00593846	1.02224	0.00846259
0.14	0.2	0.25	1.61577	0.00714108	1.65878	0.00701621	1.02662	0.0100111
0.14	0.2	0.3	1.1434	0.00839568	1.19209	0.00818578	1.04258	0.0117258
0.14	0.2	0.35	0.836091	0.00974651	0.864158	0.00953877	1.03357	0.0136375
0.14	0.2	0.4	0.603187	0.0114106	0.651188	0.0109316	1.07958	0.0158019
0.14	0.2	0.45	0.447663	0.0131951	0.471516	0.0127899	1.05328	0.0183764
0.14	0.2	0.5	0.337958	0.0151457	0.348722	0.014827	1.03185	0.0211951
0.14	0.2	0.55	0.252878	0.0174725	0.264875	0.0169772	1.04744	0.0243622
0.14	0.2	0.6	0.190897	0.0200792	0.192253	0.0198912	1.0071	0.0282637
0.14	0.2	0.65	0.135473	0.0238025	0.150442	0.0224625	1.1105	0.032728
0.14	0.2	0.7	0.0953724	0.0283403	0.106824	0.0266276	1.12007	0.0388871
0.14	0.2	0.75	0.0537852	0.0266932	0.0599283	0.0251465	1.11422	0.0366726
0.14	0.2	0.85	0.0112831	0.047498	0.0123799	0.04508	1.09721	0.0654849
0.14	0.3	0	10.4492	0.0030298	10.5583	0.00302616	1.01045	0.00428221
0.14	0.3	0.2	2.37403	0.00664883	2.46696	0.00655188	1.03914	0.00933457
0.14	0.3	0.25	1.66452	0.00781351	1.72696	0.0077014	1.03751	0.010971
0.14	0.3	0.3	1.15897	0.00925398	1.19089	0.00915962	1.02755	0.0130205
0.14	0.3	0.35	0.844317	0.0107611	0.876874	0.0105955	1.03856	0.0151018
0.14	0.3	0.4	0.618134	0.0125083	0.639073	0.0123407	1.03387	0.0175713
0.14	0.3	0.45	0.448989	0.0146162	0.490034	0.0140422	1.09142	0.0202686
0.14	0.3	0.5	0.319246	0.0172786	0.332695	0.016977	1.04213	0.0242233
0.14	0.3	0.55	0.196257	0.0219705	0.207522	0.0214298	1.0574	0.030691
0.14	0.3	0.6	0.117923	0.0282884	0.12989	0.0270353	1.10148	0.0391298
0.14	0.3	0.65	0.0660444	0.0377511	0.0742362	0.0357119	1.12403	0.0519662
0.14	0.3	0.7	0.0318026	0.0543557	0.0354673	0.0516165	1.11523	0.0749587
0.14	0.3	0.75	0.0071767	0.0808742	0.00778206	0.07788	1.08435	0.112276
0.14	0.3	0.85	0	0	0	0	0	0
0.14	0.5	0	15.2415	0.00419795	15.4229	0.00421685	1.0119	0.00595018
0.14	0.5	0.2	2.41085	0.00994575	2.49488	0.00994614	1.03485	0.0140657
0.14	0.5	0.25	1.65363	0.0118043	1.72904	0.0117486	1.0456	0.0166545
0.14	0.5	0.3	1.14754	0.0140036	1.21297	0.0138646	1.05702	0.0197061
0.14	0.5	0.35	0.713168	0.0175801	0.760115	0.0173324	1.06583	0.0246875
0.14	0.5	0.4	0.307954	0.0264901	0.336336	0.0257977	1.09216	0.0369763
0.14	0.5	0.45	0.0761905	0.0529522	0.0821568	0.0518807	1.07831	0.0741319
0.14	0.5	0.5	0	0	0	0	0	0
0.14	0.5	0.55	0	0	0	0	0	0
0.14	0.5	0.6	0	0	0	0	0	0
0.14	0.5	0.65	0	0	0	0	0	0
0.14	0.5	0.7	0	0	0	0	0	0
0.14	0.5	0.75	0	0	0	0	0	0
0.14	0.5	0.85	0	0	0	0	0	0
0.14	0.7	0	18.5852	0.00543748	19.1099	0.00544434	1.02823	0.00769461
0.14	0.7	0.2	2.4071	0.0133769	2.53315	0.0132818	1.05236	0.0188507
0.14	0.7	0.25	1.55476	0.0163249	1.60621	0.0163437	1.0331	0.0231002
0.14	0.7	0.3	0.475193	0.0287799	0.48696	0.028929	1.02476	0.0408065
0.14	0.7	0.35	0	0	0	0	0	0
0.14	0.7	0.4	0	0	0	0	0	0
0.14	0.7	0.45	0	0	0	0	0	0
0.14	0.7	0.5	0	0	0	0	0	0
0.14	0.7	0.55	0	0	0	0	0	0
0.14	0.7	0.6	0	0	0	0	0	0
0.14	0.7	0.65	0	0	0	0	0	0
0.14	0.7	0.7	0	0	0	0	0	0
0.14	0.7	0.75	0	0	0	0	0	0
0.14	0.7	0.85	0	0	0	0	0	0
0.18	0.1	0	1.39515	0.00339879	1.40435	0.00330612	1.00659	0.00474154
0.18	0.1	0.2	1.86862	0.00406843	1.89565	0.00393877	1.01446	0.00566269
0.18	0.1	0.25	1.33756	0.00474997	1.36686	0.00457914	1.02191	0.00659778
0.18	0.1	0.3	0.976173	0.00551284	1.00705	0.00528725	1.03163	0.00763849
0.18	0.1	0.35	0.742695	0.00628497	0.763989	0.00603315	1.02867	0.00871205
0.18	0.1	0.4	0.581404	0.00707578	0.59277	0.00681939	1.01955	0.00982704
0.18	0.1	0.45	0.451342	0.00800542	0.455737	0.00774996	1.00974	0.0111422
0.18	0.1	0.5	0.35166	0.0090472	0.358795	0.00871251	1.02029	0.0125602
0.18	0.1	0.55	0.277436	0.0101672	0.283075	0.00978949	1.02033	0.014114
0.18	0.1	0.6	0.219476	0.0114148	0.225369	0.0109549	1.02685	0.0158211
0.18	0.1	0.65	0.170908	0.0129198	0.170764	0.0125672	0.999159	0.0180238
0.18	0.1	0.7	0.126611	0.0149943	0.132731	0.0142402	1.04833	0.0206788
0.18	0.1	0.75	0.0798674	0.0133604	0.0840591	0.0126648	1.05248	0.0184091
0.18	0.1	0.85	0.0295973	0.0178882	0.0308885	0.0170249	1.04363	0.0246948
0.18	0.15	0	3.40651	0.00290805	3.4677	0.00284919	1.01796	0.0040712
0.18	0.15	0.2	2.09784	0.0047576	2.11113	0.00466457	1.00633	0.0066628
0.18	0.15	0.25	1.47336	0.00559623	1.50151	0.00545159	1.01911	0.00781266
0.18	0.15	0.3	1.07041	0.0065037	1.09051	0.00633332	1.01877	0.00907795
0.18	0.15	0.35	0.792311	0.00750936	0.815624	0.00727359	1.02942	0.0104545
0.18	0.15	0.4	0.588603	0.00866965	0.607392	0.00838486	1.03192	0.012061
0.18	0.15	0.45	0.452239	0.00985793	0.462374	0.00957509	1.02241	0.0137427
0.18	0.15	0.5	0.345314	0.0112519	0.352049	0.0109426	1.0195	0.0156954
0.18	0.15	0.55	0.264562	0.0128293	0.271612	0.0124324	1.02665	0.017865
0.18	0.15	0.6	0.198121	0.014801	0.210799	0.0140903	1.06399	0.0204354
0.18	0.15	0.65	0.147795	0.0171152	0.153131	0.0165073	1.0361	0.0237786
0.18	0.15	0.7	0.106667	0.0201258	0.115914	0.018955	1.08669	0.0276467
0.18	0.15	0.75	0.0635619	0.0184449	0.0675202	0.0175701	1.06227	0.025474
0.18	0.15	0.85	0.0202991	0.0266057	0.0215132	0.025369	1.05981	0.0367621
0.18	0.2	0	6.19842	0.00235788	6.17977	0.00233585	0.996991	0.003319
0.18	0.2	0.2	2.28544	0.00455462	2.30502	0.00446948	1.00857	0.00638129
0.18	0.2	0.25	1.60122	0.00535722	1.62251	0.00524255	1.0133	0.00749561
0.18	0.2	0.3	1.12451	0.00632176	1.15119	0.00615353	1.02373	0.00882216
0.18	0.2	0.35	0.809779	0.00739395	0.847565	0.0071182	1.04666	0.0102635
0.18	0.2	0.4	0.615802	0.00843929	0.629307	0.00821608	1.02193	0.0117782
0.18	0.2	0.45	0.447693	0.0098573	0.459967	0.00956937	1.02742	0.0137382
0.18	0.2	0.5	0.328686	0.0114707	0.352216	0.0109058	1.07159	0.0158276
0.18	0.2	0.55	0.247376	0.0131957	0.265695	0.0125289	1.07405	0.0181962
0.18	0.2	0.6	0.18249	0.0153389	0.195794	0.014569	1.07291	0.0211551
0.18	0.2	0.65	0.130623	0.0181069	0.144038	0.0169635	1.1027	0.0248117
0.18	0.2	0.7	0.0926702	0.0214771	0.0963544	0.020715	1.03976	0.0298392
0.18	0.2	0.75	0.049356	0.0208125	0.0557679	0.0192612	1.12991	0.0283577
0.18	0.2	0.85	0.0111477	0.0356986	0.0135494	0.0318477	1.21545	0.04784
0.18	0.3	0	10.0356	0.00228056	10.188	0.00226462	1.01519	0.00321395
0.18	0.3	0.2	2.35813	0.00496988	2.41041	0.00489246	1.02217	0.00697394
0.18	0.3	0.25	1.6286	0.00588191	1.67258	0.0057746	1.02701	0.00824275
0.18	0.3	0.3	1.15614	0.00690438	1.19595	0.00675258	1.03443	0.00965753
0.18	0.3	0.35	0.843843	0.00802177	0.867399	0.00786651	1.02792	0.0112352
0.18	0.3	0.4	0.611312	0.00937202	0.630368	0.00917448	1.03117	0.0131151
0.18	0.3	0.45	0.456204	0.010808	0.470925	0.010573	1.03227	0.0151195
0.18	0.3	0.5	0.311726	0.0130286	0.325262	0.0126761	1.04342	0.0181777
0.18	0.3	0.55	0.202676	0.0161144	0.210448	0.0157138	1.03835	0.0225078
0.18	0.3	0.6	0.120199	0.0208823	0.125714	0.020288	1.04588	0.0291148
0.18	0.3	0.65	0.0687224	0.0275818	0.06787	0.0275714	0.987596	0.0389992
0.18	0.3	0.7	0.033241	0.0396233	0.0337807	0.0390471	1.01624	0.0556298
0.18	0.3	0.75	0.00713796	0.0604338	0.00773821	0.0576616	1.08409	0.0835291
0.18	0.3	0.85	0	0	0	0	0	0
0.18	0.5	0	14.6177	0.00318299	14.8066	0.00317514	1.01292	0.00449589
0.18	0.5	0.2	2.42455	0.00745931	2.52986	0.00732158	1.04344	0.0104521
0.18	0.5	0.25	1.67147	0.00883175	1.71478	0.00873074	1.02591	0.0124188
0.18	0.5	0.3	1.16421	0.0104577	1.22092	0.0102287	1.04872	0.0146284
0.18	0.5	0.35	0.738517	0.0129975	0.773417	0.0127154	1.04726	0.0181829
0.18	0.5	0.4	0.333764	0.0191444	0.325668	0.019383	0.975743	0.0272435
0.18	0.5	0.45	0.083381	0.038066	0.0860824	0.0374782	1.0324	0.0534194
0.18	0.5	0.5	0	0	0	0	0	0
0.18	0.5	0.55	0	0	0	0	0	0
0.18	0.5	0.6	0	0	0	0	0	0
0.18	0.5	0.65	0	0	0	0	0	0
0.18	0.5	0.7	0	0	0	0	0	0
0.18	0.5	0.75	0	0	0	0	0	0
0.18	0.5	0.85	0	0	0	0	0	0
0.18	0.7	0	18.0673	0.00440019	18.4584	0.00438537	1.02165	0.00621234
0.18	0.7	0.2	2.47398	0.0106404	2.50781	0.0105875	1.01367	0.0150105
0.18	0.7	0.25	1.57712	0.0130582	1.5696	0.0131015	0.995232	0.0184977
0.18	0.7	0.3	0.538668	0.0217994	0.533443	0.0219282	0.990301	0.0309202
0.18	0.7	0.35	0	0	0	0	0	0
0.18	0.7	0.4	0	0	0	0	0	0
0.18	0.7	0.45	0	0	0	0	0	0
0.18	0.7	0.5	0	0	0	0	0	0
0.18	0.7	0.55	0	0	0	0	0	0
0.18	0.7	0.6	0	0	0	0	0	0
0.18	0.7	0.65	0	0	0	0	0	0
0.18	0.7	0.7	0	0	0	0	0	0
0.18	0.7	0.75	0	0	0	0	0	0
0.18	0.7	0.85	0	0	0	0	0	0
0.004	0.1	0	0	0	0	0	0	0
0.004	0.1	0.2	0	0	0	0	0	0
0.004	0.1	0.25	0	0	0	0	0	0
0.004	0.1	0.3	0	0	0	0	0	0
0.004	0.1	0.35	0	0	0	0	0	0
0.004	0.1	0.4	0	0	0	0	0	0
0.004	0.1	0.45	0	0	0	0	0	0
0.004	0.1	0.5	0	0	0	0	0	0
0.004	0.1	0.55	0	0	0	0	0	0
0.004	0.1	0.6	0	0	0	0	0	0
0.004	0.1	0.65	0	0	0	0	0	0
0.004	0.1	0.7	0	0	0	0	0	0
0.004	0.1	0.75	0	0	0	0	0	0
0.004	0.1	0.85	0	0	0	0	0	0
0.004	0.15	0	0	0	0	0	0	0
0.004	0.15	0.2	0	0	0	0	0	0
0.004	0.15	0.25	0	0	0	0	0	0
0.004	0.15	0.3	0	0	0	0	0	0
0.004	0.15	0.35	0	0	0	0	0	0
0.004	0.15	0.4	0	0	0	0	0	0
0.004	0.15	0.45	0	0	0	0	0	0
0.004	0.15	0.5	0	0	0	0	0	0
0.004	0.15	0.55	0	0	0	0	0	0
0.004	0.15	0.6	0	0	0	0	0	0
0.004	0.15	0.65	0	0	0	0	0	0
0.004	0.15	0.7	0	0	0	0	0	0
0.004	0.15	0.75	0	0	0	0	0	0
0.004	0.15	0.85	0	0	0	0	0	0
0.004	0.2	0	0	0	0	0	0	0
0.004	0.2	0.2	0	0	0	0	0	0
0.004	0.2	0.25	0	0	0	0	0	0
0.004	0.2	0.3	0	0	0	0	0	0
0.004	0.2	0.35	0	0	0	0	0	0
0.004	0.2	0.4	0	0	0	0	0	0
0.004	0.2	0.45	0	0	0	0	0	0
0.004	0.2	0.5	0	0	0	0	0	0
0.004	0.2	0.55	0	0	0	0	0	0
0.004	0.2	0.6	0	0	0	0	0	0
0.004	0.2	0.65	0	0	0	0	0	0
0.004	0.2	0.7	0	0	0	0	0	0
0.004	0.2	0.75	0	0	0	0	0	0
0.004	0.2	0.85	0	0	0	0	0	0
0.004	0.3	0	18.0007	0.00116679	18.5654	0.00116919	1.03137	0.00165179
0.004	0.3	0.2	3.20504	0.00251726	3.38079	0.00250533	1.05484	0.00355151
0.004	0.3	0.25	2.14149	0.00300815	2.2828	0.00297904	1.06599	0.00423363
0.004	0.3	0.3	1.4905	0.00355231	1.58345	0.00352247	1.06236	0.00500267
0.004	0.3	0.35	1.05153	0.00418585	1.11324	0.00415678	1.05868	0.00589917
0.004	0.3	0.4	0.751322	0.00491658	0.80333	0.00485872	1.06922	0.0069123
0.004	0.3	0.45	0.540557	0.00576685	0.585273	0.00566361	1.08272	0.00808288
0.004	0.3	0.5	0.321898	0.00743321	0.352734	0.00725574	1.0958	0.0103874
0.004	0.3	0.55	0.142255	0.011132	0.155586	0.0108741	1.09371	0.0155617
0.004	0.3	0.6	0.0529145	0.0182119	0.0600977	0.0174566	1.13575	0.0252271
0.004	0.3	0.65	0.0148784	0.0343125	0.0165082	0.0332727	1.10954	0.0477956
0.004	0.3	0.7	0.00168038	0.102066	0.00177134	0.101539	1.05413	0.143971
0.004	0.3	0.75	0	0	0	0	0	0
0.004	0.3	0.85	0	0	0	0	0	0
0.004	0.5	0	22.0284	0.000840805	22.8502	0.000848498	1.03731	0.00119453
0.004	0.5	0.2	3.05193	0.0019164	3.2578	0.00194034	1.06746	0.00272717
0.004	0.5	0.25	2.02586	0.00229922	2.16716	0.002327	1.06975	0.00327129
0.004	0.5	0.3	1.39115	0.00273432	1.505	0.0027538	1.08184	0.00388071
0.004	0.5	0.35	0.838837	0.0034755	0.910025	0.00349623	1.08487	0.00492977
0.004	0.5	0.4	0.332403	0.00545357	0.364435	0.00545852	1.09636	0.00771601
0.004	0.5	0.45	0.0750441	0.0114048	0.0845104	0.0112639	1.12614	0.0160296
0.004	0.5	0.5	0	0	0	0	0	0
0.004	0.5	0.55	0	0	0	0	0	0
0.004	0.5	0.6	0	0	0	0	0	0
0.004	0.5	0.65	0	0	0	0	0	0
0.004	0.5	0.7	0	0	0	0	0	0
0.004	0.5	0.75	0	0	0	0	0	0
0.004	0.5	0.85	0	0	0	0	0	0
0.004	0.7	0	25.8296	0.000858225	27.0081	0.000873743	1.04562	0.00122474
0.004	0.7	0.2	2.92386	0.00204035	3.18025	0.00211638	1.08769	0.00293974
0.004	0.7	0.25	1.7905	0.00254206	1.97925	0.00262197	1.10542	0.00365196
0.004	0.7	0.3	0.506268	0.00463759	0.567499	0.00475982	1.12095	0.00664553
0.004	0.7	0.35	0	0	0	0	0	0
0.004	0.7	0.4	0	0	0	0	0	0
0.004	0.7	0.45	0	0	0	0	0	0
0.004	0.7	0.5	0	0	0	0	0	0
0.004	0.7	0.55	0	0	0	0	0	0
0.004	0.7	0.6	0	0	0	0	0	0
0.004	0.7	0.65	0	0	0	0	0	0
0.004	0.7	0.7	0	0	0	0	0	0
0.004	0.7	0.75	0	0	0	0	0	0
0.004	0.7	0.85	0	0	0	0	0	0
0.01	0.1	0	0	0	0	0	0	0
0.01	0.1	0.2	0	0	0	0	0	0
0.01	0.1	0.25	0	0	0	0	0	0
0.01	0.1	0.3	0	0	0	0	0	0
0.01	0.1	0.35	0	0	0	0	0	0
0.01	0.1	0.4	0	0	0	0	0	0
0.01	0.1	0.45	0	0	0	0	0	0
0.01	0.1	0.5	0	0	0	0	0	0
0.01	0.1	0.55	0	0	0	0	0	0
0.01	0.1	0.6	0	0	0	0	0	0
0.01	0.1	0.65	0	0	0	0	0	0
0.01	0.1	0.7	0	0	0	0	0	0
0.01	0.1	0.75	0	0	0	0	0	0
0.01	0.1	0.85	0	0	0	0	0	0
0.01	0.15	0	7.59111	0.00266816	7.71225	0.00263785	1.01596	0.00375197
0.01	0.15	0.2	3.78771	0.00439243	3.85662	0.00431448	1.01819	0.00615697
0.01	0.15	0.25	2.63659	0.00513572	2.70711	0.00502141	1.02674	0.00718263
0.01	0.15	0.3	1.86138	0.00600673	1.9109	0.00586862	1.0266	0.00839771
0.01	0.15	0.35	1.36481	0.00693475	1.40373	0.00676567	1.02851	0.0096884
0.01	0.15	0.4	1.01127	0.00798931	1.05648	0.00773367	1.04471	0.0111193
0.01	0.15	0.45	0.750758	0.00921476	0.781466	0.00893179	1.0409	0.0128331
0.01	0.15	0.5	0.559981	0.0106204	0.587853	0.0102489	1.04977	0.0147592
0.01	0.15	0.55	0.43083	0.01207	0.440395	0.0117975	1.0222	0.016878
0.01	0.15	0.6	0.330066	0.0137558	0.348264	0.0132359	1.05514	0.0190896
0.01	0.15	0.65	0.254185	0.0156459	0.274295	0.0148864	1.07912	0.0215962
0.01	0.15	0.7	0.192006	0.0179742	0.208179	0.0170589	1.08423	0.0247806
0.01	0.15	0.75	0.117907	0.0162365	0.129475	0.0153151	1.09811	0.0223199
0.01	0.15	0.85	0.0335473	0.0247704	0.0378035	0.0230567	1.12687	0.0338406
0.01	0.2	0	11.2231	0.000858872	11.4588	0.000854409	1.021	0.00121148
0.01	0.2	0.2	3.5959	0.00159991	3.70442	0.00157895	1.03018	0.00224784
0.01	0.2	0.25	2.45237	0.00188981	2.53852	0.00185982	1.03513	0.00265148
0.01	0.2	0.3	1.71201	0.00222422	1.7877	0.00217895	1.04421	0.00311368
0.01	0.2	0.35	1.23001	0.00259478	1.28365	0.00254146	1.04361	0.00363206
0.01	0.2	0.4	0.8918	0.00302298	0.938341	0.00294828	1.05219	0.00422265
0.01	0.2	0.45	0.648581	0.00352406	0.689259	0.00341944	1.06272	0.00491036
0.01	0.2	0.5	0.489449	0.00404103	0.513992	0.00394292	1.05014	0.00564593
0.01	0.2	0.55	0.368218	0.0046452	0.389557	0.00451532	1.05795	0.00647811
0.01	0.2	0.6	0.27498	0.00536303	0.294359	0.00518224	1.07047	0.00745773
0.01	0.2	0.65	0.206808	0.0061737	0.222913	0.00594458	1.07787	0.00857045
0.01	0.2	0.7	0.153546	0.00715545	0.165592	0.00688735	1.07845	0.00993157
0.01	0.2	0.75	0.0902972	0.0066023	0.0972782	0.00635859	1.07731	0.00916636
0.01	0.2	0.85	0.0192859	0.011629	0.0210366	0.011128	1.09078	0.0160955
0.01	0.3	0	16.1041	0.000617222	16.4719	0.000619338	1.02284	0.000874381
0.01	0.3	0.2	3.25475	0.00129584	3.4035	0.00129343	1.0457	0.00183089
0.01	0.3	0.25	2.19899	0.00154032	2.30772	0.00153484	1.04944	0.00217447
0.01	0.3	0.3	1.52836	0.00181948	1.62341	0.00180268	1.06219	0.00256129
0.01	0.3	0.35	1.094	0.00212876	1.16237	0.00210841	1.0625	0.00299616
0.01	0.3	0.4	0.789888	0.00248713	0.847539	0.00245141	1.07299	0.00349216
0.01	0.3	0.45	0.579209	0.00288969	0.628562	0.00283215	1.08521	0.00404616
0.01	0.3	0.5	0.399214	0.00346544	0.429703	0.00340944	1.07637	0.00486144
0.01	0.3	0.55	0.249716	0.00436557	0.273859	0.00425506	1.09668	0.00609621
0.01	0.3	0.6	0.148586	0.00564531	0.16438	0.00547792	1.10629	0.0078662
0.01	0.3	0.65	0.0839454	0.00749861	0.0917822	0.00731826	1.09336	0.0104779
0.01	0.3	0.7	0.0412277	0.0106886	0.0457981	0.0103487	1.11086	0.0148776
0.01	0.3	0.75	0.0087922	0.0163567	0.0101012	0.0155719	1.14888	0.0225838
0.01	0.3	0.85	0	0	0	0	0	0
0.01	0.5	0	21.1709	0.000875059	21.5291	0.000882829	1.01692	0.00124303
0.01	0.5	0.2	2.99588	0.001998	3.13962	0.00201902	1.04798	0.0028405
0.01	0.5	0.25	2.00854	0.00238719	2.12594	0.00240253	1.05845	0.00338687
0.01	0.5	0.3	1.40027	0.00281927	1.49895	0.00282295	1.07048	0.00398965
0.01	0.5	0.35	0.891207	0.0034916	0.954673	0.00349512	1.07121	0.00494036
0.01	0.5	0.4	0.4016	0.00514005	0.436386	0.00510947	1.08662	0.00724753
0.01	0.5	0.45	0.101653	0.0101411	0.111645	0.0100265	1.09829	0.0142609
0.01	0.5	0.5	0	0	0	0	0	0
0.01	0.5	0.55	0	0	0	0	0	0
0.01	0.5	0.6	0	0	0	0	0	0
0.01	0.5	0.65	0	0	0	0	0	0
0.01	0.5	0.7	0	0	0	0	0	0
0.01	0.5	0.75	0	0	0	0	0	0
0.01	0.5	0.85	0	0	0	0	0	0
0.01	0.7	0	25.5295	0.00111279	26.1118	0.00112863	1.02281	0.00158496
0.01	0.7	0.2	2.92464	0.00264092	3.13361	0.00269998	1.07145	0.00377682
0.01	0.7	0.25	1.83425	0.00325447	1.96564	0.00333059	1.07163	0.00465665
0.01	0.7	0.3	0.565203	0.0056899	0.615623	0.00578509	1.08921	0.00811432
0.01	0.7	0.35	0	0	0	0	0	0
0.01	0.7	0.4	0	0	0	0	0	0
0.01	0.7	0.45	0	0	0	0	0	0
0.01	0.7	0.5	0	0	0	0	0	0
0.01	0.7	0.55	0	0	0	0	0	0
0.01	0.7	0.6	0	0	0	0	0	0
0.01	0.7	0.65	0	0	0	0	0	0
0.01	0.7	0.7	0	0	0	0	0	0
0.01	0.7	0.75	0	0	0	0	0	0
0.01	0.7	0.85	0	0	0	0	0	0
0.02	0.1	0	3.79007	0.00199764	3.83326	0.00195707	1.01139	0.00279655
0.02	0.1	0.2	4.01351	0.00256167	4.0425	0.0025061	1.00722	0.00358367
0.02	0.1	0.25	2.83117	0.00297398	2.88307	0.00289227	1.01833	0.00414847
0.02	0.1	0.3	2.08579	0.00340784	2.10399	0.00332515	1.00873	0.0047613
0.02	0.1	0.35	1.55429	0.00389994	1.58006	0.00378935	1.01658	0.00543771
0.02	0.1	0.4	1.17187	0.0044514	1.20307	0.00430291	1.02662	0.00619112
0.02	0.1	0.45	0.894918	0.00506041	0.918373	0.00489028	1.02621	0.00703723
0.02	0.1	0.5	0.698684	0.00570017	0.715839	0.00551097	1.02455	0.0079286
0.02	0.1	0.55	0.539083	0.00646428	0.560475	0.00620367	1.03968	0.00895949
0.02	0.1	0.6	0.429823	0.00722012	0.448761	0.00691325	1.04406	0.00999616
0.02	0.1	0.65	0.343354	0.00806116	0.356075	0.00774261	1.03705	0.0111772
0.02	0.1	0.7	0.26375	0.00917953	0.273804	0.00881086	1.03812	0.0127238
0.02	0.1	0.75	0.166807	0.00817602	0.176571	0.00777412	1.05853	0.011282
0.02	0.1	0.85	0.0527106	0.0118242	0.0568522	0.0111338	1.07857	0.0162411
0.02	0.15	0	6.66953	0.00114299	6.76073	0.0011281	1.01367	0.00160594
0.02	0.15	0.2	3.86979	0.00179559	3.94354	0.00175897	1.01906	0.00251359
0.02	0.15	0.25	2.69625	0.00209761	2.75067	0.00205159	1.02018	0.00293411
0.02	0.15	0.3	1.92935	0.00243745	1.98725	0.00237175	1.03001	0.00340093
0.02	0.15	0.35	1.41222	0.00281519	1.45509	0.00273702	1.03036	0.0039264
0.02	0.15	0.4	1.04598	0.00324302	1.07742	0.00315183	1.03005	0.0045223
0.02	0.15	0.45	0.781293	0.00372869	0.817479	0.00359535	1.04632	0.00517974
0.02	0.15	0.5	0.59472	0.0042545	0.61824	0.00411387	1.03955	0.00591817
0.02	0.15	0.55	0.456298	0.00484079	0.478593	0.00465936	1.04886	0.00671884
0.02	0.15	0.6	0.350284	0.00551065	0.375146	0.00524899	1.07098	0.00761046
0.02	0.15	0.65	0.272265	0.00623853	0.289302	0.00596425	1.06257	0.00863085
0.02	0.15	0.7	0.206739	0.00714766	0.216142	0.00688737	1.04548	0.00992597
0.02	0.15	0.75	0.127132	0.00645273	0.135464	0.0061603	1.06554	0.00892115
0.02	0.15	0.85	0.0371537	0.00971153	0.0395456	0.00927323	1.06438	0.0134278
0.02	0.2	0	10.8508	0.00096184	11.0429	0.000955804	1.0177	0.00135599
0.02	0.2	0.2	3.67635	0.00176085	3.78678	0.00173254	1.03004	0.00247028
0.02	0.2	0.25	2.51764	0.00207509	2.58907	0.00204146	1.02837	0.00291094
0.02	0.2	0.3	1.75516	0.00244284	1.82256	0.0023912	1.0384	0.00341838
0.02	0.2	0.35	1.25764	0.00285268	1.31151	0.00278537	1.04283	0.00398699
0.02	0.2	0.4	0.903622	0.00333726	0.954965	0.00323653	1.05682	0.00464892
0.02	0.2	0.45	0.662862	0.00387397	0.695569	0.00376856	1.04934	0.0054046
0.02	0.2	0.5	0.488877	0.00449192	0.518859	0.00434453	1.06133	0.00624918
0.02	0.2	0.55	0.368362	0.00515957	0.39294	0.00497687	1.06672	0.00716871
0.02	0.2	0.6	0.273547	0.0059734	0.294689	0.00573297	1.07729	0.0082794
0.02	0.2	0.65	0.207416	0.00684869	0.221995	0.00659332	1.07029	0.00950665
0.02	0.2	0.7	0.150673	0.00802417	0.164551	0.00764718	1.09211	0.0110845
0.02	0.2	0.75	0.0872906	0.00745893	0.0943389	0.00714585	1.08075	0.0103295
0.02	0.2	0.85	0.0201372	0.0126439	0.0218168	0.0120953	1.08341	0.0174976
0.02	0.3	0	15.7444	0.0009776	15.8452	0.000980345	1.0064	0.00138448
0.02	0.3	0.2	3.20274	0.00205774	3.28402	0.00205393	1.02538	0.0029074
0.02	0.3	0.25	2.17412	0.00244154	2.26376	0.00242003	1.04123	0.00343768
0.02	0.3	0.3	1.5309	0.00286708	1.60217	0.00283435	1.04655	0.00403159
0.02	0.3	0.35	1.11159	0.00333174	1.17209	0.00328129	1.05443	0.00467625
0.02	0.3	0.4	0.819269	0.00385391	0.879049	0.00376315	1.07297	0.00538646
0.02	0.3	0.45	0.605621	0.00445939	0.659427	0.00432239	1.08884	0.00621041
0.02	0.3	0.5	0.430489	0.00526673	0.466168	0.00511724	1.08288	0.00734334
0.02	0.3	0.55	0.27738	0.00653659	0.303797	0.00631423	1.09524	0.00908826
0.02	0.3	0.6	0.173729	0.00823834	0.193294	0.00789482	1.11262	0.0114104
0.02	0.3	0.65	0.101535	0.010757	0.114991	0.0102163	1.13252	0.0148353
0.02	0.3	0.7	0.0540522	0.0147257	0.0599121	0.0141346	1.10841	0.0204116
0.02	0.3	0.75	0.0115609	0.0224977	0.0131281	0.0213338	1.13556	0.0310044
0.02	0.3	0.85	0	0	0	0	0	0
0.02	0.5	0	21.5631	0.00139105	21.8294	0.00140008	1.01235	0.00197364
0.02	0.5	0.2	3.03061	0.00316954	3.18164	0.00317496	1.04984	0.00448624
0.02	0.5	0.25	2.03354	0.00378464	2.1351	0.00379122	1.04995	0.00535695
0.02	0.5	0.3	1.42729	0.00445488	1.49978	0.00446117	1.05079	0.0063046
0.02	0.5	0.35	0.890204	0.00556974	0.955166	0.00552232	1.07297	0.00784334
0.02	0.5	0.4	0.395053	0.0082612	0.427717	0.00815308	1.08268	0.0116069
0.02	0.5	0.45	0.101949	0.0161449	0.110879	0.0158947	1.08759	0.0226561
0.02	0.5	0.5	0	0	0	0	0	0
0.02	0.5	0.55	0	0	0	0	0	0
0.02	0.5	0.6	0	0	0	0	0	0
0.02	0.5	0.65	0	0	0	0	0	0
0.02	0.5	0.7	0	0	0	0	0	0
0.02	0.5	0.75	0	0	0	0	0	0
0.02	0.5	0.85	0	0	0	0	0	0
0.02	0.7	0	25.772	0.00178023	26.3382	0.00179822	1.02197	0.00253038
0.02	0.7	0.2	2.96492	0.00420538	3.14103	0.00426858	1.0594	0.00599216
0.02	0.7	0.25	1.84808	0.00519547	1.97698	0.00525403	1.06975	0.00738903
0.02	0.7	0.3	0.5768	0.00902516	0.612286	0.00916748	1.06152	0.0128645
0.02	0.7	0.35	0	0	0	0	0	0
0.02	0.7	0.4	0	0	0	0	0	0
0.02	0.7	0.45	0	0	0	0	0	0
0.02	0.7	0.5	0	0	0	0	0	0
0.02	0.7	0.55	0	0	0	0	0	0
0.02	0.7	0.6	0	0	0	0	0	0
0.02	0.7	0.65	0	0	0	0	0	0
0.02	0.7	0.7	0	0	0	0	0	0
0.02	0.7	0.75	0	0	0	0	0	0
0.02	0.7	0.85	0	0	0	0	0	0
0.03	0.1	0	2.67449	0.001532	2.69798	0.00149443	1.00878	0.00214017
0.03	0.1	0.2	4.06851	0.00171168	4.10788	0.00166682	1.00968	0.00238917
0.03	0.1	0.25	2.90909	0.00197488	2.92829	0.00192301	1.0066	0.00275647
0.03	0.1	0.3	2.1348	0.00226607	2.17024	0.00219469	1.0166	0.00315464
0.03	0.1	0.35	1.61656	0.00257343	1.6388	0.00249359	1.01376	0.00358337
0.03	0.1	0.4	1.23254	0.00292089	1.25959	0.00281797	1.02194	0.00405864
0.03	0.1	0.45	0.951764	0.00330188	0.977519	0.00317639	1.02706	0.00458168
0.03	0.1	0.5	0.743845	0.00371636	0.763099	0.00357565	1.02588	0.00515719
0.03	0.1	0.55	0.594803	0.00414102	0.609789	0.00398436	1.02519	0.00574658
0.03	0.1	0.6	0.471365	0.00463778	0.491798	0.00442324	1.04335	0.0064089
0.03	0.1	0.65	0.3769	0.00517453	0.391917	0.00494217	1.03984	0.00715547
0.03	0.1	0.7	0.293063	0.0058561	0.30496	0.00559003	1.0406	0.00809582
0.03	0.1	0.75	0.188881	0.00516874	0.197741	0.0049203	1.04691	0.00713619
0.03	0.1	0.85	0.0633004	0.00725635	0.0681972	0.006807	1.07736	0.00994937
0.03	0.15	0	6.64659	0.00151091	6.7326	0.00148964	1.01294	0.00212176
0.03	0.15	0.2	3.90595	0.00236193	3.96565	0.00231325	1.01529	0.00330603
0.03	0.15	0.25	2.72035	0.00275913	2.77929	0.00269188	1.02167	0.00385474
0.03	0.15	0.3	1.95499	0.00319942	2.01019	0.00310965	1.02823	0.00446163
0.03	0.15	0.35	1.42355	0.0037037	1.46649	0.00359402	1.03017	0.00516085
0.03	0.15	0.4	1.05398	0.00426705	1.09402	0.00412364	1.03799	0.00593399
0.03	0.15	0.45	0.78722	0.00490599	0.818399	0.00473543	1.03961	0.00681858
0.03	0.15	0.5	0.601567	0.00558708	0.622602	0.00540274	1.03497	0.00777207
0.03	0.15	0.55	0.463275	0.00634519	0.486701	0.0060898	1.05057	0.00879472
0.03	0.15	0.6	0.352784	0.0072516	0.375713	0.00691172	1.06499	0.0100179
0.03	0.15	0.65	0.273576	0.0082187	0.289056	0.00786259	1.05659	0.011374
0.03	0.15	0.7	0.20587	0.00945843	0.22085	0.00897947	1.07277	0.013042
0.03	0.15	0.75	0.124136	0.00862197	0.13216	0.00821708	1.06463	0.0119104
0.03	0.15	0.85	0.0356455	0.0130914	0.038299	0.0124155	1.07444	0.0180425
0.03	0.2	0	10.9304	0.001304	11.0661	0.00129797	1.01242	0.00183988
0.03	0.2	0.2	3.70819	0.00238274	3.79239	0.00235323	1.02271	0.0033489
0.03	0.2	0.25	2.52329	0.0028154	2.59065	0.00277391	1.0267	0.00395235
0.03	0.2	0.3	1.7737	0.00330167	1.82787	0.00324577	1.03054	0.00462991
0.03	0.2	0.35	1.27676	0.00384686	1.31512	0.00378104	1.03005	0.00539394
0.03	0.2	0.4	0.918553	0.00449699	0.955416	0.00439822	1.04013	0.00629025
0.03	0.2	0.45	0.66437	0.0052555	0.706132	0.00508526	1.06286	0.00731301
0.03	0.2	0.5	0.487178	0.0061109	0.519517	0.0059017	1.06638	0.00849548
0.03	0.2	0.55	0.369179	0.00699964	0.398957	0.00671468	1.08066	0.00969958
0.03	0.2	0.6	0.275086	0.00809011	0.29894	0.00773787	1.08671	0.0111948
0.03	0.2	0.65	0.203691	0.00938507	0.217703	0.00904908	1.06879	0.0130371
0.03	0.2	0.7	0.150552	0.010902	0.16415	0.0104073	1.09032	0.015072
0.03	0.2	0.75	0.0882589	0.0100748	0.0938011	0.00974073	1.0628	0.0140137
0.03	0.2	0.85	0.0198262	0.0173056	0.0208898	0.0168006	1.05364	0.0241194
0.03	0.3	0	15.9374	0.00133414	16.0334	0.00133394	1.00602	0.00188662
0.03	0.3	0.2	3.21589	0.00280989	3.31779	0.00277868	1.03169	0.00395178
0.03	0.3	0.25	2.18618	0.00333155	2.26607	0.00328587	1.03654	0.00467933
0.03	0.3	0.3	1.53836	0.00391313	1.6122	0.00383827	1.048	0.00548132
0.03	0.3	0.35	1.11469	0.00455158	1.17415	0.00445204	1.05334	0.00636691
0.03	0.3	0.4	0.822652	0.00526147	0.876254	0.00511734	1.06516	0.00733963
0.03	0.3	0.45	0.607151	0.00609267	0.647247	0.00592163	1.06604	0.00849625
0.03	0.3	0.5	0.425402	0.00724658	0.45718	0.00701349	1.0747	0.0100847
0.03	0.3	0.55	0.281756	0.00887285	0.302559	0.00858884	1.07383	0.0123489
0.03	0.3	0.6	0.170397	0.0113782	0.186021	0.0109223	1.09169	0.0157721
0.03	0.3	0.65	0.0993945	0.0148716	0.116538	0.0137758	1.17248	0.0202716
0.03	0.3	0.7	0.0542908	0.0200996	0.05994	0.0191815	1.10406	0.0277836
0.03	0.3	0.75	0.0114619	0.0309078	0.013193	0.0288865	1.15103	0.0423051
0.03	0.3	0.85	0	0	0	0	0	0
0.03	0.5	0	21.73	0.00189372	22.0333	0.00190378	1.01396	0.00268524
0.03	0.5	0.2	3.07908	0.00429051	3.1945	0.0043097	1.03748	0.00608129
0.03	0.5	0.25	2.03402	0.00515798	2.14822	0.00514038	1.05614	0.00728205
0.03	0.5	0.3	1.43664	0.00605362	1.50066	0.0060635	1.04456	0.0085681
0.03	0.5	0.35	0.900207	0.00755118	0.946548	0.00753997	1.05148	0.0106711
0.03	0.5	0.4	0.392413	0.0112973	0.427193	0.0110897	1.08863	0.0158307
0.03	0.5	0.45	0.100105	0.0222066	0.110647	0.0216284	1.10531	0.0309987
0.03	0.5	0.5	0	0	0	0	0	0
0.03	0.5	0.55	0	0	0	0	0	0
0.03	0.5	0.6	0	0	0	0	0	0
0.03	0.5	0.65	0	0	0	0	0	0
0.03	0.5	0.7	0	0	0	0	0	0
0.03	0.5	0.75	0	0	0	0	0	0
0.03	0.5	0.85	0	0	0	0	0	0
0.03	0.7	0	25.9009	0.00243489	26.4501	0.0024549	1.0212	0.00345763
0.03	0.7	0.2	2.96278	0.00575766	3.13151	0.00581612	1.05695	0.008184
0.03	0.7	0.25	1.85745	0.00709455	1.97259	0.00715459	1.06199	0.0100758
0.03	0.7	0.3	0.568021	0.0124451	0.628782	0.0123063	1.10697	0.0175021
0.03	0.7	0.35	0	0	0	0	0	0
0.03	0.7	0.4	0	0	0	0	0	0
0.03	0.7	0.45	0	0	0	0	0	0
0.03	0.7	0.5	0	0	0	0	0	0
0.03	0.7	0.55	0	0	0	0	0	0
0.03	0.7	0.6	0	0	0	0	0	0
0.03	0.7	0.65	0	0	0	0	0	0
0.03	0.7	0.7	0	0	0	0	0	0
0.03	0.7	0.75	0	0	0	0	0	0
0.03	0.7	0.85	0	0	0	0	0	0
0.04	0.1	0	2.58035	0.00145612	2.58794	0.00142598	1.00294	0.00203806
0.04	0.1	0.2	4.08566	0.00160117	4.12472	0.0015623	1.00956	0.00223708
0.04	0.1	0.25	2.91934	0.00184777	2.9546	0.00179866	1.01208	0.00257865
0.04	0.1	0.3	2.15988	0.00211231	2.18255	0.00205566	1.01049	0.00294748
0.04	0.1	0.35	1.62697	0.00240435	1.65423	0.00233162	1.01676	0.00334923
0.04	0.1	0.4	1.24962	0.00271942	1.27103	0.00263522	1.01713	0.00378677
0.04	0.1	0.45	0.964342	0.00307478	0.98944	0.00296596	1.02603	0.00427215
0.04	0.1	0.5	0.766467	0.00343261	0.783606	0.00331564	1.02236	0.00477244
0.04	0.1	0.55	0.605871	0.00384587	0.625321	0.00369677	1.0321	0.00533449
0.04	0.1	0.6	0.482823	0.00429527	0.499635	0.00412244	1.03482	0.00595347
0.04	0.1	0.65	0.380807	0.00482445	0.401028	0.00458979	1.0531	0.00665894
0.04	0.1	0.7	0.3017	0.00540963	0.317207	0.00514956	1.0514	0.00746874
0.04	0.1	0.75	0.194578	0.00477339	0.205478	0.00453517	1.05602	0.0065843
0.04	0.1	0.85	0.0651146	0.00670526	0.0694525	0.00633595	1.06662	0.00922522
0.04	0.15	0	6.68431	0.00145512	6.7439	0.00144056	1.00892	0.00204758
0.04	0.15	0.2	3.94681	0.00226868	4.00313	0.00223209	1.01427	0.00318263
0.04	0.15	0.25	2.75555	0.00264674	2.80356	0.00259827	1.01742	0.00370894
0.04	0.15	0.3	1.9719	0.00307442	2.01146	0.00301256	1.02006	0.00430437
0.04	0.15	0.35	1.44174	0.00355189	1.48889	0.00345877	1.0327	0.00495772
0.04	0.15	0.4	1.07066	0.00408588	1.10133	0.00398426	1.02865	0.0057069
0.04	0.15	0.45	0.798428	0.00470078	0.830827	0.00455704	1.04058	0.00654706
0.04	0.15	0.5	0.596959	0.00541005	0.629744	0.00520833	1.05492	0.00750969
0.04	0.15	0.55	0.458297	0.00615366	0.487144	0.00590077	1.06294	0.00852565
0.04	0.15	0.6	0.357028	0.00695469	0.379312	0.00666906	1.06242	0.00963557
0.04	0.15	0.65	0.274744	0.00791199	0.289536	0.00761605	1.05384	0.010982
0.04	0.15	0.7	0.209375	0.0090487	0.220842	0.00870533	1.05477	0.0125563
0.04	0.15	0.75	0.124851	0.00829411	0.134433	0.00789925	1.07675	0.0114538
0.04	0.15	0.85	0.0344462	0.0128462	0.0361203	0.0123922	1.0486	0.0178491
0.04	0.2	0	10.6776	0.00127252	10.73	0.0012677	1.00491	0.00179621
0.04	0.2	0.2	3.62423	0.00233466	3.68897	0.00230664	1.01786	0.00328195
0.04	0.2	0.25	2.48646	0.00274993	2.55688	0.00270298	1.02832	0.00385594
0.04	0.2	0.3	1.76312	0.00321271	1.80832	0.00315981	1.02563	0.00450621
0.04	0.2	0.35	1.27039	0.00374172	1.32561	0.00364905	1.04347	0.00522648
0.04	0.2	0.4	0.942653	0.00431015	0.982265	0.00420449	1.04202	0.00602122
0.04	0.2	0.45	0.693619	0.00499471	0.734304	0.00483372	1.05866	0.00695068
0.04	0.2	0.5	0.515243	0.00577012	0.549802	0.00556102	1.06707	0.00801369
0.04	0.2	0.55	0.399648	0.00653318	0.425416	0.00630258	1.06448	0.00907772
0.04	0.2	0.6	0.304122	0.00747172	0.322635	0.00721875	1.06087	0.0103893
0.04	0.2	0.65	0.231374	0.00855083	0.250889	0.00817148	1.08435	0.0118275
0.04	0.2	0.7	0.174346	0.00983664	0.188241	0.00941899	1.0797	0.013619
0.04	0.2	0.75	0.103161	0.00904948	0.113145	0.00859889	1.09678	0.0124834
0.04	0.2	0.85	0.0233074	0.0154924	0.0255642	0.0147153	1.09683	0.0213671
0.04	0.3	0	16.0718	0.00128691	16.1259	0.00128928	1.00337	0.00182164
0.04	0.3	0.2	3.24603	0.00270391	3.33297	0.00268829	1.02678	0.00381288
0.04	0.3	0.25	2.19649	0.00321197	2.28589	0.00317327	1.0407	0.00451513
0.04	0.3	0.3	1.55887	0.00375753	1.62356	0.00370959	1.04149	0.00528016
0.04	0.3	0.35	1.12055	0.00438663	1.17427	0.00431689	1.04794	0.00615451
0.04	0.3	0.4	0.817566	0.00509856	0.873024	0.00497128	1.06783	0.00712102
0.04	0.3	0.45	0.600908	0.00591607	0.657721	0.0056982	1.09454	0.00821397
0.04	0.3	0.5	0.428089	0.00697977	0.462936	0.0067603	1.0814	0.00971694
0.04	0.3	0.55	0.278321	0.00862456	0.303419	0.00831817	1.09018	0.0119823
0.04	0.3	0.6	0.172963	0.010912	0.192923	0.0104037	1.1154	0.0150767
0.04	0.3	0.65	0.100376	0.0142982	0.111985	0.0136282	1.11566	0.0197526
0.04	0.3	0.7	0.0548229	0.0193251	0.0614325	0.0183772	1.12056	0.026668
0.04	0.3	0.75	0.0129349	0.028112	0.0142619	0.0269478	1.10258	0.0389419
0.04	0.3	0.85	0	0	0	0	0	0
0.04	0.5	0	21.9465	0.00183016	22.2564	0.0018395	1.01412	0.00259485
0.04	0.5	0.2	3.07932	0.00415283	3.17966	0.00417834	1.03258	0.00589106
0.04	0.5	0.25	2.07111	0.0049519	2.14625	0.00497562	1.03628	0.00701983
0.04	0.5	0.3	1.42788	0.00587631	1.50033	0.00586723	1.05074	0.00830394
0.04	0.5	0.35	0.897446	0.00731987	0.956009	0.00726047	1.06526	0.0103099
0.04	0.5	0.4	0.401115	0.0108182	0.431448	0.0106774	1.07562	0.0152
0.04	0.5	0.45	0.103132	0.0211785	0.109019	0.0210805	1.05708	0.0298817
0.04	0.5	0.5	0	0	0	0	0	0
0.04	0.5	0.55	0	0	0	0	0	0
0.04	0.5	0.6	0	0	0	0	0	0
0.04	0.5	0.65	0	0	0	0	0	0
0.04	0.5	0.7	0	0	0	0	0	0
0.04	0.5	0.75	0	0	0	0	0	0
0.04	0.5	0.85	0	0	0	0	0	0
0.04	0.7	0	26.1141	0.00235625	26.7138	0.00237571	1.02296	0.00334603
0.04	0.7	0.2	2.99722	0.00555008	3.1392	0.00563437	1.04737	0.00790883
0.04	0.7	0.25	1.86502	0.00686047	1.96648	0.00694866	1.0544	0.00976473
0.04	0.7	0.3	0.575372	0.0119818	0.602681	0.0121844	1.04746	0.0170887
0.04	0.7	0.35	0	0	0	0	0	0
0.04	0.7	0.4	0	0	0	0	0	0
0.04	0.7	0.45	0	0	0	0	0	0
0.04	0.7	0.5	0	0	0	0	0	0
0.04	0.7	0.55	0	0	0	0	0	0
0.04	0.7	0.6	0	0	0	0	0	0
0.04	0.7	0.65	0	0	0	0	0	0
0.04	0.7	0.7	0	0	0	0	0	0
0.04	0.7	0.75	0	0	0	0	0	0
0.04	0.7	0.85	0	0	0	0	0	0
0.06	0.1	0	2.58775	0.0015615	2.58743	0.00153944	0.999876	0.00219275
0.06	0.1	0.2	4.10391	0.00171583	4.12811	0.00168632	1.0059	0.00240578
0.06	0.1	0.25	2.9275	0.00198135	2.94716	0.00194481	1.00672	0.00277634
0.06	0.1	0.3	2.18205	0.00225735	2.20291	0.00221152	1.00956	0.00316013
0.06	0.1	0.35	1.6475	0.00256638	1.67103	0.00250758	1.01428	0.00358807
0.06	0.1	0.4	1.27024	0.00289717	1.2915	0.00282639	1.01674	0.00404748
0.06	0.1	0.45	0.987919	0.00326328	1.00818	0.00317688	1.02051	0.00455429
0.06	0.1	0.5	0.782393	0.00364893	0.79734	0.0035537	1.0191	0.00509348
0.06	0.1	0.55	0.620607	0.00408106	0.635788	0.00396363	1.02446	0.00568906
0.06	0.1	0.6	0.496526	0.00454883	0.51594	0.00438672	1.0391	0.00631943
0.06	0.1	0.65	0.401899	0.00504438	0.414727	0.00488029	1.03192	0.00701876
0.06	0.1	0.7	0.316765	0.00567008	0.328511	0.00547142	1.03708	0.00787948
0.06	0.1	0.75	0.202167	0.00502946	0.211246	0.00483619	1.04491	0.00697741
0.06	0.1	0.85	0.0667107	0.00711294	0.071321	0.0067598	1.06911	0.00981269
0.06	0.15	0	6.75816	0.00156709	6.79683	0.00155324	1.00572	0.00220643
0.06	0.15	0.2	3.9997	0.00243773	4.01636	0.00240913	1.00417	0.00342731
0.06	0.15	0.25	2.77895	0.0028492	2.82083	0.00280072	1.01507	0.00399524
0.06	0.15	0.3	1.99696	0.00330288	2.0495	0.00322853	1.02631	0.00461871
0.06	0.15	0.35	1.47138	0.00380158	1.49943	0.00372612	1.01907	0.00532315
0.06	0.15	0.4	1.08936	0.00437868	1.12097	0.00427049	1.02902	0.00611637
0.06	0.15	0.45	0.812253	0.00503744	0.848837	0.00487507	1.04504	0.00701015
0.06	0.15	0.5	0.61638	0.00575544	0.640678	0.00558268	1.03942	0.00801819
0.06	0.15	0.55	0.475729	0.00652884	0.499953	0.00629763	1.05092	0.00907116
0.06	0.15	0.6	0.367106	0.00741251	0.388923	0.00712036	1.05943	0.0102784
0.06	0.15	0.65	0.28556	0.00838766	0.29713	0.00812751	1.04052	0.0116794
0.06	0.15	0.7	0.216611	0.00961413	0.227279	0.00927649	1.04925	0.0133598
0.06	0.15	0.75	0.128687	0.00882887	0.140087	0.00836624	1.08859	0.0121632
0.06	0.15	0.85	0.035237	0.0137245	0.037867	0.0130834	1.07464	0.0189614
0.06	0.2	0	10.8033	0.00136895	10.8442	0.00136564	1.00378	0.00193365
0.06	0.2	0.2	3.66567	0.00250659	3.73493	0.00248026	1.01889	0.00352629
0.06	0.2	0.25	2.51963	0.00294926	2.56013	0.00292028	1.01608	0.00415044
0.06	0.2	0.3	1.79722	0.00343558	1.83482	0.0033933	1.02092	0.00482884
0.06	0.2	0.35	1.2876	0.00401119	1.33136	0.00393709	1.03399	0.00562053
0.06	0.2	0.4	0.951301	0.00462964	0.991688	0.00452511	1.04245	0.00647381
0.06	0.2	0.45	0.700761	0.00536178	0.73617	0.00521978	1.05053	0.00748297
0.06	0.2	0.5	0.530627	0.00613631	0.551692	0.00600262	1.0397	0.00858404
0.06	0.2	0.55	0.404617	0.00700556	0.427115	0.00680124	1.0556	0.00976395
0.06	0.2	0.6	0.312708	0.00795088	0.332806	0.00768694	1.06427	0.0110592
0.06	0.2	0.65	0.238764	0.00908255	0.257336	0.00872542	1.07778	0.0125947
0.06	0.2	0.7	0.177784	0.0105097	0.192079	0.0100831	1.08041	0.0145644
0.06	0.2	0.75	0.106166	0.009625	0.115777	0.00919247	1.09053	0.0133095
0.06	0.2	0.85	0.0232465	0.0167353	0.0264654	0.015639	1.13847	0.0229052
0.06	0.3	0	16.2214	0.00137977	16.3392	0.0013845	1.00726	0.00195463
0.06	0.3	0.2	3.2819	0.00289047	3.36384	0.002891	1.02497	0.00408812
0.06	0.3	0.25	2.23486	0.00342306	2.3065	0.00341312	1.03206	0.00483391
0.06	0.3	0.3	1.57469	0.00401695	1.63119	0.00399808	1.03588	0.0056675
0.06	0.3	0.35	1.13069	0.00469146	1.1869	0.00463976	1.04971	0.00659826
0.06	0.3	0.4	0.840049	0.00540529	0.876942	0.00535909	1.04392	0.00761164
0.06	0.3	0.45	0.614585	0.00628519	0.655509	0.00616634	1.06659	0.00880496
0.06	0.3	0.5	0.433309	0.00745234	0.464798	0.00728985	1.07267	0.0104249
0.06	0.3	0.55	0.28037	0.00922985	0.308166	0.00891929	1.09914	0.0128353
0.06	0.3	0.6	0.176094	0.0116163	0.192112	0.011265	1.09096	0.0161815
0.06	0.3	0.65	0.107762	0.0148242	0.116924	0.0144134	1.08502	0.0206762
0.06	0.3	0.7	0.0550705	0.0207097	0.0625318	0.0196832	1.13549	0.0285713
0.06	0.3	0.75	0.0131905	0.0299004	0.01454	0.0288399	1.10231	0.0415425
0.06	0.3	0.85	0	0	0	0	0	0
0.06	0.5	0	22.1545	0.00197299	22.4963	0.001984	1.01543	0.00279803
0.06	0.5	0.2	3.13335	0.00444989	3.23501	0.00448615	1.03245	0.00631879
0.06	0.5	0.25	2.08134	0.00533429	2.17193	0.00535383	1.04353	0.00755765
0.06	0.5	0.3	1.44655	0.0063059	1.51503	0.00631892	1.04734	0.00892711
0.06	0.5	0.35	0.906216	0.00786605	0.959703	0.00784101	1.05902	0.0111066
0.06	0.5	0.4	0.401344	0.0116763	0.424014	0.0116519	1.05649	0.0164955
0.06	0.5	0.45	0.105244	0.0226355	0.108797	0.0228332	1.03376	0.0321515
0.06	0.5	0.5	0	0	0	0	0	0
0.06	0.5	0.55	0	0	0	0	0	0
0.06	0.5	0.6	0	0	0	0	0	0
0.06	0.5	0.65	0	0	0	0	0	0
0.06	0.5	0.7	0	0	0	0	0	0
0.06	0.5	0.75	0	0	0	0	0	0
0.06	0.5	0.85	0	0	0	0	0	0
0.06	0.7	0	26.2647	0.00254718	26.7711	0.00256808	1.01928	0.00361707
0.06	0.7	0.2	3.00522	0.00599762	3.17279	0.00605763	1.05576	0.00852446
0.06	0.7	0.25	1.87501	0.00740418	1.99063	0.00746298	1.06167	0.0105127
0.06	0.7	0.3	0.583055	0.0128796	0.628385	0.0128938	1.07774	0.0182246
0.06	0.7	0.35	0	0	0	0	0	0
0.06	0.7	0.4	0	0	0	0	0	0
0.06	0.7	0.45	0	0	0	0	0	0
0.06	0.7	0.5	0	0	0	0	0	0
0.06	0.7	0.55	0	0	0	0	0	0
0.06	0.7	0.6	0	0	0	0	0	0
0.06	0.7	0.65	0	0	0	0	0	0
0.06	0.7	0.7	0	0	0	0	0	0
0.06	0.7	0.75	0	0	0	0	0	0
0.06	0.7	0.85	0	0	0	0	0	0
0.1	0.1	0	2.58322	0.00234194	2.58419	0.00229493	1.00038	0.00327893
0.1	0.1	0.2	4.12022	0.00256738	4.13415	0.0025105	1.00338	0.00359083
0.1	0.1	0.25	2.94763	0.00296069	2.95836	0.00289138	1.00364	0.00413832
0.1	0.1	0.3	2.20056	0.00337035	2.21328	0.00328563	1.00578	0.00470687
0.1	0.1	0.35	1.67083	0.00382149	1.68994	0.00371346	1.01144	0.00532856
0.1	0.1	0.4	1.29953	0.00429588	1.30996	0.00417889	1.00803	0.00599314
0.1	0.1	0.45	1.02507	0.00480565	1.03175	0.00467638	1.00651	0.00670543
0.1	0.1	0.5	0.807444	0.00538658	0.823621	0.00520674	1.02003	0.00749169
0.1	0.1	0.55	0.64587	0.00599935	0.669554	0.00575232	1.03667	0.00831152
0.1	0.1	0.6	0.531833	0.00659305	0.552362	0.00631432	1.0386	0.00912902
0.1	0.1	0.65	0.432321	0.00729484	0.44159	0.00704199	1.02144	0.0101392
0.1	0.1	0.7	0.335849	0.00825694	0.352861	0.00785978	1.05065	0.0113997
0.1	0.1	0.75	0.219021	0.00724807	0.231624	0.00687923	1.05754	0.00999292
0.1	0.1	0.85	0.0755965	0.010021	0.0793481	0.00954095	1.04963	0.0138366
0.1	0.15	0	6.78497	0.0023454	6.8217	0.00231703	1.00541	0.00329689
0.1	0.15	0.2	3.99697	0.00365379	4.04058	0.00358371	1.01091	0.00511792
0.1	0.15	0.25	2.83837	0.00422989	2.85078	0.00415632	1.00437	0.00593018
0.1	0.15	0.3	2.02635	0.00491638	2.06041	0.00480091	1.01681	0.00687164
0.1	0.15	0.35	1.48681	0.00566878	1.53238	0.00549769	1.03065	0.00789682
0.1	0.15	0.4	1.12596	0.0064592	1.14702	0.00629539	1.01871	0.0090196
0.1	0.15	0.45	0.835994	0.00744451	0.860224	0.0072183	1.02898	0.0103694
0.1	0.15	0.5	0.642761	0.00845065	0.66615	0.00816308	1.03639	0.0117494
0.1	0.15	0.55	0.497914	0.00956772	0.510179	0.00929128	1.02463	0.0133368
0.1	0.15	0.6	0.394516	0.0107215	0.412305	0.0103098	1.04509	0.0148742
0.1	0.15	0.65	0.304281	0.0121811	0.314646	0.0117726	1.03406	0.0169403
0.1	0.15	0.7	0.231213	0.0139488	0.243976	0.0133452	1.0552	0.0193045
0.1	0.15	0.75	0.139644	0.0127067	0.151509	0.0119928	1.08497	0.0174724
0.1	0.15	0.85	0.0396398	0.0193958	0.0413063	0.0186677	1.04204	0.0269199
0.1	0.2	0	10.8612	0.00203563	10.9046	0.00203091	1.00399	0.00287548
0.1	0.2	0.2	3.72786	0.00370568	3.77664	0.00367657	1.01309	0.00522008
0.1	0.2	0.25	2.55664	0.00436285	2.6316	0.00429651	1.02932	0.00612328
0.1	0.2	0.3	1.81979	0.00508607	1.86258	0.00501906	1.02351	0.00714556
0.1	0.2	0.35	1.32401	0.00589463	1.35836	0.0058087	1.02594	0.00827573
0.1	0.2	0.4	0.968253	0.00683525	0.999912	0.0067129	1.0327	0.00958038
0.1	0.2	0.45	0.730505	0.00782459	0.756573	0.00767221	1.03569	0.0109584
0.1	0.2	0.5	0.549324	0.00898364	0.562614	0.00885504	1.02419	0.0126142
0.1	0.2	0.55	0.421734	0.010221	0.444934	0.00992875	1.05501	0.0142496
0.1	0.2	0.6	0.319558	0.0117125	0.345917	0.011233	1.08249	0.0162285
0.1	0.2	0.65	0.254835	0.0130949	0.265348	0.0128	1.04125	0.0183116
0.1	0.2	0.7	0.191019	0.0151011	0.206529	0.0144874	1.0812	0.0209268
0.1	0.2	0.75	0.112769	0.0139094	0.123321	0.0132703	1.09358	0.0192243
0.1	0.2	0.85	0.0246666	0.0241919	0.0267707	0.0231591	1.0853	0.0334902
0.1	0.3	0	16.4022	0.00206434	16.5264	0.00206546	1.00757	0.00292021
0.1	0.3	0.2	3.3263	0.00430879	3.4008	0.00428715	1.0224	0.00607826
0.1	0.3	0.25	2.28263	0.00508369	2.33723	0.00505357	1.02392	0.00716816
0.1	0.3	0.3	1.61356	0.00595502	1.65738	0.00591003	1.02716	0.00838992
0.1	0.3	0.35	1.16096	0.00694661	1.19395	0.006889	1.02842	0.00978334
0.1	0.3	0.4	0.86116	0.0080083	0.887116	0.00793457	1.03014	0.0112734
0.1	0.3	0.45	0.637928	0.00925466	0.658609	0.00915872	1.03242	0.0130204
0.1	0.3	0.5	0.445247	0.0110258	0.475258	0.0107342	1.0674	0.015388
0.1	0.3	0.55	0.296937	0.0134523	0.309616	0.0132457	1.0427	0.0188789
0.1	0.3	0.6	0.181932	0.0171372	0.198813	0.016485	1.09279	0.0237789
0.1	0.3	0.65	0.111616	0.021841	0.118186	0.0213387	1.05886	0.0305348
0.1	0.3	0.7	0.0584555	0.0301404	0.0661284	0.0284905	1.13126	0.0414747
0.1	0.3	0.75	0.0126813	0.0457201	0.0160238	0.0408913	1.26359	0.0613386
0.1	0.3	0.85	0	0	0	0	0	0
0.1	0.5	0	22.3521	0.00295061	22.6088	0.00296232	1.01148	0.00418109
0.1	0.5	0.2	3.16898	0.00663154	3.24316	0.00667085	1.02341	0.00940625
0.1	0.5	0.25	2.08639	0.00797968	2.18886	0.00793961	1.04911	0.0112567
0.1	0.5	0.3	1.47405	0.00936097	1.53271	0.00935138	1.03979	0.0132316
0.1	0.5	0.35	0.913569	0.0117345	0.968304	0.0116153	1.05991	0.016511
0.1	0.5	0.4	0.417807	0.017145	0.440841	0.0170041	1.05513	0.0241473
0.1	0.5	0.45	0.104301	0.0340502	0.112707	0.0333682	1.08059	0.0476744
0.1	0.5	0.5	0	0	0	0	0	0
0.1	0.5	0.55	0	0	0	0	0	0
0.1	0.5	0.6	0	0	0	0	0	0
0.1	0.5	0.65	0	0	0	0	0	0
0.1	0.5	0.7	0	0	0	0	0	0
0.1	0.5	0.75	0	0	0	0	0	0
0.1	0.5	0.85	0	0	0	0	0	0
0.1	0.7	0	26.4331	0.00386127	26.9848	0.00386941	1.02087	0.00546642
0.1	0.7	0.2	3.05908	0.00902987	3.19067	0.00900561	1.04302	0.012753
0.1	0.7	0.25	1.92913	0.0110888	1.9667	0.0111733	1.01948	0.0157418
0.1	0.7	0.3	0.619389	0.0189763	0.62589	0.0192123	1.0105	0.0270039
0.1	0.7	0.35	0	0	0	0	0	0
0.1	0.7	0.4	0	0	0	0	0	0
0.1	0.7	0.45	0	0	0	0	0	0
0.1	0.7	0.5	0	0	0	0	0	0
0.1	0.7	0.55	0	0	0	0	0	0
0.1	0.7	0.6	0	0	0	0	0	0
0.1	0.7	0.65	0	0	0	0	0	0
0.1	0.7	0.7	0	0	0	0	0	0
0.1	0.7	0.75	0	0	0	0	0	0
0.1	0.7	0.85	0	0	0	0	0	0
0.14	0.1	0	2.56928	0.00312137	2.58431	0.00305048	1.00585	0.00436445
0.14	0.1	0.2	4.1212	0.00341416	4.09499	0.00335008	0.993641	0.00478325
0.14	0.1	0.25	2.94304	0.00394025	2.95769	0.00384353	1.00498	0.00550439
0.14	0.1	0.3	2.22166	0.00446319	2.23369	0.00434919	1.00542	0.00623182
0.14	0.1	0.35	1.7013	0.0050402	1.6989	0.00492371	0.998586	0.00704603
0.14	0.1	0.4	1.3284	0.0056547	1.33852	0.00549852	1.00762	0.00788729
0.14	0.1	0.45	1.04827	0.00632364	1.05712	0.00614425	1.00844	0.00881704
0.14	0.1	0.5	0.847604	0.00699886	0.849618	0.00681802	1.00238	0.00977085
0.14	0.1	0.55	0.688878	0.0077338	0.692094	0.00752413	1.00467	0.01079
0.14	0.1	0.6	0.564605	0.00851694	0.579479	0.00819923	1.02635	0.0118223
0.14	0.1	0.65	0.453198	0.00948053	0.471061	0.00906873	1.03942	0.0131195
0.14	0.1	0.7	0.369234	0.0104817	0.380826	0.0100627	1.03139	0.0145301
0.14	0.1	0.75	0.239126	0.00923452	0.255434	0.00871716	1.0682	0.012699
0.14	0.1	0.85	0.0840966	0.012644	0.0895171	0.0119481	1.06446	0.0173962
0.14	0.15	0	6.77477	0.00309778	6.79389	0.00307211	1.00282	0.00436281
0.14	0.15	0.2	4.0176	0.00481339	4.05913	0.0047429	1.01034	0.0067575
0.14	0.15	0.25	2.84345	0.00557991	2.88864	0.00548087	1.01589	0.00782147
0.14	0.15	0.3	2.07081	0.006427	2.094	0.00632209	1.0112	0.00901528
0.14	0.15	0.35	1.53241	0.00737952	1.54794	0.00725957	1.01013	0.0103517
0.14	0.15	0.4	1.16066	0.00840583	1.15727	0.00831768	0.997076	0.0118255
0.14	0.15	0.45	0.868676	0.00964912	0.910956	0.00931893	1.04867	0.0134145
0.14	0.15	0.5	0.664432	0.0109788	0.687771	0.0106661	1.03513	0.0153069
0.14	0.15	0.55	0.523593	0.0123253	0.539787	0.0119955	1.03093	0.017199
0.14	0.15	0.6	0.422052	0.0136942	0.422639	0.0135167	1.00139	0.0192414
0.14	0.15	0.65	0.326015	0.0155445	0.339275	0.0150546	1.04067	0.0216396
0.14	0.15	0.7	0.257029	0.0174769	0.26755	0.0169222	1.04093	0.024327
0.14	0.15	0.75	0.153163	0.0160285	0.162382	0.0153817	1.06019	0.022215
0.14	0.15	0.85	0.0413397	0.0250774	0.0462041	0.0234336	1.11767	0.0343221
0.14	0.2	0	10.9185	0.00270241	10.9487	0.00269299	1.00276	0.00381513
0.14	0.2	0.2	3.7825	0.00489561	3.82049	0.0048508	1.01005	0.00689183
0.14	0.2	0.25	2.607	0.00574935	2.63278	0.00569436	1.00989	0.00809202
0.14	0.2	0.3	1.84105	0.00672469	1.88358	0.00661869	1.0231	0.00943549
0.14	0.2	0.35	1.35839	0.00774176	1.36279	0.00768707	1.00324	0.0109099
0.14	0.2	0.4	0.997865	0.00895611	1.01294	0.00884214	1.01511	0.0125855
0.14	0.2	0.45	0.753831	0.0102442	0.769011	0.0100883	1.02014	0.0143777
0.14	0.2	0.5	0.564077	0.0117884	0.58851	0.0114813	1.04331	0.0164556
0.14	0.2	0.55	0.430967	0.0134428	0.454265	0.013025	1.05406	0.0187179
0.14	0.2	0.6	0.34055	0.0150889	0.363035	0.014537	1.06602	0.0209523
0.14	0.2	0.65	0.273309	0.0168152	0.28642	0.016335	1.04797	0.0234432
0.14	0.2	0.7	0.192117	0.0200159	0.215832	0.0187844	1.12344	0.0274498
0.14	0.2	0.75	0.125334	0.0175485	0.131609	0.0170299	1.05007	0.0244533
0.14	0.2	0.85	0.0252853	0.0317622	0.0300834	0.0289575	1.18976	0.0429811
0.14	0.3	0	16.4444	0.00274647	16.5428	0.00274621	1.00598	0.00388391
0.14	0.3	0.2	3.37952	0.00569648	3.4392	0.00566727	1.01766	0.00803541
0.14	0.3	0.25	2.30508	0.00673714	2.32594	0.00672647	1.00905	0.00952021
0.14	0.3	0.3	1.63122	0.0078868	1.66017	0.00784276	1.01775	0.0111225
0.14	0.3	0.35	1.17144	0.00920728	1.20759	0.00909964	1.03085	0.0129452
0.14	0.3	0.4	0.872367	0.0105938	0.884514	0.0105515	1.01392	0.014952
0.14	0.3	0.45	0.651907	0.01219	0.688217	0.011906	1.0557	0.0170396
0.14	0.3	0.5	0.46353	0.0143902	0.48145	0.0141639	1.03866	0.0201914
0.14	0.3	0.55	0.30508	0.017669	0.307226	0.0176556	1.00704	0.0249783
0.14	0.3	0.6	0.196069	0.0219809	0.20771	0.0214202	1.05937	0.0306917
0.14	0.3	0.65	0.118955	0.0281662	0.124513	0.0276092	1.04672	0.0394411
0.14	0.3	0.7	0.0642619	0.0382694	0.0676332	0.0374084	1.05246	0.0535157
0.14	0.3	0.75	0.0157137	0.0546787	0.0160358	0.0542758	1.0205	0.0770431
0.14	0.3	0.85	0	0	0	0	0	0
0.14	0.5	0	22.4433	0.00392205	22.7062	0.0039359	1.01171	0.00555642
0.14	0.5	0.2	3.18766	0.00879805	3.27856	0.00882173	1.02852	0.0124591
0.14	0.5	0.25	2.11929	0.0105386	2.24246	0.0104338	1.05812	0.0148299
0.14	0.5	0.3	1.49657	0.0123632	1.50591	0.0125261	1.00624	0.0175998
0.14	0.5	0.35	0.929822	0.0154766	0.966278	0.0154463	1.03921	0.0218658
0.14	0.5	0.4	0.428199	0.0225313	0.437876	0.0226641	1.0226	0.0319581
0.14	0.5	0.45	0.0989625	0.0464885	0.112773	0.0443144	1.13955	0.0642257
0.14	0.5	0.5	0	0	0	0	0	0
0.14	0.5	0.55	0	0	0	0	0	0
0.14	0.5	0.6	0	0	0	0	0	0
0.14	0.5	0.65	0	0	0	0	0	0
0.14	0.5	0.7	0	0	0	0	0	0
0.14	0.5	0.75	0	0	0	0	0	0
0.14	0.5	0.85	0	0	0	0	0	0
0.14	0.7	0	26.6194	0.00514241	27.1019	0.00515449	1.01813	0.00728102
0.14	0.7	0.2	3.05569	0.0120433	3.20247	0.0119814	1.04803	0.0169881
0.14	0.7	0.25	1.9396	0.0147458	1.96576	0.0148921	1.01349	0.0209574
0.14	0.7	0.3	0.618596	0.0253126	0.650607	0.0251241	1.05175	0.0356643
0.14	0.7	0.35	0	0	0	0	0	0
0.14	0.7	0.4	0	0	0	0	0	0
0.14	0.7	0.45	0	0	0	0	0	0
0.14	0.7	0.5	0	0	0	0	0	0
0.14	0.7	0.55	0	0	0	0	0	0
0.14	0.7	0.6	0	0	0	0	0	0
0.14	0.7	0.65	0	0	0	0	0	0
0.14	0.7	0.7	0	0	0	0	0	0
0.14	0.7	0.75	0	0	0	0	0	0
0.14	0.7	0.85	0	0	0	0	0	0
0.18	0.1	0	2.91495	0.00250326	2.90993	0.00245089	0.998276	0.00350331
0.18	0.1	0.2	4.08694	0.00288714	4.10711	0.00281461	1.00493	0.00403207
0.18	0.1	0.25	2.96345	0.00331051	2.97698	0.00322374	1.00456	0.00462083
0.18	0.1	0.3	2.22755	0.00375671	2.24469	0.00364986	1.00769	0.00523779
0.18	0.1	0.35	1.72042	0.00422564	1.72782	0.00410895	1.0043	0.00589402
0.18	0.1	0.4	1.35929	0.00471426	1.37106	0.0045726	1.00866	0.00656756
0.18	0.1	0.45	1.0889	0.00523371	1.10629	0.00505709	1.01598	0.00727777
0.18	0.1	0.5	0.892897	0.00575274	0.903188	0.00556841	1.01153	0.00800632
0.18	0.1	0.55	0.728353	0.00634435	0.746589	0.00610035	1.02504	0.00880142
0.18	0.1	0.6	0.608192	0.0069227	0.619445	0.00667551	1.0185	0.00961698
0.18	0.1	0.65	0.4981	0.00762912	0.510208	0.00733488	1.02431	0.0105832
0.18	0.1	0.7	0.400087	0.0084921	0.407439	0.0081862	1.01838	0.0117953
0.18	0.1	0.75	0.267846	0.0073633	0.280576	0.00700319	1.04752	0.0101618
0.18	0.1	0.85	0.0962689	0.00996782	0.100506	0.00948994	1.04401	0.0137629
0.18	0.15	0	6.68795	0.00231555	6.68936	0.00228979	1.00021	0.00325652
0.18	0.15	0.2	4.00737	0.00358792	4.06947	0.00351022	1.0155	0.00501944
0.18	0.15	0.25	2.86467	0.00414138	2.88697	0.00406059	1.00779	0.00579995
0.18	0.15	0.3	2.10601	0.00474924	2.12753	0.00464834	1.01022	0.00664548
0.18	0.15	0.35	1.59782	0.00538941	1.60318	0.00528879	1.00336	0.00755096
0.18	0.15	0.4	1.21563	0.00612389	1.227	0.00599067	1.00935	0.0085668
0.18	0.15	0.45	0.950291	0.00688281	0.961303	0.00672408	1.01159	0.00962218
0.18	0.15	0.5	0.746713	0.00772676	0.759074	0.00752903	1.01655	0.0107884
0.18	0.15	0.55	0.605665	0.00855021	0.609337	0.00837187	1.00606	0.0119664
0.18	0.15	0.6	0.483182	0.00954427	0.485102	0.00935348	1.00397	0.0133634
0.18	0.15	0.65	0.39435	0.0105418	0.39622	0.0103262	1.00474	0.0147567
0.18	0.15	0.7	0.311449	0.0118379	0.313921	0.0115768	1.00794	0.0165578
0.18	0.15	0.75	0.191868	0.0106838	0.201132	0.0102499	1.04829	0.0148056
0.18	0.15	0.85	0.0572444	0.0158871	0.0603997	0.015186	1.05512	0.0219776
0.18	0.2	0	11.1326	0.00200958	11.0806	0.00199597	0.995331	0.00283237
0.18	0.2	0.2	3.90921	0.00360715	3.87002	0.00357188	0.989974	0.00507641
0.18	0.2	0.25	2.7265	0.00421105	2.72816	0.00414824	1.00061	0.00591107
0.18	0.2	0.3	1.95092	0.00489252	1.9649	0.00480269	1.00716	0.00685584
0.18	0.2	0.35	1.42801	0.00565005	1.43141	0.00555605	1.00238	0.00792418
0.18	0.2	0.4	1.0575	0.00650864	1.07298	0.00636168	1.01464	0.00910128
0.18	0.2	0.45	0.781187	0.00752287	0.814528	0.00725518	1.04268	0.0104514
0.18	0.2	0.5	0.595634	0.00857678	0.622642	0.00825856	1.04534	0.0119065
0.18	0.2	0.55	0.474797	0.00957816	0.488437	0.00929297	1.02873	0.0133454
0.18	0.2	0.6	0.368979	0.010837	0.387022	0.010413	1.0489	0.015029
0.18	0.2	0.65	0.291328	0.0121728	0.303175	0.0117401	1.04066	0.0169118
0.18	0.2	0.7	0.218954	0.0140162	0.23706	0.0132544	1.08269	0.0192907
0.18	0.2	0.75	0.129368	0.0129064	0.14303	0.012081	1.1056	0.0176784
0.18	0.2	0.85	0.0287201	0.02227	0.0326118	0.0205584	1.13551	0.0303085
0.18	0.3	0	16.5281	0.00204481	16.6389	0.0020372	1.0067	0.00288642
0.18	0.3	0.2	3.45191	0.00420699	3.50986	0.00415383	1.01679	0.00591211
0.18	0.3	0.25	2.36303	0.00496527	2.41304	0.00489009	1.02116	0.00696899
0.18	0.3	0.3	1.6806	0.00579716	1.72426	0.00569427	1.02598	0.00812599
0.18	0.3	0.35	1.2345	0.00669402	1.2777	0.00654573	1.03499	0.0093625
0.18	0.3	0.4	0.919755	0.00769758	0.941079	0.00756577	1.02318	0.0107932
0.18	0.3	0.45	0.687693	0.00885259	0.706568	0.00868186	1.02745	0.0123993
0.18	0.3	0.5	0.494656	0.0103892	0.50414	0.0102271	1.01917	0.0145784
0.18	0.3	0.55	0.327982	0.0127067	0.336059	0.0124741	1.02463	0.0178063
0.18	0.3	0.6	0.212784	0.015731	0.215282	0.0155383	1.01174	0.0221111
0.18	0.3	0.65	0.129369	0.0201331	0.131781	0.0198185	1.01864	0.028251
0.18	0.3	0.7	0.0677325	0.0277819	0.0696182	0.0272242	1.02784	0.0388972
0.18	0.3	0.75	0.0158129	0.0406208	0.0174817	0.0383822	1.10553	0.055886
0.18	0.3	0.85	0	0	0	0	0	0
0.18	0.5	0	22.5345	0.00294713	22.6506	0.0029451	1.00515	0.00416644
0.18	0.5	0.2	3.26281	0.00654918	3.30544	0.00651454	1.01307	0.00923748
0.18	0.5	0.25	2.16899	0.00784145	2.25078	0.00771402	1.03771	0.0109997
0.18	0.5	0.3	1.51554	0.00924155	1.58584	0.00905177	1.04639	0.012936
0.18	0.5	0.35	0.966281	0.0114251	1.02059	0.0111347	1.0562	0.0159535
0.18	0.5	0.4	0.43387	0.0168325	0.449073	0.0165563	1.03504	0.0236103
0.18	0.5	0.45	0.116709	0.0322016	0.114616	0.0325029	0.982064	0.0457535
0.18	0.5	0.5	0	0	0	0	0	0
0.18	0.5	0.55	0	0	0	0	0	0
0.18	0.5	0.6	0	0	0	0	0	0
0.18	0.5	0.65	0	0	0	0	0	0
0.18	0.5	0.7	0	0	0	0	0	0
0.18	0.5	0.75	0	0	0	0	0	0
0.18	0.5	0.85	0	0	0	0	0	0
0.18	0.7	0	26.6179	0.00414074	26.9223	0.00413566	1.01143	0.0058523
0.18	0.7	0.2	3.20957	0.00949354	3.20166	0.00951331	0.997535	0.0134399
0.18	0.7	0.25	2.01707	0.0116637	2.03358	0.0116331	1.00818	0.0164733
0.18	0.7	0.3	0.665545	0.0196722	0.689603	0.0193593	1.03615	0.0276003
0.18	0.7	0.35	0	0	0	0	0	0
0.18	0.7	0.4	0	0	0	0	0	0
0.18	0.7	0.45	0	0	0	0	0	0
0.18	0.7	0.5	0	0	0	0	0	0
0.18	0.7	0.55	0	0	0	0	0	0
0.18	0.7	0.6	0	0	0	0	0	0
0.18	0.7	0.65	0	0	0	0	0	0
0.18	0.7	0.7	0	0	0	0	0	0
0.18	0.7	0.75	0	0	0	0	0	0
0.18	0.7	0.85	0	0	0	0	0	0
