0.004	0.1	0	0	0	0	0	0	0
0.004	0.1	0.2	0	0	0	0	0	0
0.004	0.1	0.25	0	0	0	0	0	0
0.004	0.1	0.3	0	0	0	0	0	0
0.004	0.1	0.35	0	0	0	0	0	0
0.004	0.1	0.4	0	0	0	0	0	0
0.004	0.1	0.45	0	0	0	0	0	0
0.004	0.1	0.5	0	0	0	0	0	0
0.004	0.1	0.55	0	0	0	0	0	0
0.004	0.1	0.6	0	0	0	0	0	0
0.004	0.1	0.65	0	0	0	0	0	0
0.004	0.1	0.7	0	0	0	0	0	0
0.004	0.1	0.75	0	0	0	0	0	0
0.004	0.1	0.85	0	0	0	0	0	0
0.004	0.15	0	0	0	0	0	0	0
0.004	0.15	0.2	0	0	0	0	0	0
0.004	0.15	0.25	0	0	0	0	0	0
0.004	0.15	0.3	0	0	0	0	0	0
0.004	0.15	0.35	0	0	0	0	0	0
0.004	0.15	0.4	0	0	0	0	0	0
0.004	0.15	0.45	0	0	0	0	0	0
0.004	0.15	0.5	0	0	0	0	0	0
0.004	0.15	0.55	0	0	0	0	0	0
0.004	0.15	0.6	0	0	0	0	0	0
0.004	0.15	0.65	0	0	0	0	0	0
0.004	0.15	0.7	0	0	0	0	0	0
0.004	0.15	0.75	0	0	0	0	0	0
0.004	0.15	0.85	0	0	0	0	0	0
0.004	0.2	0	0	0	0	0	0	0
0.004	0.2	0.2	0	0	0	0	0	0
0.004	0.2	0.25	0	0	0	0	0	0
0.004	0.2	0.3	0	0	0	0	0	0
0.004	0.2	0.35	0	0	0	0	0	0
0.004	0.2	0.4	0	0	0	0	0	0
0.004	0.2	0.45	0	0	0	0	0	0
0.004	0.2	0.5	0	0	0	0	0	0
0.004	0.2	0.55	0	0	0	0	0	0
0.004	0.2	0.6	0	0	0	0	0	0
0.004	0.2	0.65	0	0	0	0	0	0
0.004	0.2	0.7	0	0	0	0	0	0
0.004	0.2	0.75	0	0	0	0	0	0
0.004	0.2	0.85	0	0	0	0	0	0
0.004	0.3	0	0.994613	0.00114607	1.08205	0.00112571	1.08791	0.00160645
0.004	0.3	0.2	2.44662	0.00104409	2.68427	0.0010221	1.09713	0.0014611
0.004	0.3	0.25	1.71433	0.0012268	1.89006	0.00119739	1.1025	0.00171428
0.004	0.3	0.3	1.18414	0.00145798	1.31592	0.00141683	1.11129	0.00203301
0.004	0.3	0.35	0.858272	0.00169931	0.942714	0.00165985	1.09839	0.00237545
0.004	0.3	0.4	0.609579	0.00200432	0.682458	0.00193919	1.11956	0.00278886
0.004	0.3	0.45	0.447165	0.00233093	0.500478	0.0022549	1.11922	0.00324312
0.004	0.3	0.5	0.262032	0.00303118	0.292666	0.00293438	1.11691	0.00421884
0.004	0.3	0.55	0.110309	0.00465427	0.123955	0.00449094	1.1237	0.00646767
0.004	0.3	0.6	0.0422457	0.00750808	0.045751	0.00737835	1.08297	0.0105267
0.004	0.3	0.65	0.0106583	0.014936	0.0126251	0.0140346	1.18454	0.0204952
0.004	0.3	0.7	0.00147576	0.0401301	0.00113079	0.046882	0.766243	0.0617118
0.004	0.3	0.75	0	0	0	0	0	0
0.004	0.3	0.85	0	0	0	0	0	0
0.004	0.5	0	3.1223	0.000506811	3.53775	0.000506818	1.13306	0.000716744
0.004	0.5	0.2	2.40557	0.00075448	2.75207	0.000751253	1.14404	0.00106472
0.004	0.5	0.25	1.62971	0.000900636	1.88766	0.000891536	1.15828	0.00126727
0.004	0.5	0.3	1.13925	0.00106491	1.33111	0.00104958	1.16841	0.00149521
0.004	0.5	0.35	0.687945	0.00135569	0.796274	0.00134182	1.15747	0.00190746
0.004	0.5	0.4	0.260978	0.00217825	0.307316	0.00213727	1.17756	0.00305167
0.004	0.5	0.45	0.058635	0.00457247	0.0697204	0.0044639	1.18906	0.00639014
0.004	0.5	0.5	0	0	0	0	0	0
0.004	0.5	0.55	0	0	0	0	0	0
0.004	0.5	0.6	0	0	0	0	0	0
0.004	0.5	0.65	0	0	0	0	0	0
0.004	0.5	0.7	0	0	0	0	0	0
0.004	0.5	0.75	0	0	0	0	0	0
0.004	0.5	0.85	0	0	0	0	0	0
0.004	0.7	0	4.7116	0.00043193	6.15952	0.000441888	1.30731	0.000617923
0.004	0.7	0.2	2.08123	0.000796194	2.78576	0.000811801	1.33852	0.00113708
0.004	0.7	0.25	1.31243	0.000985022	1.76295	0.00100334	1.34327	0.00140605
0.004	0.7	0.3	0.374393	0.00180321	0.523874	0.00180179	1.39926	0.00254912
0.004	0.7	0.35	0	0	0	0	0	0
0.004	0.7	0.4	0	0	0	0	0	0
0.004	0.7	0.45	0	0	0	0	0	0
0.004	0.7	0.5	0	0	0	0	0	0
0.004	0.7	0.55	0	0	0	0	0	0
0.004	0.7	0.6	0	0	0	0	0	0
0.004	0.7	0.65	0	0	0	0	0	0
0.004	0.7	0.7	0	0	0	0	0	0
0.004	0.7	0.75	0	0	0	0	0	0
0.004	0.7	0.85	0	0	0	0	0	0
0.01	0.1	0	0	0	0	0	0	0
0.01	0.1	0.2	0	0	0	0	0	0
0.01	0.1	0.25	0	0	0	0	0	0
0.01	0.1	0.3	0	0	0	0	0	0
0.01	0.1	0.35	0	0	0	0	0	0
0.01	0.1	0.4	0	0	0	0	0	0
0.01	0.1	0.45	0	0	0	0	0	0
0.01	0.1	0.5	0	0	0	0	0	0
0.01	0.1	0.55	0	0	0	0	0	0
0.01	0.1	0.6	0	0	0	0	0	0
0.01	0.1	0.65	0	0	0	0	0	0
0.01	0.1	0.7	0	0	0	0	0	0
0.01	0.1	0.75	0	0	0	0	0	0
0.01	0.1	0.85	0	0	0	0	0	0
0.01	0.15	0	0.00189078	0.0485689	0.00260988	0.0402314	1.38032	0.0630675
0.01	0.15	0.2	0	0	0	0	0	0
0.01	0.15	0.25	0	0	0	0	0	0
0.01	0.15	0.3	0	0	0	0	0	0
0.01	0.15	0.35	0.122223	0.00856839	0.128619	0.00813108	1.05233	0.0118124
0.01	0.15	0.4	0.60126	0.00390889	0.615966	0.00376272	1.02446	0.00542564
0.01	0.15	0.45	0.520117	0.00419447	0.5493	0.00397772	1.05611	0.00578065
0.01	0.15	0.5	0.384185	0.00486423	0.414963	0.00456071	1.08011	0.00666789
0.01	0.15	0.55	0.293285	0.00555481	0.311902	0.00524649	1.06348	0.00764078
0.01	0.15	0.6	0.223531	0.0063518	0.234543	0.00603799	1.04926	0.00876372
0.01	0.15	0.65	0.169252	0.00728981	0.184491	0.00679906	1.09004	0.00996838
0.01	0.15	0.7	0.123204	0.00853442	0.132555	0.00801028	1.0759	0.0117047
0.01	0.15	0.75	0.0734328	0.00782135	0.0817975	0.00721629	1.11391	0.0106418
0.01	0.15	0.85	0.0215032	0.0117771	0.0240999	0.0108291	1.12076	0.015999
0.01	0.2	0	0.00695276	0.00899246	0.00766465	0.00846212	1.10239	0.0123479
0.01	0.2	0.2	5.73076e-05	0.140028	1.75493e-05	0.25	0.30623	0.286545
0.01	0.2	0.25	0.500109	0.00151758	0.519075	0.00147283	1.03792	0.00211478
0.01	0.2	0.3	0.920169	0.0011302	0.976119	0.00108621	1.0608	0.00156755
0.01	0.2	0.35	0.891798	0.00114726	0.950934	0.00109982	1.06631	0.00158928
0.01	0.2	0.4	0.66506	0.00132128	0.710155	0.00126518	1.06781	0.00182933
0.01	0.2	0.45	0.485481	0.00153972	0.51337	0.00148078	1.05745	0.00213623
0.01	0.2	0.5	0.354582	0.00179589	0.382798	0.00170923	1.07957	0.00247925
0.01	0.2	0.55	0.266495	0.00206705	0.291108	0.0019555	1.09236	0.00284546
0.01	0.2	0.6	0.196495	0.00240308	0.212752	0.0022829	1.08273	0.00331457
0.01	0.2	0.65	0.146657	0.00277815	0.155369	0.00266752	1.05941	0.00385147
0.01	0.2	0.7	0.102791	0.0033148	0.114483	0.00310434	1.11375	0.00454146
0.01	0.2	0.75	0.0596943	0.00307703	0.0641037	0.0029345	1.07387	0.00425199
0.01	0.2	0.85	0.0129268	0.0053881	0.0141041	0.0050969	1.09108	0.00741687
0.01	0.3	0	0.471925	0.000866515	0.501418	0.000846377	1.0625	0.00121128
0.01	0.3	0.2	1.89044	0.000625957	2.03364	0.000608607	1.07575	0.000873055
0.01	0.3	0.25	1.75673	0.000647356	1.88451	0.000630109	1.07273	0.000903386
0.01	0.3	0.3	1.23612	0.000762441	1.33333	0.000739714	1.07864	0.00106231
0.01	0.3	0.35	0.887356	0.000892467	0.972557	0.000858838	1.09602	0.00123859
0.01	0.3	0.4	0.644667	0.00104096	0.698858	0.00100659	1.08406	0.00144804
0.01	0.3	0.45	0.468967	0.00121528	0.512203	0.00117052	1.09219	0.00168732
0.01	0.3	0.5	0.316966	0.00147273	0.347716	0.00141501	1.09701	0.00204235
0.01	0.3	0.55	0.197095	0.00186211	0.214328	0.00179647	1.08744	0.00258743
0.01	0.3	0.6	0.113327	0.00245061	0.122983	0.00236627	1.0852	0.00340657
0.01	0.3	0.65	0.0596745	0.00337262	0.0663966	0.00321596	1.11265	0.00466014
0.01	0.3	0.7	0.0280905	0.00491178	0.0319632	0.00463115	1.13786	0.00675079
0.01	0.3	0.75	0.00597367	0.00752849	0.00687669	0.00705691	1.15117	0.0103188
0.01	0.3	0.85	0	0	0	0	0	0
0.01	0.5	0	3.008	0.000561894	3.28188	0.000557322	1.09105	0.000791412
0.01	0.5	0.2	2.4481	0.000818208	2.70145	0.000806416	1.10349	0.00114881
0.01	0.5	0.25	1.683	0.000969852	1.88375	0.000949157	1.11928	0.00135702
0.01	0.5	0.3	1.20283	0.00113444	1.32985	0.00111612	1.1056	0.00159144
0.01	0.5	0.35	0.758995	0.0014131	0.848894	0.00138208	1.11844	0.00197661
0.01	0.5	0.4	0.340394	0.0020887	0.380876	0.00204148	1.11893	0.00292067
0.01	0.5	0.45	0.08665	0.00411394	0.0985879	0.00398645	1.13777	0.00572855
0.01	0.5	0.5	0	0	0	0	0	0
0.01	0.5	0.55	0	0	0	0	0	0
0.01	0.5	0.6	0	0	0	0	0	0
0.01	0.5	0.65	0	0	0	0	0	0
0.01	0.5	0.7	0	0	0	0	0	0
0.01	0.5	0.75	0	0	0	0	0	0
0.01	0.5	0.85	0	0	0	0	0	0
0.01	0.7	0	5.0068	0.000588928	5.94232	0.00059321	1.18685	0.000835903
0.01	0.7	0.2	2.30108	0.001059	2.74515	0.00106687	1.19298	0.00150323
0.01	0.7	0.25	1.45136	0.00130779	1.7613	0.00130744	1.21355	0.00184924
0.01	0.7	0.3	0.448766	0.00229626	0.559213	0.00226609	1.24611	0.00322614
0.01	0.7	0.35	0	0	0	0	0	0
0.01	0.7	0.4	0	0	0	0	0	0
0.01	0.7	0.45	0	0	0	0	0	0
0.01	0.7	0.5	0	0	0	0	0	0
0.01	0.7	0.55	0	0	0	0	0	0
0.01	0.7	0.6	0	0	0	0	0	0
0.01	0.7	0.65	0	0	0	0	0	0
0.01	0.7	0.7	0	0	0	0	0	0
0.01	0.7	0.75	0	0	0	0	0	0
0.01	0.7	0.85	0	0	0	0	0	0
0.02	0.1	0	0.000534717	0.0545559	0.000494263	0.0548836	0.924345	0.0773858
0.02	0.1	0.2	0	0	0	0	0	0
0.02	0.1	0.25	0	0	0	0	0	0
0.02	0.1	0.3	0	0	0	0	0	0
0.02	0.1	0.35	0	0	0	0	0	0
0.02	0.1	0.4	0	0	0	0	0	0
0.02	0.1	0.45	0	0	0	0	0	0
0.02	0.1	0.5	0.112701	0.00532922	0.116274	0.00507609	1.0317	0.00735984
0.02	0.1	0.55	0.224132	0.00378944	0.22868	0.00363035	1.02029	0.00524779
0.02	0.1	0.6	0.23921	0.00366944	0.247593	0.00349068	1.03505	0.00506455
0.02	0.1	0.65	0.20028	0.00400638	0.21267	0.00376293	1.06186	0.00549643
0.02	0.1	0.7	0.155488	0.00454193	0.161609	0.00431082	1.03937	0.00626197
0.02	0.1	0.75	0.0999794	0.00400957	0.102427	0.00383325	1.02448	0.00554711
0.02	0.1	0.85	0.0319303	0.00577807	0.0331742	0.00548424	1.03896	0.00796637
0.02	0.15	0	0.00153018	0.0222624	0.00140153	0.0226647	0.915928	0.0317695
0.02	0.15	0.2	0	0	0	0	0	0
0.02	0.15	0.25	0	0	0	0	0	0
0.02	0.15	0.3	0	0	0	0	0	0
0.02	0.15	0.35	0.0455519	0.00577651	0.0453673	0.00564001	0.995946	0.00807328
0.02	0.15	0.4	0.284373	0.00232566	0.301007	0.00220425	1.05849	0.00320428
0.02	0.15	0.45	0.426355	0.00190599	0.447053	0.00181555	1.04855	0.0026323
0.02	0.15	0.5	0.391789	0.00198661	0.413582	0.00188596	1.05562	0.00273924
0.02	0.15	0.55	0.296857	0.00227694	0.315172	0.00215494	1.0617	0.00313499
0.02	0.15	0.6	0.224217	0.00261524	0.242323	0.00245296	1.08075	0.00358559
0.02	0.15	0.65	0.173128	0.00297244	0.180502	0.00283758	1.04259	0.00410941
0.02	0.15	0.7	0.12749	0.00345993	0.135421	0.00327216	1.06221	0.00476215
0.02	0.15	0.75	0.0769895	0.00315036	0.0818358	0.00297859	1.06295	0.00433552
0.02	0.15	0.85	0.0226043	0.004737	0.0252179	0.004371	1.11562	0.00644553
0.02	0.2	0	0.00612815	0.0106864	0.00679512	0.00999202	1.10884	0.0146301
0.02	0.2	0.2	0	0	4.06771e-05	0.182574	0	0
0.02	0.2	0.25	0.339022	0.0020484	0.353937	0.00197506	1.04399	0.00284549
0.02	0.2	0.3	0.74823	0.00139263	0.769923	0.00135316	1.02899	0.00194176
0.02	0.2	0.35	0.850565	0.00130939	0.904771	0.00125242	1.06373	0.00181192
0.02	0.2	0.4	0.660485	0.00147911	0.696492	0.00142011	1.05452	0.00205048
0.02	0.2	0.45	0.481705	0.00172447	0.512951	0.0016472	1.06486	0.00238476
0.02	0.2	0.5	0.348925	0.00201961	0.372161	0.00192699	1.06659	0.00279143
0.02	0.2	0.55	0.255876	0.00235301	0.274765	0.00223712	1.07382	0.00324675
0.02	0.2	0.6	0.189719	0.00272818	0.204102	0.00259099	1.07581	0.00376247
0.02	0.2	0.65	0.137681	0.00319838	0.145163	0.00306765	1.05434	0.00443172
0.02	0.2	0.7	0.0972055	0.00380264	0.10746	0.00356199	1.10549	0.00521036
0.02	0.2	0.75	0.0555184	0.00355915	0.0589452	0.00340167	1.06172	0.0049233
0.02	0.2	0.85	0.0125818	0.00609335	0.0135789	0.00577533	1.07926	0.00839544
0.02	0.3	0	0.461986	0.00138493	0.493634	0.00134305	1.0685	0.0019292
0.02	0.3	0.2	1.8255	0.0010063	1.91474	0.000985434	1.04889	0.00140844
0.02	0.3	0.25	1.73705	0.00102951	1.84901	0.0010013	1.06445	0.00143613
0.02	0.3	0.3	1.23996	0.0012045	1.33091	0.00116615	1.07334	0.00167653
0.02	0.3	0.35	0.909561	0.00139538	0.97275	0.00135257	1.06947	0.00194333
0.02	0.3	0.4	0.672359	0.00161373	0.71774	0.00156503	1.06749	0.00224799
0.02	0.3	0.45	0.496569	0.00186976	0.530943	0.00181142	1.06922	0.00260332
0.02	0.3	0.5	0.343623	0.00223928	0.367339	0.00216909	1.06902	0.00311758
0.02	0.3	0.55	0.2198	0.00279132	0.236589	0.00269412	1.07638	0.0038794
0.02	0.3	0.6	0.132916	0.00358179	0.14353	0.00345099	1.07986	0.00497379
0.02	0.3	0.65	0.0757534	0.00473773	0.0800294	0.0046143	1.05645	0.00661346
0.02	0.3	0.7	0.0375735	0.00672074	0.042535	0.00632343	1.13205	0.0092279
0.02	0.3	0.75	0.00781503	0.0104145	0.00906471	0.00967988	1.15991	0.0142184
0.02	0.3	0.85	0	0	0	0	0	0
0.02	0.5	0	3.08242	0.000891564	3.30488	0.000886857	1.07217	0.00125754
0.02	0.5	0.2	2.47273	0.00130465	2.67204	0.00129212	1.0806	0.00183622
0.02	0.5	0.25	1.71047	0.00154181	1.86081	0.00152177	1.0879	0.00216633
0.02	0.5	0.3	1.19947	0.00181937	1.31681	0.00178749	1.09782	0.00255054
0.02	0.5	0.35	0.749872	0.0022765	0.824838	0.00223364	1.09997	0.0031893
0.02	0.5	0.4	0.33645	0.00336458	0.367332	0.00331206	1.09179	0.00472125
0.02	0.5	0.45	0.0840808	0.00668855	0.0940203	0.00650491	1.11821	0.00933009
0.02	0.5	0.5	0	0	0	0	0	0
0.02	0.5	0.55	0	0	0	0	0	0
0.02	0.5	0.6	0	0	0	0	0	0
0.02	0.5	0.65	0	0	0	0	0	0
0.02	0.5	0.7	0	0	0	0	0	0
0.02	0.5	0.75	0	0	0	0	0	0
0.02	0.5	0.85	0	0	0	0	0	0
0.02	0.7	0	5.11697	0.000944426	5.86587	0.000954579	1.14636	0.00134282
0.02	0.7	0.2	2.31059	0.0017074	2.72181	0.0017112	1.17797	0.00241732
0.02	0.7	0.25	1.48309	0.00209125	1.73595	0.0021023	1.1705	0.0029653
0.02	0.7	0.3	0.46054	0.00366241	0.54085	0.00367676	1.17438	0.00518959
0.02	0.7	0.35	0	0	0	0	0	0
0.02	0.7	0.4	0	0	0	0	0	0
0.02	0.7	0.45	0	0	0	0	0	0
0.02	0.7	0.5	0	0	0	0	0	0
0.02	0.7	0.55	0	0	0	0	0	0
0.02	0.7	0.6	0	0	0	0	0	0
0.02	0.7	0.65	0	0	0	0	0	0
0.02	0.7	0.7	0	0	0	0	0	0
0.02	0.7	0.75	0	0	0	0	0	0
0.02	0.7	0.85	0	0	0	0	0	0
0.03	0.1	0	0.000289808	0.0497526	0.000310053	0.0464246	1.06986	0.0680482
0.03	0.1	0.2	0	0	0	0	0	0
0.03	0.1	0.25	0	0	0	0	0	0
0.03	0.1	0.3	0	0	0	0	0	0
0.03	0.1	0.35	0	0	0	0	0	0
0.03	0.1	0.4	0	0	0	0	0	0
0.03	0.1	0.45	0	0	0	0	0	0
0.03	0.1	0.5	0.0423091	0.00582937	0.0421285	0.00563867	0.995732	0.00811025
0.03	0.1	0.55	0.102183	0.00375661	0.1055	0.00356923	1.03246	0.00518185
0.03	0.1	0.6	0.13633	0.00325506	0.137768	0.00312608	1.01055	0.00451307
0.03	0.1	0.65	0.151011	0.00309391	0.155155	0.00294708	1.02744	0.00427289
0.03	0.1	0.7	0.152119	0.00308271	0.158689	0.00291436	1.04319	0.00424224
0.03	0.1	0.75	0.1054	0.00262254	0.112237	0.00245466	1.06487	0.00359208
0.03	0.1	0.85	0.03716	0.00359739	0.038668	0.00340475	1.04058	0.00495314
0.03	0.15	0	0.00155565	0.0291629	0.00169249	0.0272797	1.08797	0.0399331
0.03	0.15	0.2	0	0	0	0	0	0
0.03	0.15	0.25	0	0	0	0	0	0
0.03	0.15	0.3	0	0	0	0	0	0
0.03	0.15	0.35	0.0414998	0.00799271	0.0437479	0.00759624	1.05417	0.0110266
0.03	0.15	0.4	0.262907	0.00319302	0.270907	0.00307069	1.03043	0.00442996
0.03	0.15	0.45	0.405492	0.00258009	0.423858	0.00246462	1.04529	0.00356808
0.03	0.15	0.5	0.390767	0.0026273	0.399448	0.00253721	1.02222	0.00365242
0.03	0.15	0.55	0.282757	0.00308041	0.308157	0.0028819	1.08983	0.00421833
0.03	0.15	0.6	0.219174	0.00349332	0.23608	0.00328644	1.07713	0.00479624
0.03	0.15	0.65	0.166097	0.00400758	0.177024	0.00378941	1.06579	0.00551546
0.03	0.15	0.7	0.121169	0.00468688	0.130133	0.00441432	1.07398	0.00643841
0.03	0.15	0.75	0.0740123	0.00424328	0.0785838	0.0040196	1.06177	0.00584487
0.03	0.15	0.85	0.0220983	0.00632769	0.0234607	0.00599307	1.06165	0.00871531
0.03	0.2	0	0.00628811	0.0143607	0.00747121	0.0129997	1.18815	0.0193706
0.03	0.2	0.2	7.7759e-06	0.57735	2.01856e-05	0.353554	2.59592	0.677003
0.03	0.2	0.25	0.336005	0.00280066	0.345979	0.00272443	1.02969	0.0039072
0.03	0.2	0.3	0.743154	0.00190194	0.773344	0.00184182	1.04063	0.00264759
0.03	0.2	0.35	0.844362	0.00178867	0.879995	0.00173115	1.0422	0.00248922
0.03	0.2	0.4	0.634112	0.00205357	0.678792	0.00196132	1.07046	0.00283971
0.03	0.2	0.45	0.461741	0.00239647	0.491609	0.00229394	1.06468	0.00331741
0.03	0.2	0.5	0.346912	0.00275702	0.355482	0.00268842	1.0247	0.00385081
0.03	0.2	0.55	0.248793	0.00324774	0.261709	0.00312584	1.05192	0.00450762
0.03	0.2	0.6	0.178421	0.00382843	0.189929	0.00366259	1.0645	0.00529825
0.03	0.2	0.65	0.131278	0.00445799	0.135476	0.00433063	1.03198	0.00621515
0.03	0.2	0.7	0.0910247	0.00534837	0.0996262	0.00504542	1.0945	0.00735264
0.03	0.2	0.75	0.050892	0.00505915	0.0549516	0.004805	1.07977	0.00697732
0.03	0.2	0.85	0.0109666	0.00888331	0.0123603	0.00825684	1.12709	0.012128
0.03	0.3	0	0.471031	0.00186686	0.502376	0.00181383	1.06654	0.00260291
0.03	0.3	0.2	1.84591	0.00136214	1.93066	0.00133692	1.04591	0.0019086
0.03	0.3	0.25	1.72203	0.00140628	1.7974	0.00138139	1.04377	0.00197126
0.03	0.3	0.3	1.22654	0.00164718	1.3188	0.00159494	1.07522	0.00229282
0.03	0.3	0.35	0.903743	0.00190428	0.942432	0.00187007	1.04281	0.00266898
0.03	0.3	0.4	0.652109	0.00222825	0.692963	0.00216788	1.06265	0.00310882
0.03	0.3	0.45	0.481977	0.00258116	0.523439	0.00248415	1.08602	0.00358237
0.03	0.3	0.5	0.327172	0.00312099	0.356167	0.00299926	1.08862	0.00432852
0.03	0.3	0.55	0.209545	0.00388849	0.227319	0.00374239	1.08482	0.00539683
0.03	0.3	0.6	0.127507	0.00497473	0.132225	0.00489542	1.037	0.00697948
0.03	0.3	0.65	0.0718448	0.00661817	0.0808771	0.00625147	1.12572	0.0091039
0.03	0.3	0.7	0.037545	0.00914719	0.0383939	0.00906371	1.02261	0.0128772
0.03	0.3	0.75	0.00822611	0.0138109	0.00873118	0.0134326	1.0614	0.0192659
0.03	0.3	0.85	0	0	0	0	0	0
0.03	0.5	0	3.10553	0.00121346	3.341	0.00120402	1.07582	0.00170943
0.03	0.5	0.2	2.4769	0.00177942	2.69116	0.00175557	1.08651	0.00249967
0.03	0.5	0.25	1.67638	0.00212408	1.8234	0.0020935	1.0877	0.00298236
0.03	0.5	0.3	1.19144	0.0024912	1.2851	0.00246422	1.07862	0.00350406
0.03	0.5	0.35	0.750092	0.00310683	0.818011	0.00305623	1.09055	0.00435808
0.03	0.5	0.4	0.3256	0.00466706	0.363539	0.00453665	1.11652	0.00650866
0.03	0.5	0.45	0.0839019	0.00913908	0.0899249	0.00906321	1.07179	0.0128711
0.03	0.5	0.5	0	0	0	0	0	0
0.03	0.5	0.55	0	0	0	0	0	0
0.03	0.5	0.6	0	0	0	0	0	0
0.03	0.5	0.65	0	0	0	0	0	0
0.03	0.5	0.7	0	0	0	0	0	0
0.03	0.5	0.75	0	0	0	0	0	0
0.03	0.5	0.85	0	0	0	0	0	0
0.03	0.7	0	5.17036	0.0012863	5.83275	0.00130195	1.12811	0.0018302
0.03	0.7	0.2	2.34128	0.0023197	2.70115	0.00233433	1.15371	0.00329091
0.03	0.7	0.25	1.49761	0.00284512	1.71268	0.00287551	1.14361	0.00404515
0.03	0.7	0.3	0.46685	0.00497212	0.517545	0.00510494	1.10859	0.00712618
0.03	0.7	0.35	0	0	0	0	0	0
0.03	0.7	0.4	0	0	0	0	0	0
0.03	0.7	0.45	0	0	0	0	0	0
0.03	0.7	0.5	0	0	0	0	0	0
0.03	0.7	0.55	0	0	0	0	0	0
0.03	0.7	0.6	0	0	0	0	0	0
0.03	0.7	0.65	0	0	0	0	0	0
0.03	0.7	0.7	0	0	0	0	0	0
0.03	0.7	0.75	0	0	0	0	0	0
0.03	0.7	0.85	0	0	0	0	0	0
0.04	0.1	0	0.000197464	0.0566144	0.000246704	0.0489709	1.24936	0.0748554
0.04	0.1	0.2	0	0	0	0	0	0
0.04	0.1	0.25	0	0	0	0	0	0
0.04	0.1	0.3	0	0	0	0	0	0
0.04	0.1	0.35	0	0	0	0	0	0
0.04	0.1	0.4	0	0	0	0	0	0
0.04	0.1	0.45	0	0	0	0	0	0
0.04	0.1	0.5	0.0371878	0.00583962	0.0393994	0.0054859	1.05947	0.00801226
0.04	0.1	0.55	0.0927625	0.00370254	0.0979872	0.00348406	1.05632	0.00508405
0.04	0.1	0.6	0.127374	0.00316242	0.128776	0.00304164	1.01101	0.00438776
0.04	0.1	0.65	0.138858	0.0030297	0.145822	0.00285964	1.05015	0.00416613
0.04	0.1	0.7	0.139037	0.00302775	0.148089	0.00283784	1.0651	0.00414977
0.04	0.1	0.75	0.106082	0.00245549	0.111493	0.00231725	1.05101	0.00337625
0.04	0.1	0.85	0.0363726	0.00341519	0.0396636	0.00316342	1.09048	0.00465519
0.04	0.15	0	0.00148649	0.0289664	0.00159293	0.0272491	1.0716	0.0397689
0.04	0.15	0.2	0	0	0	0	0	0
0.04	0.15	0.25	0	0	0	0	0	0
0.04	0.15	0.3	0	0	0	0	0	0
0.04	0.15	0.35	0.0401926	0.00788535	0.0430173	0.00742334	1.07028	0.0108298
0.04	0.15	0.4	0.256549	0.00313791	0.270923	0.00297568	1.05603	0.00432448
0.04	0.15	0.45	0.396336	0.0025333	0.41111	0.00242441	1.03728	0.00350648
0.04	0.15	0.5	0.373376	0.00260856	0.389334	0.00248989	1.04274	0.00360613
0.04	0.15	0.55	0.279502	0.00300801	0.294809	0.00285436	1.05476	0.00414674
0.04	0.15	0.6	0.212249	0.0034461	0.217173	0.00331894	1.0232	0.00478445
0.04	0.15	0.65	0.156942	0.00400208	0.166885	0.00378114	1.06336	0.00550579
0.04	0.15	0.7	0.113659	0.00469771	0.121746	0.00442172	1.07115	0.00645136
0.04	0.15	0.75	0.0691367	0.00426172	0.0727674	0.00404675	1.05251	0.00587694
0.04	0.15	0.85	0.0192745	0.00657707	0.0218579	0.00601608	1.13403	0.00891354
0.04	0.2	0	0.00862892	0.0118998	0.0105612	0.0105933	1.22393	0.0159318
0.04	0.2	0.2	2.44169e-05	0.316228	0.000194153	0.110432	7.9516	0.334956
0.04	0.2	0.25	0.325201	0.0027623	0.33799	0.00266972	1.03933	0.00384158
0.04	0.2	0.3	0.715741	0.00187976	0.747563	0.00181365	1.04446	0.00261205
0.04	0.2	0.35	0.843478	0.00173691	0.890758	0.00166739	1.05605	0.00240771
0.04	0.2	0.4	0.662498	0.00195132	0.689478	0.00188578	1.04072	0.00271364
0.04	0.2	0.45	0.489433	0.00226073	0.516251	0.0021699	1.05479	0.00313358
0.04	0.2	0.5	0.361533	0.00262217	0.372821	0.00254419	1.03122	0.00365359
0.04	0.2	0.55	0.262691	0.00306871	0.279517	0.00293136	1.06405	0.0042438
0.04	0.2	0.6	0.194236	0.00356269	0.21116	0.00336675	1.08713	0.00490181
0.04	0.2	0.65	0.145293	0.00411429	0.156234	0.00390859	1.07531	0.0056749
0.04	0.2	0.7	0.102707	0.00488829	0.111967	0.00461179	1.09016	0.00672042
0.04	0.2	0.75	0.0609994	0.00448733	0.0663708	0.00423782	1.08806	0.00617214
0.04	0.2	0.85	0.014161	0.00758925	0.0147896	0.00731346	1.04439	0.0105396
0.04	0.3	0	0.476763	0.00179708	0.493649	0.00177619	1.03542	0.00252672
0.04	0.3	0.2	1.82475	0.0013258	1.90261	0.00130683	1.04267	0.0018616
0.04	0.3	0.25	1.69797	0.00137041	1.80942	0.00133723	1.06564	0.00191473
0.04	0.3	0.3	1.21358	0.0016028	1.27667	0.0015726	1.05199	0.00224545
0.04	0.3	0.35	0.882965	0.00186436	0.926517	0.00183089	1.04932	0.00261304
0.04	0.3	0.4	0.637612	0.00218101	0.689502	0.00211043	1.08138	0.00303492
0.04	0.3	0.45	0.47308	0.00252191	0.510889	0.00244125	1.07992	0.00350995
0.04	0.3	0.5	0.322048	0.00304529	0.338966	0.00298461	1.05253	0.004264
0.04	0.3	0.55	0.20343	0.00382041	0.222781	0.00367109	1.09512	0.00529834
0.04	0.3	0.6	0.119373	0.00497691	0.133121	0.00473867	1.11517	0.00687201
0.04	0.3	0.65	0.0704927	0.00646863	0.0771429	0.00621631	1.09434	0.00897138
0.04	0.3	0.7	0.0381136	0.0087901	0.0377622	0.00887626	0.99078	0.0124922
0.04	0.3	0.75	0.00840634	0.0132277	0.00865211	0.0131058	1.02924	0.0186208
0.04	0.3	0.85	0	0	0	0	0	0
0.04	0.5	0	3.12299	0.00117509	3.30366	0.00117289	1.05785	0.00166028
0.04	0.5	0.2	2.44664	0.00173632	2.64427	0.00171609	1.08078	0.00244126
0.04	0.5	0.25	1.66383	0.00206849	1.79186	0.00204685	1.07695	0.00291002
0.04	0.5	0.3	1.15859	0.00244972	1.27716	0.00239699	1.10234	0.00342735
0.04	0.5	0.35	0.724068	0.00306681	0.787732	0.00301848	1.08793	0.00430309
0.04	0.5	0.4	0.322194	0.00455267	0.344514	0.00451776	1.06928	0.00641381
0.04	0.5	0.45	0.0830392	0.00891481	0.0884651	0.00886189	1.06534	0.0125701
0.04	0.5	0.5	0	0	0	0	0	0
0.04	0.5	0.55	0	0	0	0	0	0
0.04	0.5	0.6	0	0	0	0	0	0
0.04	0.5	0.65	0	0	0	0	0	0
0.04	0.5	0.7	0	0	0	0	0	0
0.04	0.5	0.75	0	0	0	0	0	0
0.04	0.5	0.85	0	0	0	0	0	0
0.04	0.7	0	5.20962	0.0012465	5.85649	0.00126379	1.12417	0.00177509
0.04	0.7	0.2	2.34274	0.00225291	2.66445	0.00228338	1.13732	0.00320771
0.04	0.7	0.25	1.48148	0.00277793	1.71172	0.00279635	1.15541	0.00394163
0.04	0.7	0.3	0.44793	0.00492897	0.516981	0.00496594	1.15416	0.00699681
0.04	0.7	0.35	0	0	0	0	0	0
0.04	0.7	0.4	0	0	0	0	0	0
0.04	0.7	0.45	0	0	0	0	0	0
0.04	0.7	0.5	0	0	0	0	0	0
0.04	0.7	0.55	0	0	0	0	0	0
0.04	0.7	0.6	0	0	0	0	0	0
0.04	0.7	0.65	0	0	0	0	0	0
0.04	0.7	0.7	0	0	0	0	0	0
0.04	0.7	0.75	0	0	0	0	0	0
0.04	0.7	0.85	0	0	0	0	0	0
0.06	0.1	0	0.000254548	0.0539171	0.00031875	0.046626	1.25222	0.0712814
0.06	0.1	0.2	0	0	0	0	0	0
0.06	0.1	0.25	0	0	0	0	0	0
0.06	0.1	0.3	0	0	0	0	0	0
0.06	0.1	0.35	0	0	0	0	0	0
0.06	0.1	0.4	0	0	0	0	0	0
0.06	0.1	0.45	0	0	0	0	0	0
0.06	0.1	0.5	0.0374363	0.00629332	0.036993	0.00612674	0.988159	0.00878311
0.06	0.1	0.55	0.0898806	0.00406688	0.0950471	0.00382817	1.05748	0.00558519
0.06	0.1	0.6	0.117748	0.00355565	0.121305	0.00339097	1.03021	0.00491338
0.06	0.1	0.65	0.132289	0.00335575	0.136729	0.0031953	1.03356	0.00463368
0.06	0.1	0.7	0.134496	0.00332829	0.139626	0.00316221	1.03815	0.00459098
0.06	0.1	0.75	0.0969842	0.00277556	0.102477	0.00261454	1.05664	0.00381308
0.06	0.1	0.85	0.0351301	0.00375718	0.0369413	0.00354671	1.05156	0.00516677
0.06	0.15	0	0.00157167	0.0303892	0.00173633	0.028253	1.10476	0.0414938
0.06	0.15	0.2	0	0	0	0	0	0
0.06	0.15	0.25	0	0	0	0	0	0
0.06	0.15	0.3	0	0	0	0	0	0
0.06	0.15	0.35	0.0380627	0.00874068	0.0404497	0.00828624	1.06271	0.0120441
0.06	0.15	0.4	0.247892	0.00344291	0.260217	0.00328569	1.04972	0.00475914
0.06	0.15	0.45	0.376044	0.00280419	0.396922	0.00266974	1.05552	0.00387182
0.06	0.15	0.5	0.36132	0.00285972	0.368842	0.00276751	1.02082	0.00397959
0.06	0.15	0.55	0.265568	0.00332781	0.272821	0.00320994	1.02731	0.00462364
0.06	0.15	0.6	0.199479	0.00383344	0.208634	0.00366457	1.04589	0.00530323
0.06	0.15	0.65	0.14736	0.00445437	0.154249	0.00425589	1.04675	0.00616069
0.06	0.15	0.7	0.110014	0.00515049	0.113226	0.00496211	1.02919	0.00715193
0.06	0.15	0.75	0.0643777	0.00476313	0.0654997	0.00461536	1.01743	0.00663242
0.06	0.15	0.85	0.0192123	0.00710652	0.0195786	0.00687972	1.01907	0.00989107
0.06	0.2	0	0.00971024	0.0120989	0.00957073	0.0120279	0.985633	0.0170603
0.06	0.2	0.2	4.54413e-05	0.25	2.76651e-06	1	0.0608809	1.03078
0.06	0.2	0.25	0.321227	0.00299722	0.32559	0.0029392	1.01358	0.00419789
0.06	0.2	0.3	0.711991	0.00203247	0.739341	0.00197075	1.03841	0.00283104
0.06	0.2	0.35	0.81286	0.00190681	0.85279	0.00184013	1.04912	0.00264991
0.06	0.2	0.4	0.61845	0.00217583	0.661549	0.00207939	1.06969	0.00300967
0.06	0.2	0.45	0.458852	0.00251626	0.487683	0.00241138	1.06283	0.00348515
0.06	0.2	0.5	0.33885	0.00291951	0.353872	0.00282131	1.04433	0.00405997
0.06	0.2	0.55	0.25354	0.00336804	0.269079	0.00322853	1.06129	0.00466553
0.06	0.2	0.6	0.180873	0.00398046	0.197125	0.00376514	1.08985	0.00547908
0.06	0.2	0.65	0.130686	0.00467697	0.147068	0.00435352	1.12535	0.00638962
0.06	0.2	0.7	0.0949013	0.00548349	0.101857	0.00522519	1.0733	0.00757439
0.06	0.2	0.75	0.0549343	0.00509822	0.0620625	0.00473604	1.12976	0.00695859
0.06	0.2	0.85	0.0128381	0.00859552	0.0134148	0.00829968	1.04492	0.0119485
0.06	0.3	0	0.469729	0.00195732	0.485924	0.00193359	1.03448	0.00275134
0.06	0.3	0.2	1.79785	0.0014436	1.86838	0.0014238	1.03923	0.00202761
0.06	0.3	0.25	1.66667	0.00149482	1.75459	0.00146545	1.05275	0.00209333
0.06	0.3	0.3	1.18074	0.00175595	1.2554	0.00171263	1.06323	0.00245285
0.06	0.3	0.35	0.856095	0.00204632	0.901496	0.00200427	1.05303	0.00286436
0.06	0.3	0.4	0.619179	0.00239247	0.64606	0.00235317	1.04341	0.00335579
0.06	0.3	0.45	0.454177	0.00278225	0.481282	0.00271559	1.05968	0.00388785
0.06	0.3	0.5	0.311967	0.00334534	0.332533	0.00325519	1.06592	0.00466771
0.06	0.3	0.55	0.194123	0.00422856	0.204295	0.00414002	1.0524	0.00591781
0.06	0.3	0.6	0.116204	0.00545482	0.120459	0.00538041	1.03662	0.00766185
0.06	0.3	0.65	0.0663371	0.00721065	0.0690344	0.00709826	1.04066	0.0101182
0.06	0.3	0.7	0.0322421	0.0103341	0.0349696	0.00996492	1.08459	0.0143559
0.06	0.3	0.75	0.00697335	0.0157054	0.0080075	0.0147181	1.1483	0.021524
0.06	0.3	0.85	0	0	0	0	0	0
0.06	0.5	0	3.07147	0.00128071	3.25224	0.00127626	1.05885	0.00180806
0.06	0.5	0.2	2.40782	0.00189387	2.63686	0.00185813	1.09512	0.00265319
0.06	0.5	0.25	1.6349	0.00225837	1.74134	0.00224278	1.0651	0.00318281
0.06	0.5	0.3	1.12736	0.00268753	1.22517	0.00264327	1.08676	0.00376957
0.06	0.5	0.35	0.705551	0.00336312	0.771796	0.00329617	1.09389	0.00470906
0.06	0.5	0.4	0.308785	0.00503474	0.329008	0.00499681	1.06549	0.00709343
0.06	0.5	0.45	0.0760881	0.0100843	0.0837502	0.00984668	1.1007	0.0140943
0.06	0.5	0.5	0	0	0	0	0	0
0.06	0.5	0.55	0	0	0	0	0	0
0.06	0.5	0.6	0	0	0	0	0	0
0.06	0.5	0.65	0	0	0	0	0	0
0.06	0.5	0.7	0	0	0	0	0	0
0.06	0.5	0.75	0	0	0	0	0	0
0.06	0.5	0.85	0	0	0	0	0	0
0.06	0.7	0	5.19289	0.00135319	5.78426	0.00137365	1.11388	0.00192822
0.06	0.7	0.2	2.31824	0.00245467	2.5972	0.00249857	1.12033	0.00350261
0.06	0.7	0.25	1.48206	0.00301195	1.63822	0.00308722	1.10536	0.00431309
0.06	0.7	0.3	0.451241	0.00532596	0.52349	0.00533793	1.16011	0.00754051
0.06	0.7	0.35	0	0	0	0	0	0
0.06	0.7	0.4	0	0	0	0	0	0
0.06	0.7	0.45	0	0	0	0	0	0
0.06	0.7	0.5	0	0	0	0	0	0
0.06	0.7	0.55	0	0	0	0	0	0
0.06	0.7	0.6	0	0	0	0	0	0
0.06	0.7	0.65	0	0	0	0	0	0
0.06	0.7	0.7	0	0	0	0	0	0
0.06	0.7	0.75	0	0	0	0	0	0
0.06	0.7	0.85	0	0	0	0	0	0
0.1	0.1	0	0.000246426	0.0816507	0.000193756	0.089088	0.786267	0.120845
0.1	0.1	0.2	0	0	0	0	0	0
0.1	0.1	0.25	0	0	0	0	0	0
0.1	0.1	0.3	0	0	0	0	0	0
0.1	0.1	0.35	0	0	0	0	0	0
0.1	0.1	0.4	0	0	0	0	0	0
0.1	0.1	0.45	0	0	0	0	0	0
0.1	0.1	0.5	0.0343583	0.00978744	0.035725	0.00928722	1.03978	0.0134925
0.1	0.1	0.55	0.0807422	0.006392	0.0823834	0.00612338	1.02033	0.00885175
0.1	0.1	0.6	0.11399	0.0053841	0.114055	0.00520859	1.00057	0.00749119
0.1	0.1	0.65	0.127471	0.00509315	0.132302	0.00483843	1.0379	0.00702499
0.1	0.1	0.7	0.124018	0.00516312	0.132462	0.00483552	1.06809	0.00707391
0.1	0.1	0.75	0.096525	0.00414537	0.0997707	0.00394679	1.03363	0.00572374
0.1	0.1	0.85	0.0334471	0.00573666	0.0364047	0.00532208	1.08843	0.00782521
0.1	0.15	0	0.00125609	0.0505753	0.0012127	0.0504465	0.965452	0.0714333
0.1	0.15	0.2	0	0	0	0	0	0
0.1	0.15	0.25	0	0	0	0	0	0
0.1	0.15	0.3	0	0	0	0	0	0
0.1	0.15	0.35	0.0391735	0.0128194	0.0377387	0.0128005	0.963375	0.018116
0.1	0.15	0.4	0.240515	0.00519951	0.2555	0.00494731	1.0623	0.0071771
0.1	0.15	0.45	0.363413	0.00424275	0.363038	0.00416183	0.998969	0.00594321
0.1	0.15	0.5	0.340765	0.00437904	0.348542	0.00424593	1.02282	0.0060995
0.1	0.15	0.55	0.244743	0.00515495	0.26132	0.00489264	1.06773	0.00710714
0.1	0.15	0.6	0.188967	0.00585851	0.189064	0.0057414	1.00051	0.00820279
0.1	0.15	0.65	0.137965	0.00684773	0.140377	0.0066547	1.01748	0.00954863
0.1	0.15	0.7	0.0993247	0.00806278	0.104237	0.00771543	1.04945	0.0111596
0.1	0.15	0.75	0.0578832	0.00747137	0.0655969	0.00688203	1.13326	0.0101579
0.1	0.15	0.85	0.0177717	0.0109924	0.0186914	0.0105062	1.05175	0.0152057
0.1	0.2	0	0.00835678	0.0194228	0.00856515	0.0189472	1.02493	0.0271338
0.1	0.2	0.2	3.77992e-05	0.408249	2.45772e-05	0.5	0.650203	0.645498
0.1	0.2	0.25	0.306514	0.00456818	0.310477	0.00448384	1.01293	0.00640102
0.1	0.2	0.3	0.695802	0.0030609	0.712081	0.00299059	1.0234	0.00427934
0.1	0.2	0.35	0.793173	0.00287361	0.827925	0.00278142	1.04381	0.00399924
0.1	0.2	0.4	0.599824	0.00328905	0.628611	0.00317638	1.04799	0.00457245
0.1	0.2	0.45	0.43883	0.00383028	0.468963	0.0036629	1.06867	0.0052998
0.1	0.2	0.5	0.3221	0.004458	0.335743	0.00431458	1.04236	0.00620398
0.1	0.2	0.55	0.239874	0.00515541	0.245268	0.0050365	1.02249	0.00720726
0.1	0.2	0.6	0.166367	0.00617918	0.185914	0.00577617	1.11749	0.00845851
0.1	0.2	0.65	0.117707	0.00733735	0.129079	0.00692213	1.09662	0.0100873
0.1	0.2	0.7	0.0938996	0.00821015	0.0880539	0.0083722	0.937745	0.0117261
0.1	0.2	0.75	0.0499517	0.00796082	0.0539285	0.00756849	1.07961	0.0109844
0.1	0.2	0.85	0.0126648	0.0128889	0.0126675	0.0127278	1.00021	0.0181141
0.1	0.3	0	0.467013	0.00292509	0.473019	0.00291132	1.01286	0.00412698
0.1	0.3	0.2	1.74935	0.0021786	1.8356	0.00213384	1.04931	0.00304952
0.1	0.3	0.25	1.63257	0.00224911	1.69704	0.00221221	1.03949	0.00315474
0.1	0.3	0.3	1.15658	0.00264257	1.22223	0.00257813	1.05676	0.00369188
0.1	0.3	0.35	0.812467	0.00312717	0.857673	0.00305118	1.05564	0.00436908
0.1	0.3	0.4	0.602074	0.00361429	0.618828	0.00357149	1.02783	0.0050812
0.1	0.3	0.45	0.435705	0.00423147	0.44716	0.00418401	1.02629	0.00595074
0.1	0.3	0.5	0.296487	0.00511211	0.306887	0.0050332	1.03508	0.00717404
0.1	0.3	0.55	0.178074	0.00657707	0.196332	0.00627561	1.10253	0.00909072
0.1	0.3	0.6	0.105349	0.00853557	0.112447	0.00827517	1.06737	0.0118884
0.1	0.3	0.65	0.0609816	0.0112065	0.0607296	0.0112459	0.995868	0.0158762
0.1	0.3	0.7	0.0319682	0.0154666	0.0321681	0.0154409	1.00625	0.0218549
0.1	0.3	0.75	0.00756258	0.0224761	0.00726673	0.022962	0.96088	0.0321314
0.1	0.3	0.85	0	0	0	0	0	0
0.1	0.5	0	3.02319	0.00190954	3.22362	0.00190368	1.0663	0.00269636
0.1	0.5	0.2	2.38633	0.00281792	2.57371	0.00279362	1.07852	0.003968
0.1	0.5	0.25	1.62007	0.00336097	1.71725	0.00335776	1.05998	0.00475086
0.1	0.5	0.3	1.09242	0.00404269	1.18229	0.00399912	1.08227	0.0056865
0.1	0.5	0.35	0.663217	0.0051354	0.752261	0.00496502	1.13426	0.00714309
0.1	0.5	0.4	0.289489	0.00770234	0.324682	0.00748336	1.12157	0.010739
0.1	0.5	0.45	0.067158	0.0159037	0.0806557	0.0149289	1.20099	0.0218128
0.1	0.5	0.5	0	0	0	0	0	0
0.1	0.5	0.55	0	0	0	0	0	0
0.1	0.5	0.6	0	0	0	0	0	0
0.1	0.5	0.65	0	0	0	0	0	0
0.1	0.5	0.7	0	0	0	0	0	0
0.1	0.5	0.75	0	0	0	0	0	0
0.1	0.5	0.85	0	0	0	0	0	0
0.1	0.7	0	5.02099	0.00202062	5.69206	0.00204734	1.13365	0.00287654
0.1	0.7	0.2	2.2252	0.00369205	2.578	0.00372124	1.15855	0.00524203
0.1	0.7	0.25	1.33273	0.00467393	1.62027	0.00460718	1.21576	0.00656291
0.1	0.7	0.3	0.414044	0.00820297	0.46041	0.0084416	1.11198	0.0117707
0.1	0.7	0.35	0	0	0	0	0	0
0.1	0.7	0.4	0	0	0	0	0	0
0.1	0.7	0.45	0	0	0	0	0	0
0.1	0.7	0.5	0	0	0	0	0	0
0.1	0.7	0.55	0	0	0	0	0	0
0.1	0.7	0.6	0	0	0	0	0	0
0.1	0.7	0.65	0	0	0	0	0	0
0.1	0.7	0.7	0	0	0	0	0	0
0.1	0.7	0.75	0	0	0	0	0	0
0.1	0.7	0.85	0	0	0	0	0	0
0.14	0.1	0	0.000109629	0.162222	0.000219324	0.111112	2.0006	0.196627
0.14	0.1	0.2	0	0	0	0	0	0
0.14	0.1	0.25	0	0	0	0	0	0
0.14	0.1	0.3	0	0	0	0	0	0
0.14	0.1	0.35	0	0	0	0	0	0
0.14	0.1	0.4	0	0	0	0	0	0
0.14	0.1	0.45	0	0	0	0	0	0
0.14	0.1	0.5	0.033287	0.0131768	0.0354385	0.0123734	1.06463	0.0180756
0.14	0.1	0.55	0.0825164	0.00837936	0.0877514	0.00787411	1.06344	0.0114985
0.14	0.1	0.6	0.114159	0.00712965	0.110983	0.00700595	0.972184	0.00999575
0.14	0.1	0.65	0.125387	0.00680483	0.125892	0.00658064	1.00403	0.00946628
0.14	0.1	0.7	0.123881	0.00684581	0.131605	0.00643719	1.06235	0.00939694
0.14	0.1	0.75	0.0986463	0.00543454	0.0961209	0.00533463	0.974399	0.00761528
0.14	0.1	0.85	0.0324234	0.00772059	0.036202	0.00708176	1.11654	0.0104766
0.14	0.15	0	0.00149859	0.0615504	0.00164575	0.0572648	1.0982	0.0840696
0.14	0.15	0.2	0	0	0	0	0	0
0.14	0.15	0.25	0	0	0	0	0	0
0.14	0.15	0.3	0	0	0	0	0	0
0.14	0.15	0.35	0.0348876	0.018055	0.0396059	0.0165241	1.13524	0.0244751
0.14	0.15	0.4	0.231793	0.00703892	0.241639	0.00672521	1.04248	0.00973524
0.14	0.15	0.45	0.361353	0.00565558	0.366285	0.00548001	1.01365	0.00787503
0.14	0.15	0.5	0.337693	0.00584694	0.353712	0.00557474	1.04744	0.00807865
0.14	0.15	0.55	0.250809	0.00677	0.26754	0.00639569	1.06671	0.00931331
0.14	0.15	0.6	0.199074	0.00758923	0.199368	0.00739579	1.00148	0.0105969
0.14	0.15	0.65	0.133806	0.00924197	0.146607	0.00861268	1.09567	0.012633
0.14	0.15	0.7	0.104458	0.0104523	0.115105	0.00971203	1.10193	0.014268
0.14	0.15	0.75	0.0639738	0.0094498	0.0651178	0.00913408	1.01788	0.0131427
0.14	0.15	0.85	0.0183918	0.0143642	0.0199145	0.0134612	1.08279	0.0196858
0.14	0.2	0	0.00556329	0.0316791	0.00684921	0.0280817	1.23114	0.0423338
0.14	0.2	0.2	0	0	0	0	0	0
0.14	0.2	0.25	0.299559	0.00614923	0.295536	0.00608964	0.986572	0.00865429
0.14	0.2	0.3	0.666981	0.00415815	0.711789	0.00396529	1.06718	0.00574576
0.14	0.2	0.35	0.807141	0.00379271	0.818785	0.00370699	1.01443	0.00530343
0.14	0.2	0.4	0.604351	0.00436167	0.609812	0.00427313	1.00904	0.00610605
0.14	0.2	0.45	0.43339	0.00512919	0.453937	0.00493336	1.04741	0.00711665
0.14	0.2	0.5	0.308509	0.00606071	0.314135	0.00590941	1.01824	0.00846483
0.14	0.2	0.55	0.227386	0.00704541	0.244272	0.00668948	1.07426	0.00971529
0.14	0.2	0.6	0.170738	0.00811922	0.177335	0.00783771	1.03864	0.011285
0.14	0.2	0.65	0.111456	0.0100343	0.128262	0.00920429	1.15079	0.0136164
0.14	0.2	0.7	0.0872494	0.0113344	0.0930499	0.0107966	1.06648	0.0156536
0.14	0.2	0.75	0.0479715	0.010811	0.0558623	0.00985781	1.16449	0.0146306
0.14	0.2	0.85	0.0120343	0.0175976	0.0126801	0.016862	1.05367	0.0243722
0.14	0.3	0	0.457566	0.00393287	0.47201	0.00387866	1.03157	0.00552372
0.14	0.3	0.2	1.7334	0.00291297	1.78702	0.00287514	1.03093	0.0040929
0.14	0.3	0.25	1.61191	0.0030123	1.64006	0.00299108	1.01746	0.00424505
0.14	0.3	0.3	1.12213	0.00356918	1.16729	0.00350655	1.04025	0.00500349
0.14	0.3	0.35	0.81187	0.00416518	0.835164	0.00411298	1.02869	0.00585366
0.14	0.3	0.4	0.590904	0.00485625	0.586393	0.00487916	0.992367	0.00688399
0.14	0.3	0.45	0.417582	0.00575245	0.427191	0.00569437	1.02301	0.00809422
0.14	0.3	0.5	0.267637	0.00715897	0.294424	0.00683687	1.10009	0.00989917
0.14	0.3	0.55	0.182553	0.00864999	0.175165	0.00883777	0.959532	0.0123664
0.14	0.3	0.6	0.101949	0.0115518	0.108029	0.011235	1.05963	0.0161143
0.14	0.3	0.65	0.0556578	0.0156163	0.0669873	0.014253	1.20356	0.0211427
0.14	0.3	0.7	0.0287222	0.021724	0.0336089	0.0201054	1.17014	0.0296
0.14	0.3	0.75	0.007255	0.0305534	0.00674756	0.0317128	0.930056	0.0440365
0.14	0.3	0.85	0	0	0	0	0	0
0.14	0.5	0	2.98649	0.00255738	3.11956	0.00256285	1.04456	0.00362055
0.14	0.5	0.2	2.33864	0.00379033	2.5076	0.00375554	1.07225	0.00533579
0.14	0.5	0.25	1.56054	0.00455851	1.69884	0.00448358	1.08863	0.00639394
0.14	0.5	0.3	1.06537	0.00545335	1.17539	0.00532776	1.10327	0.00762392
0.14	0.5	0.35	0.675466	0.0067851	0.718804	0.00674241	1.06416	0.00956544
0.14	0.5	0.4	0.269525	0.0106354	0.296779	0.0103907	1.10112	0.0148687
0.14	0.5	0.45	0.081068	0.0193019	0.0784523	0.0201058	0.967735	0.0278712
0.14	0.5	0.5	0	0	0	0	0	0
0.14	0.5	0.55	0	0	0	0	0	0
0.14	0.5	0.6	0	0	0	0	0	0
0.14	0.5	0.65	0	0	0	0	0	0
0.14	0.5	0.7	0	0	0	0	0	0
0.14	0.5	0.75	0	0	0	0	0	0
0.14	0.5	0.85	0	0	0	0	0	0
0.14	0.7	0	4.95828	0.00270707	5.68123	0.00271691	1.14581	0.00383534
0.14	0.7	0.2	2.18912	0.00496203	2.41324	0.00507418	1.10238	0.00709711
0.14	0.7	0.25	1.38892	0.00611618	1.52144	0.00627817	1.09541	0.00876488
0.14	0.7	0.3	0.402212	0.0111003	0.498348	0.01074	1.23902	0.0154455
0.14	0.7	0.35	0	0	0	0	0	0
0.14	0.7	0.4	0	0	0	0	0	0
0.14	0.7	0.45	0	0	0	0	0	0
0.14	0.7	0.5	0	0	0	0	0	0
0.14	0.7	0.55	0	0	0	0	0	0
0.14	0.7	0.6	0	0	0	0	0	0
0.14	0.7	0.65	0	0	0	0	0	0
0.14	0.7	0.7	0	0	0	0	0	0
0.14	0.7	0.75	0	0	0	0	0	0
0.14	0.7	0.85	0	0	0	0	0	0
0.18	0.1	0	0.000312141	0.0813801	0.000269901	0.0842164	0.864677	0.117112
0.18	0.1	0.2	0	0	0	0	0	0
0.18	0.1	0.25	0	0	0	0	0	0
0.18	0.1	0.3	0	0	0	0	0	0
0.18	0.1	0.35	0	0	0	0	0	0
0.18	0.1	0.4	0	0	0	0	0	0
0.18	0.1	0.45	0	0	0	0	0	0
0.18	0.1	0.5	0.0460025	0.00949095	0.0441183	0.00932642	0.959041	0.0133064
0.18	0.1	0.55	0.102705	0.00636091	0.108975	0.00594454	1.06105	0.00870624
0.18	0.1	0.6	0.137912	0.00549405	0.141574	0.00522	1.02655	0.00757845
0.18	0.1	0.65	0.144321	0.00537154	0.144851	0.00516106	1.00367	0.00744916
0.18	0.1	0.7	0.132798	0.00559812	0.133538	0.0053736	1.00557	0.00775981
0.18	0.1	0.75	0.0942685	0.0047048	0.0968696	0.00446847	1.02759	0.00648863
0.18	0.1	0.85	0.0346703	0.00632104	0.0366402	0.00591907	1.05682	0.00865973
0.18	0.15	0	0.00126201	0.0498786	0.00104025	0.0531524	0.824283	0.0728907
0.18	0.15	0.2	0	0	0	0	0	0
0.18	0.15	0.25	0	0	0	0	0	0
0.18	0.15	0.3	0	0	0	0	0	0
0.18	0.15	0.35	0.031525	0.0141236	0.0362912	0.012738	1.15119	0.0190193
0.18	0.15	0.4	0.233999	0.00521017	0.243366	0.00494604	1.04003	0.00718395
0.18	0.15	0.45	0.343033	0.00431477	0.351522	0.0041271	1.02475	0.00597078
0.18	0.15	0.5	0.318628	0.00447428	0.337576	0.00420995	1.05947	0.00614352
0.18	0.15	0.55	0.253513	0.00500804	0.260944	0.00477875	1.02932	0.00692221
0.18	0.15	0.6	0.192202	0.0057429	0.19847	0.00547047	1.03262	0.00793139
0.18	0.15	0.65	0.14179	0.00667795	0.153775	0.00620749	1.08452	0.00911745
0.18	0.15	0.7	0.104351	0.00777704	0.111495	0.00728189	1.06846	0.010654
0.18	0.15	0.75	0.0670966	0.00686308	0.0711102	0.00645275	1.05982	0.00942019
0.18	0.15	0.85	0.0222138	0.00972261	0.0222998	0.00938958	1.00387	0.0135164
0.18	0.2	0	0.004706	0.0257063	0.00463254	0.0252038	0.98439	0.0360006
0.18	0.2	0.2	0	0	7.05911e-05	0.288676	0	0
0.18	0.2	0.25	0.301843	0.00457236	0.297206	0.00448373	0.984638	0.00640393
0.18	0.2	0.3	0.645953	0.00315196	0.67231	0.00301009	1.0408	0.00435838
0.18	0.2	0.35	0.763541	0.00290735	0.770408	0.00281896	1.00899	0.00404959
0.18	0.2	0.4	0.579516	0.00332237	0.588877	0.00320941	1.01615	0.00461936
0.18	0.2	0.45	0.436067	0.00381668	0.443253	0.00368541	1.01648	0.00530559
0.18	0.2	0.5	0.306325	0.00453928	0.316907	0.00434435	1.03454	0.00628319
0.18	0.2	0.55	0.235468	0.00516837	0.236915	0.00501405	1.00615	0.00720089
0.18	0.2	0.6	0.168707	0.00609586	0.183925	0.00568282	1.0902	0.00833391
0.18	0.2	0.65	0.11954	0.00723295	0.130982	0.00672476	1.09572	0.00987613
0.18	0.2	0.7	0.0878723	0.00842954	0.0904213	0.00808507	1.02901	0.0116801
0.18	0.2	0.75	0.0496368	0.00793298	0.0541051	0.00739415	1.09002	0.0108446
0.18	0.2	0.85	0.0136082	0.0123526	0.0157281	0.0111796	1.15578	0.0166605
0.18	0.3	0	0.434329	0.00301429	0.436808	0.00296197	1.00571	0.00422602
0.18	0.3	0.2	1.66502	0.00221836	1.73467	0.00214619	1.04183	0.00308662
0.18	0.3	0.25	1.54889	0.00229385	1.60031	0.00222735	1.0332	0.00319731
0.18	0.3	0.3	1.09328	0.00270128	1.11279	0.00263986	1.01785	0.003777
0.18	0.3	0.35	0.767556	0.0031989	0.798817	0.00309182	1.04073	0.00444885
0.18	0.3	0.4	0.547797	0.00376648	0.592415	0.00357185	1.08145	0.00519081
0.18	0.3	0.45	0.401871	0.00438182	0.420563	0.004221	1.04651	0.00608417
0.18	0.3	0.5	0.270234	0.00532626	0.276244	0.00518916	1.02224	0.00743615
0.18	0.3	0.55	0.167226	0.00675357	0.17865	0.00643668	1.06831	0.0093296
0.18	0.3	0.6	0.0940591	0.00898868	0.106564	0.00831873	1.13294	0.0122474
0.18	0.3	0.65	0.0525778	0.0120101	0.0581443	0.0112478	1.10587	0.0164547
0.18	0.3	0.7	0.0302411	0.0158273	0.0291088	0.0158849	0.962557	0.022424
0.18	0.3	0.75	0.00540074	0.02647	0.00561788	0.0255562	1.0402	0.0367937
0.18	0.3	0.85	0	0	0	0	0	0
0.18	0.5	0	2.87866	0.00193414	3.00863	0.00192492	1.04515	0.00272878
0.18	0.5	0.2	2.28194	0.0028574	2.40886	0.002829	1.05562	0.00402094
0.18	0.5	0.25	1.47597	0.00348806	1.6243	0.00338601	1.10049	0.00486124
0.18	0.5	0.3	1.02616	0.00413922	1.13031	0.00401377	1.10149	0.00576572
0.18	0.5	0.35	0.614618	0.00529581	0.681085	0.0051171	1.10814	0.00736412
0.18	0.5	0.4	0.294766	0.00758753	0.29291	0.0077316	0.993701	0.0108327
0.18	0.5	0.45	0.0719106	0.0152772	0.070819	0.0156403	0.984821	0.0218635
0.18	0.5	0.5	0	0	0	0	0	0
0.18	0.5	0.55	0	0	0	0	0	0
0.18	0.5	0.6	0	0	0	0	0	0
0.18	0.5	0.65	0	0	0	0	0	0
0.18	0.5	0.7	0	0	0	0	0	0
0.18	0.5	0.75	0	0	0	0	0	0
0.18	0.5	0.85	0	0	0	0	0	0
0.18	0.7	0	4.67722	0.00220669	5.36502	0.00220821	1.14705	0.00312181
0.18	0.7	0.2	2.1358	0.00401034	2.45294	0.00401174	1.14849	0.00567247
0.18	0.7	0.25	1.34306	0.00496586	1.53326	0.00498164	1.14162	0.00703396
0.18	0.7	0.3	0.420282	0.00868309	0.500219	0.00853599	1.1902	0.0121762
0.18	0.7	0.35	0	0	0	0	0	0
0.18	0.7	0.4	0	0	0	0	0	0
0.18	0.7	0.45	0	0	0	0	0	0
0.18	0.7	0.5	0	0	0	0	0	0
0.18	0.7	0.55	0	0	0	0	0	0
0.18	0.7	0.6	0	0	0	0	0	0
0.18	0.7	0.65	0	0	0	0	0	0
0.18	0.7	0.7	0	0	0	0	0	0
0.18	0.7	0.75	0	0	0	0	0	0
0.18	0.7	0.85	0	0	0	0	0	0
0.004	0.1	0	0	0	0	0	0	0
0.004	0.1	0.2	0	0	0	0	0	0
0.004	0.1	0.25	0	0	0	0	0	0
0.004	0.1	0.3	0	0	0	0	0	0
0.004	0.1	0.35	0	0	0	0	0	0
0.004	0.1	0.4	0	0	0	0	0	0
0.004	0.1	0.45	0	0	0	0	0	0
0.004	0.1	0.5	0	0	0	0	0	0
0.004	0.1	0.55	0	0	0	0	0	0
0.004	0.1	0.6	0	0	0	0	0	0
0.004	0.1	0.65	0	0	0	0	0	0
0.004	0.1	0.7	0	0	0	0	0	0
0.004	0.1	0.75	0	0	0	0	0	0
0.004	0.1	0.85	0	0	0	0	0	0
0.004	0.15	0	0	0	0	0	0	0
0.004	0.15	0.2	0	0	0	0	0	0
0.004	0.15	0.25	0	0	0	0	0	0
0.004	0.15	0.3	0	0	0	0	0	0
0.004	0.15	0.35	0	0	0	0	0	0
0.004	0.15	0.4	0	0	0	0	0	0
0.004	0.15	0.45	0	0	0	0	0	0
0.004	0.15	0.5	0	0	0	0	0	0
0.004	0.15	0.55	0	0	0	0	0	0
0.004	0.15	0.6	0	0	0	0	0	0
0.004	0.15	0.65	0	0	0	0	0	0
0.004	0.15	0.7	0	0	0	0	0	0
0.004	0.15	0.75	0	0	0	0	0	0
0.004	0.15	0.85	0	0	0	0	0	0
0.004	0.2	0	0	0	0	0	0	0
0.004	0.2	0.2	0	0	0	0	0	0
0.004	0.2	0.25	0	0	0	0	0	0
0.004	0.2	0.3	0	0	0	0	0	0
0.004	0.2	0.35	0	0	0	0	0	0
0.004	0.2	0.4	0	0	0	0	0	0
0.004	0.2	0.45	0	0	0	0	0	0
0.004	0.2	0.5	0	0	0	0	0	0
0.004	0.2	0.55	0	0	0	0	0	0
0.004	0.2	0.6	0	0	0	0	0	0
0.004	0.2	0.65	0	0	0	0	0	0
0.004	0.2	0.7	0	0	0	0	0	0
0.004	0.2	0.75	0	0	0	0	0	0
0.004	0.2	0.85	0	0	0	0	0	0
0.004	0.3	0	1.24018	0.00103774	1.34318	0.00102174	1.08305	0.00145632
0.004	0.3	0.2	3.14295	0.000935379	3.39914	0.000921934	1.08151	0.00131335
0.004	0.3	0.25	2.21627	0.00109137	2.45129	0.00106427	1.10604	0.00152439
0.004	0.3	0.3	1.61681	0.00126041	1.76935	0.00123428	1.09434	0.00176411
0.004	0.3	0.35	1.17007	0.00146623	1.29978	0.00142509	1.11086	0.00204468
0.004	0.3	0.4	0.870161	0.00168815	0.95354	0.00165081	1.09582	0.00236114
0.004	0.3	0.45	0.637873	0.00196071	0.723952	0.0018846	1.13495	0.00271957
0.004	0.3	0.5	0.384135	0.00251103	0.437996	0.00240686	1.14021	0.00347825
0.004	0.3	0.55	0.17053	0.00374891	0.190408	0.0036292	1.11657	0.0052178
0.004	0.3	0.6	0.0625879	0.00617157	0.0735362	0.00582367	1.17493	0.00848548
0.004	0.3	0.65	0.0162571	0.0120953	0.0202101	0.0110946	1.24315	0.016413
0.004	0.3	0.7	0.0021269	0.0334281	0.00210749	0.0343419	0.990876	0.047925
0.004	0.3	0.75	0	0	0	0	0	0
0.004	0.3	0.85	0	0	0	0	0	0
0.004	0.5	0	3.7829	0.000471885	4.24888	0.000473395	1.12318	0.000668415
0.004	0.5	0.2	3.00136	0.000684378	3.42628	0.000682166	1.14157	0.000966294
0.004	0.5	0.25	2.09308	0.000803181	2.40681	0.000797856	1.14989	0.00113211
0.004	0.5	0.3	1.49436	0.00093759	1.7268	0.000929079	1.15554	0.00131995
0.004	0.5	0.35	0.920091	0.00117881	1.08187	0.00115815	1.17583	0.00165255
0.004	0.5	0.4	0.367611	0.00184015	0.428855	0.00181402	1.1666	0.00258396
0.004	0.5	0.45	0.0807579	0.00389831	0.0982282	0.00376313	1.21633	0.0054183
0.004	0.5	0.5	0	0	0	0	0	0
0.004	0.5	0.55	0	0	0	0	0	0
0.004	0.5	0.6	0	0	0	0	0	0
0.004	0.5	0.65	0	0	0	0	0	0
0.004	0.5	0.7	0	0	0	0	0	0
0.004	0.5	0.75	0	0	0	0	0	0
0.004	0.5	0.85	0	0	0	0	0	0
0.004	0.7	0	5.64194	0.000407004	7.3204	0.000416863	1.2975	0.000582604
0.004	0.7	0.2	2.58963	0.000721942	3.42697	0.000739522	1.32334	0.00103349
0.004	0.7	0.25	1.65821	0.000883402	2.22354	0.000900304	1.34092	0.00126133
0.004	0.7	0.3	0.492098	0.00157737	0.668642	0.0015989	1.35876	0.00224602
0.004	0.7	0.35	0	0	0	0	0	0
0.004	0.7	0.4	0	0	0	0	0	0
0.004	0.7	0.45	0	0	0	0	0	0
0.004	0.7	0.5	0	0	0	0	0	0
0.004	0.7	0.55	0	0	0	0	0	0
0.004	0.7	0.6	0	0	0	0	0	0
0.004	0.7	0.65	0	0	0	0	0	0
0.004	0.7	0.7	0	0	0	0	0	0
0.004	0.7	0.75	0	0	0	0	0	0
0.004	0.7	0.85	0	0	0	0	0	0
0.01	0.1	0	0	0	0	0	0	0
0.01	0.1	0.2	0	0	0	0	0	0
0.01	0.1	0.25	0	0	0	0	0	0
0.01	0.1	0.3	0	0	0	0	0	0
0.01	0.1	0.35	0	0	0	0	0	0
0.01	0.1	0.4	0	0	0	0	0	0
0.01	0.1	0.45	0	0	0	0	0	0
0.01	0.1	0.5	0	0	0	0	0	0
0.01	0.1	0.55	0	0	0	0	0	0
0.01	0.1	0.6	0	0	0	0	0	0
0.01	0.1	0.65	0	0	0	0	0	0
0.01	0.1	0.7	0	0	0	0	0	0
0.01	0.1	0.75	0	0	0	0	0	0
0.01	0.1	0.85	0	0	0	0	0	0
0.01	0.15	0	0.0033713	0.0363758	0.00385992	0.0330838	1.14494	0.0491705
0.01	0.15	0.2	0	0	0	0	0	0
0.01	0.15	0.25	0	0	0	0	0	0
0.01	0.15	0.3	0	0	0	0	0	0
0.01	0.15	0.35	0.195303	0.0067906	0.193174	0.00664601	0.989095	0.00950167
0.01	0.15	0.4	0.919071	0.00318592	0.938874	0.00307279	1.02155	0.0044263
0.01	0.15	0.45	0.824764	0.00335554	0.882546	0.00316484	1.07006	0.00461258
0.01	0.15	0.5	0.645764	0.00377586	0.670191	0.00361229	1.03783	0.00522549
0.01	0.15	0.55	0.502315	0.0042663	0.518885	0.00408945	1.03299	0.00590973
0.01	0.15	0.6	0.395325	0.00479652	0.413544	0.00456836	1.04609	0.00662393
0.01	0.15	0.65	0.307118	0.00543012	0.319394	0.0051856	1.03997	0.00750844
0.01	0.15	0.7	0.230809	0.00625198	0.243758	0.00592419	1.0561	0.00861297
0.01	0.15	0.75	0.133991	0.00580751	0.151141	0.00532799	1.12799	0.00788128
0.01	0.15	0.85	0.0361924	0.00908781	0.0417159	0.00824233	1.15261	0.0122688
0.01	0.2	0	0.0101519	0.00744309	0.0111515	0.00701676	1.09846	0.0102291
0.01	0.2	0.2	0.000188778	0.077152	0.000205107	0.0731276	1.0865	0.106302
0.01	0.2	0.25	0.682856	0.00130451	0.705607	0.00126911	1.03332	0.00181999
0.01	0.2	0.3	1.29297	0.000961899	1.35173	0.000931456	1.04544	0.00133898
0.01	0.2	0.35	1.28043	0.000966313	1.36022	0.000928732	1.06232	0.00134026
0.01	0.2	0.4	1.00026	0.00108608	1.05347	0.00104754	1.05319	0.00150894
0.01	0.2	0.45	0.750962	0.00124599	0.801552	0.00119355	1.06737	0.00172542
0.01	0.2	0.5	0.561847	0.00143393	0.603669	0.00136862	1.07444	0.00198224
0.01	0.2	0.55	0.428287	0.00163702	0.462688	0.0015578	1.08032	0.00225978
0.01	0.2	0.6	0.32881	0.00186376	0.357052	0.00176864	1.08589	0.00256937
0.01	0.2	0.65	0.248949	0.00213773	0.272976	0.00201847	1.09651	0.00294009
0.01	0.2	0.7	0.183348	0.00248693	0.196363	0.00237527	1.07099	0.003439
0.01	0.2	0.75	0.107042	0.00230325	0.115036	0.00219626	1.07468	0.00318253
0.01	0.2	0.85	0.0214413	0.00418632	0.0231709	0.00397933	1.08067	0.00577584
0.01	0.3	0	0.590806	0.000778828	0.616514	0.000767421	1.04351	0.00109339
0.01	0.3	0.2	2.41472	0.000560444	2.56946	0.000547921	1.06408	0.000783782
0.01	0.3	0.25	2.29858	0.000572939	2.46367	0.000558261	1.07182	0.000799946
0.01	0.3	0.3	1.67331	0.000662024	1.7962	0.000644122	1.07344	0.000923672
0.01	0.3	0.35	1.23749	0.000762045	1.33668	0.000738845	1.08016	0.00106142
0.01	0.3	0.4	0.919793	0.000877269	0.987328	0.000852686	1.07342	0.00122339
0.01	0.3	0.45	0.683269	0.00101208	0.744684	0.000976194	1.08989	0.00140615
0.01	0.3	0.5	0.478927	0.00120287	0.518716	0.00116334	1.08308	0.00167339
0.01	0.3	0.55	0.300446	0.00151206	0.329015	0.00145401	1.09509	0.00209773
0.01	0.3	0.6	0.175609	0.00197169	0.199687	0.0018605	1.13712	0.00271091
0.01	0.3	0.65	0.0982851	0.00263048	0.108928	0.00251344	1.10828	0.00363824
0.01	0.3	0.7	0.0503976	0.00366907	0.0550909	0.00352957	1.09313	0.00509116
0.01	0.3	0.75	0.0100656	0.00580092	0.0114013	0.00548182	1.13269	0.00798129
0.01	0.3	0.85	0	0	0	0	0	0
0.01	0.5	0	3.64127	0.000522985	3.95035	0.000520002	1.08488	0.000737506
0.01	0.5	0.2	3.04982	0.000742822	3.33502	0.000735279	1.09351	0.00104519
0.01	0.5	0.25	2.15176	0.000866952	2.36654	0.000855574	1.09981	0.00121804
0.01	0.5	0.3	1.56028	0.00100442	1.73369	0.000986185	1.11113	0.00140763
0.01	0.5	0.35	1.0175	0.00122804	1.13375	0.00120357	1.11425	0.00171949
0.01	0.5	0.4	0.473755	0.00177627	0.522047	0.00174939	1.10193	0.00249309
0.01	0.5	0.45	0.122017	0.00346987	0.138035	0.00337212	1.13128	0.00483851
0.01	0.5	0.5	0	0	0	0	0	0
0.01	0.5	0.55	0	0	0	0	0	0
0.01	0.5	0.6	0	0	0	0	0	0
0.01	0.5	0.65	0	0	0	0	0	0
0.01	0.5	0.7	0	0	0	0	0	0
0.01	0.5	0.75	0	0	0	0	0	0
0.01	0.5	0.85	0	0	0	0	0	0
0.01	0.7	0	6.021	0.000554893	7.06302	0.000560734	1.17306	0.000788878
0.01	0.7	0.2	2.84338	0.000964187	3.39592	0.000970709	1.19433	0.00136819
0.01	0.7	0.25	1.84245	0.00117125	2.23539	0.00117106	1.21327	0.00165627
0.01	0.7	0.3	0.576652	0.00203202	0.714436	0.00201112	1.23894	0.00285897
0.01	0.7	0.35	0	0	0	0	0	0
0.01	0.7	0.4	0	0	0	0	0	0
0.01	0.7	0.45	0	0	0	0	0	0
0.01	0.7	0.5	0	0	0	0	0	0
0.01	0.7	0.55	0	0	0	0	0	0
0.01	0.7	0.6	0	0	0	0	0	0
0.01	0.7	0.65	0	0	0	0	0	0
0.01	0.7	0.7	0	0	0	0	0	0
0.01	0.7	0.75	0	0	0	0	0	0
0.01	0.7	0.85	0	0	0	0	0	0
0.02	0.1	0	0.000845044	0.0433981	0.000817321	0.0426808	0.967193	0.0608691
0.02	0.1	0.2	0	0	0	0	0	0
0.02	0.1	0.25	0	0	0	0	0	0
0.02	0.1	0.3	0	0	0	0	0	0
0.02	0.1	0.35	0	0	0	0	0	0
0.02	0.1	0.4	0	0	0	0	0	0
0.02	0.1	0.45	0	0	0	0	0	0
0.02	0.1	0.5	0.18618	0.00415387	0.190181	0.00397683	1.02149	0.00575064
0.02	0.1	0.55	0.38633	0.0028979	0.409702	0.00272518	1.0605	0.00397799
0.02	0.1	0.6	0.431444	0.00274524	0.455264	0.0025883	1.05521	0.00377301
0.02	0.1	0.65	0.389745	0.00288541	0.40498	0.00274068	1.03909	0.00397956
0.02	0.1	0.7	0.309849	0.00322976	0.330236	0.00302909	1.0658	0.00442795
0.02	0.1	0.75	0.193074	0.00289856	0.206298	0.00271581	1.06849	0.00397206
0.02	0.1	0.85	0.0574397	0.00431622	0.0630275	0.00398826	1.09728	0.00587673
0.02	0.15	0	0.00215574	0.0187568	0.00262742	0.0165544	1.2188	0.0250173
0.02	0.15	0.2	0	0	0	0	0	0
0.02	0.15	0.25	0	0	0	0	0	0
0.02	0.15	0.3	0	0	0	0	0	0
0.02	0.15	0.35	0.0662464	0.0047925	0.0699801	0.00454407	1.05636	0.00660429
0.02	0.15	0.4	0.440537	0.00187571	0.461772	0.00178705	1.0482	0.00259072
0.02	0.15	0.45	0.694713	0.00150292	0.710925	0.00144945	1.02334	0.00208799
0.02	0.15	0.5	0.656024	0.00154516	0.691649	0.00146879	1.05431	0.00213187
0.02	0.15	0.55	0.52142	0.00172751	0.548876	0.0016428	1.05266	0.00238392
0.02	0.15	0.6	0.418188	0.00192412	0.428819	0.00185287	1.02542	0.00267121
0.02	0.15	0.65	0.323302	0.00218325	0.334473	0.00209288	1.03455	0.00302436
0.02	0.15	0.7	0.246957	0.00249333	0.264929	0.00234735	1.07277	0.00342443
0.02	0.15	0.75	0.148203	0.00227865	0.161452	0.0021294	1.0894	0.00311875
0.02	0.15	0.85	0.040055	0.00356317	0.0428085	0.00335948	1.06874	0.00489717
0.02	0.2	0	0.00929504	0.00867839	0.00944252	0.00847749	1.01587	0.0121319
0.02	0.2	0.2	7.55353e-05	0.136083	2.71181e-05	0.223607	0.359012	0.261761
0.02	0.2	0.25	0.469716	0.00174583	0.483739	0.00169496	1.02985	0.00243327
0.02	0.2	0.3	1.07451	0.00117122	1.12499	0.00112925	1.04699	0.00162694
0.02	0.2	0.35	1.28072	0.00107803	1.33373	0.00104238	1.04139	0.00149957
0.02	0.2	0.4	1.01664	0.00120243	1.06989	0.0011564	1.05238	0.00166827
0.02	0.2	0.45	0.758907	0.00138316	0.811293	0.00131956	1.06903	0.00191163
0.02	0.2	0.5	0.577841	0.00157819	0.605791	0.00151927	1.04837	0.00219063
0.02	0.2	0.55	0.436595	0.00180937	0.467893	0.00172274	1.07169	0.00249833
0.02	0.2	0.6	0.333574	0.00206478	0.354744	0.00197285	1.06347	0.00285578
0.02	0.2	0.65	0.248261	0.00238838	0.266869	0.00226952	1.07496	0.0032947
0.02	0.2	0.7	0.187158	0.0027466	0.198079	0.00262968	1.05835	0.00380251
0.02	0.2	0.75	0.104785	0.00259703	0.112667	0.00246724	1.07522	0.00358215
0.02	0.2	0.85	0.0217267	0.0046401	0.0241649	0.00433283	1.11223	0.00634854
0.02	0.3	0	0.582871	0.00124008	0.613493	0.00121158	1.05254	0.0017337
0.02	0.3	0.2	2.32966	0.000901011	2.43481	0.000884167	1.04514	0.00126237
0.02	0.3	0.25	2.26525	0.000912411	2.41485	0.000887419	1.06604	0.0012728
0.02	0.3	0.3	1.68354	0.00104445	1.77595	0.00101998	1.05489	0.00145987
0.02	0.3	0.35	1.25502	0.00119768	1.3458	0.00116009	1.07233	0.00166741
0.02	0.3	0.4	0.961623	0.00135877	1.02082	0.00132185	1.06156	0.00189566
0.02	0.3	0.45	0.727675	0.00155325	0.788971	0.00149527	1.08424	0.00215602
0.02	0.3	0.5	0.515635	0.00183572	0.558378	0.00176754	1.08289	0.00254835
0.02	0.3	0.55	0.339054	0.00225406	0.364881	0.00217625	1.07617	0.00313319
0.02	0.3	0.6	0.212526	0.00283818	0.229457	0.00273519	1.07966	0.00394164
0.02	0.3	0.65	0.124495	0.00370017	0.134576	0.00356317	1.08097	0.00513687
0.02	0.3	0.7	0.0652645	0.00510293	0.0711124	0.00489398	1.0896	0.00707042
0.02	0.3	0.75	0.0144638	0.00765787	0.0157092	0.00735552	1.08611	0.0106182
0.02	0.3	0.85	0	0	0	0	0	0
0.02	0.5	0	3.74559	0.000829041	4.00523	0.000825672	1.06932	0.00117006
0.02	0.5	0.2	3.12875	0.00117664	3.38187	0.00116553	1.0809	0.00165618
0.02	0.5	0.25	2.21092	0.00137167	2.37628	0.00136164	1.07479	0.00193276
0.02	0.5	0.3	1.59744	0.00159127	1.74245	0.00156856	1.09078	0.00223439
0.02	0.5	0.35	1.03755	0.00194871	1.13435	0.00191805	1.0933	0.0027343
0.02	0.5	0.4	0.479231	0.00282904	0.517076	0.00280128	1.07897	0.00398129
0.02	0.5	0.45	0.121793	0.00556258	0.136079	0.00541234	1.1173	0.00776117
0.02	0.5	0.5	0	0	0	0	0	0
0.02	0.5	0.55	0	0	0	0	0	0
0.02	0.5	0.6	0	0	0	0	0	0
0.02	0.5	0.65	0	0	0	0	0	0
0.02	0.5	0.7	0	0	0	0	0	0
0.02	0.5	0.75	0	0	0	0	0	0
0.02	0.5	0.85	0	0	0	0	0	0
0.02	0.7	0	6.19429	0.000888438	7.06621	0.000898732	1.14076	0.00126374
0.02	0.7	0.2	2.96471	0.00152926	3.44688	0.00154134	1.16264	0.00217126
0.02	0.7	0.25	1.9217	0.00185582	2.25563	0.00186306	1.17377	0.00262965
0.02	0.7	0.3	0.62524	0.00315586	0.716783	0.0032054	1.14641	0.00449823
0.02	0.7	0.35	0	0	0	0	0	0
0.02	0.7	0.4	0	0	0	0	0	0
0.02	0.7	0.45	0	0	0	0	0	0
0.02	0.7	0.5	0	0	0	0	0	0
0.02	0.7	0.55	0	0	0	0	0	0
0.02	0.7	0.6	0	0	0	0	0	0
0.02	0.7	0.65	0	0	0	0	0	0
0.02	0.7	0.7	0	0	0	0	0	0
0.02	0.7	0.75	0	0	0	0	0	0
0.02	0.7	0.85	0	0	0	0	0	0
0.03	0.1	0	0.000538727	0.0364915	0.000515865	0.0359918	0.957562	0.0512546
0.03	0.1	0.2	0	0	0	0	0	0
0.03	0.1	0.25	0	0	0	0	0	0
0.03	0.1	0.3	0	0	0	0	0	0
0.03	0.1	0.35	0	0	0	0	0	0
0.03	0.1	0.4	0	0	0	0	0	0
0.03	0.1	0.45	0	0	0	0	0	0
0.03	0.1	0.5	0.0715524	0.00448583	0.0744302	0.00424586	1.04022	0.00617657
0.03	0.1	0.55	0.181938	0.00282088	0.19485	0.00263259	1.07097	0.00385848
0.03	0.1	0.6	0.260249	0.00236316	0.266746	0.0022543	1.02497	0.00326594
0.03	0.1	0.65	0.299197	0.0022061	0.318762	0.00206502	1.06539	0.00302179
0.03	0.1	0.7	0.30898	0.00217142	0.327021	0.00203922	1.05839	0.00297884
0.03	0.1	0.75	0.216757	0.0018388	0.232272	0.00171715	1.07158	0.00251591
0.03	0.1	0.85	0.0678959	0.00266746	0.0725405	0.00249256	1.06841	0.00365078
0.03	0.15	0	0.00234141	0.0237719	0.00238385	0.0229868	1.01812	0.0330681
0.03	0.15	0.2	0	0	0	0	0	0
0.03	0.15	0.25	0	0	0	0	0	0
0.03	0.15	0.3	0	0	0	0	0	0
0.03	0.15	0.35	0.0635752	0.00646119	0.0674327	0.00612225	1.06068	0.00890106
0.03	0.15	0.4	0.429676	0.00250791	0.44749	0.00240011	1.04146	0.00347133
0.03	0.15	0.45	0.666889	0.00202471	0.696433	0.00193616	1.0443	0.00280145
0.03	0.15	0.5	0.666545	0.00202522	0.686207	0.00195002	1.0295	0.00281142
0.03	0.15	0.55	0.5247	0.00227476	0.555578	0.00215999	1.05885	0.00313689
0.03	0.15	0.6	0.409032	0.00256912	0.432311	0.00244093	1.05691	0.0035438
0.03	0.15	0.65	0.32399	0.00288065	0.343148	0.00273349	1.05913	0.00397116
0.03	0.15	0.7	0.253446	0.00325131	0.26623	0.00309717	1.05044	0.00449038
0.03	0.15	0.75	0.151072	0.00298137	0.160665	0.00282318	1.06349	0.00410595
0.03	0.15	0.85	0.0410271	0.00465054	0.0422485	0.00447253	1.02977	0.00645221
0.03	0.2	0	0.0102901	0.0112283	0.0101975	0.0111286	0.991003	0.0158089
0.03	0.2	0.2	2.59197e-05	0.316228	2.5232e-05	0.316228	0.97347	0.447214
0.03	0.2	0.25	0.469649	0.00237667	0.48771	0.00230286	1.03846	0.00330934
0.03	0.2	0.3	1.08021	0.00159031	1.14115	0.00152994	1.05641	0.00220676
0.03	0.2	0.35	1.30235	0.00145596	1.34447	0.00141645	1.03234	0.00203129
0.03	0.2	0.4	1.02056	0.00163382	1.07471	0.00157398	1.05306	0.00226865
0.03	0.2	0.45	0.770639	0.00186896	0.827977	0.00178242	1.0744	0.00258264
0.03	0.2	0.5	0.587094	0.00213179	0.620739	0.00204803	1.05731	0.00295617
0.03	0.2	0.55	0.440176	0.00245318	0.461375	0.00236611	1.04816	0.00340831
0.03	0.2	0.6	0.326554	0.00284023	0.353602	0.00269543	1.08283	0.00391564
0.03	0.2	0.65	0.24885	0.00324737	0.273273	0.00305988	1.09815	0.00446187
0.03	0.2	0.7	0.183815	0.00377235	0.194877	0.00361625	1.06018	0.00522569
0.03	0.2	0.75	0.10517	0.00352878	0.112466	0.00336857	1.06936	0.00487848
0.03	0.2	0.85	0.0210036	0.00642378	0.0233295	0.00601508	1.11074	0.00880035
0.03	0.3	0	0.601125	0.00166278	0.626921	0.00163325	1.04291	0.00233074
0.03	0.3	0.2	2.37837	0.00121455	2.46883	0.00119662	1.03803	0.001705
0.03	0.3	0.25	2.28772	0.00123587	2.42823	0.0012055	1.06142	0.00172644
0.03	0.3	0.3	1.68825	0.00141917	1.80488	0.00137876	1.06909	0.00197864
0.03	0.3	0.35	1.27907	0.00161499	1.35141	0.00157679	1.05655	0.00225709
0.03	0.3	0.4	0.96874	0.00184215	1.03651	0.00178717	1.06996	0.00256661
0.03	0.3	0.45	0.734878	0.00210322	0.786411	0.00203958	1.07012	0.00292974
0.03	0.3	0.5	0.523238	0.00247979	0.56388	0.00239576	1.07767	0.00344805
0.03	0.3	0.55	0.336275	0.00307915	0.375279	0.00292325	1.11599	0.00424577
0.03	0.3	0.6	0.219444	0.0038007	0.225528	0.00375705	1.02772	0.00534423
0.03	0.3	0.65	0.125027	0.00502352	0.131888	0.00490163	1.05488	0.00701867
0.03	0.3	0.7	0.0640059	0.00701036	0.0720059	0.00662393	1.12499	0.00964477
0.03	0.3	0.75	0.0136773	0.0107137	0.0160504	0.00991084	1.17351	0.0145948
0.03	0.3	0.85	0	0	0	0	0	0
0.03	0.5	0	3.814	0.00112417	4.06153	0.00112	1.0649	0.00158687
0.03	0.5	0.2	3.18822	0.00159303	3.41123	0.00158275	1.06995	0.00224563
0.03	0.5	0.25	2.2558	0.00185539	2.40917	0.00184443	1.06799	0.00261618
0.03	0.5	0.3	1.63134	0.00215097	1.76045	0.00212766	1.07915	0.0030255
0.03	0.5	0.35	1.06054	0.0026323	1.16674	0.00257934	1.10013	0.00368538
0.03	0.5	0.4	0.469684	0.00389957	0.528642	0.00377655	1.12553	0.00542854
0.03	0.5	0.45	0.127238	0.0074293	0.14403	0.00717051	1.13197	0.0103252
0.03	0.5	0.5	0	0	0	0	0	0
0.03	0.5	0.55	0	0	0	0	0	0
0.03	0.5	0.6	0	0	0	0	0	0
0.03	0.5	0.65	0	0	0	0	0	0
0.03	0.5	0.7	0	0	0	0	0	0
0.03	0.5	0.75	0	0	0	0	0	0
0.03	0.5	0.85	0	0	0	0	0	0
0.03	0.7	0	6.29069	0.00120844	7.08087	0.00122298	1.12561	0.00171931
0.03	0.7	0.2	2.9918	0.00208173	3.43182	0.00209976	1.14707	0.00295679
0.03	0.7	0.25	1.93829	0.00252637	2.28273	0.00251883	1.1777	0.0035675
0.03	0.7	0.3	0.637692	0.00427199	0.763485	0.00422461	1.19726	0.00600809
0.03	0.7	0.35	0	0	0	0	0	0
0.03	0.7	0.4	0	0	0	0	0	0
0.03	0.7	0.45	0	0	0	0	0	0
0.03	0.7	0.5	0	0	0	0	0	0
0.03	0.7	0.55	0	0	0	0	0	0
0.03	0.7	0.6	0	0	0	0	0	0
0.03	0.7	0.65	0	0	0	0	0	0
0.03	0.7	0.7	0	0	0	0	0	0
0.03	0.7	0.75	0	0	0	0	0	0
0.03	0.7	0.85	0	0	0	0	0	0
0.04	0.1	0	0.000418978	0.0388669	0.000635989	0.0305008	1.51795	0.0494058
0.04	0.1	0.2	0	0	0	0	0	0
0.04	0.1	0.25	0	0	0	0	0	0
0.04	0.1	0.3	0	0	0	0	0	0
0.04	0.1	0.35	0	0	0	0	0	0
0.04	0.1	0.4	0	0	0	0	0	0
0.04	0.1	0.45	0	0	0	0	0	0
0.04	0.1	0.5	0.0715326	0.0042141	0.0719265	0.00406373	1.00551	0.00585428
0.04	0.1	0.55	0.176316	0.00269117	0.181751	0.00256388	1.03082	0.00371697
0.04	0.1	0.6	0.250827	0.00226048	0.257646	0.00215772	1.02718	0.00312499
0.04	0.1	0.65	0.292755	0.00209452	0.306052	0.00198227	1.04542	0.00288382
0.04	0.1	0.7	0.307105	0.00204573	0.323629	0.00192858	1.05381	0.00281148
0.04	0.1	0.75	0.22658	0.00169013	0.238959	0.00159346	1.05463	0.00232285
0.04	0.1	0.85	0.0693238	0.00247985	0.0765478	0.00228381	1.10421	0.00337127
0.04	0.15	0	0.00278343	0.0211696	0.00250469	0.0217317	0.89986	0.0303385
0.04	0.15	0.2	0	0	0	0	0	0
0.04	0.15	0.25	0	0	0	0	0	0
0.04	0.15	0.3	0	0	0	0	0	0
0.04	0.15	0.35	0.0649441	0.00620714	0.0677071	0.00592088	1.04254	0.00857819
0.04	0.15	0.4	0.43589	0.00241797	0.451637	0.0023155	1.03613	0.00334785
0.04	0.15	0.45	0.686286	0.00193879	0.709095	0.00186015	1.03324	0.00268683
0.04	0.15	0.5	0.685172	0.00194032	0.706009	0.00186406	1.03041	0.00269064
0.04	0.15	0.55	0.535148	0.00218753	0.558795	0.00208741	1.04419	0.00302367
0.04	0.15	0.6	0.421425	0.00245825	0.448922	0.00232233	1.06525	0.00338175
0.04	0.15	0.65	0.325085	0.00279229	0.349474	0.00262535	1.07503	0.00383267
0.04	0.15	0.7	0.250256	0.00317662	0.273187	0.0029635	1.09163	0.00434434
0.04	0.15	0.75	0.149942	0.00290545	0.167817	0.00267797	1.11921	0.00395135
0.04	0.15	0.85	0.0396796	0.00459094	0.0438853	0.00425315	1.10599	0.00625828
0.04	0.2	0	0.0149443	0.00904515	0.016297	0.00853023	1.09051	0.012433
0.04	0.2	0.2	7.81339e-05	0.176777	0.000250978	0.0971292	3.21216	0.201703
0.04	0.2	0.25	0.44938	0.00235702	0.462582	0.00228923	1.02938	0.00328574
0.04	0.2	0.3	1.06664	0.00155281	1.09674	0.00151028	1.02823	0.00216614
0.04	0.2	0.35	1.31007	0.00140921	1.35123	0.00136907	1.03141	0.00196475
0.04	0.2	0.4	1.05854	0.00155844	1.10933	0.00150215	1.04798	0.00216453
0.04	0.2	0.45	0.804054	0.0017773	0.852074	0.00170319	1.05972	0.00246164
0.04	0.2	0.5	0.615798	0.00202167	0.643762	0.00194937	1.04541	0.00280841
0.04	0.2	0.55	0.482067	0.00227752	0.508601	0.00218574	1.05504	0.00315667
0.04	0.2	0.6	0.369127	0.00259554	0.395944	0.00247023	1.07265	0.00358314
0.04	0.2	0.65	0.283909	0.00295336	0.298338	0.00283874	1.05082	0.00409643
0.04	0.2	0.7	0.220909	0.0033429	0.234049	0.00319975	1.05948	0.00462746
0.04	0.2	0.75	0.126339	0.00312815	0.139711	0.00293185	1.10584	0.00428731
0.04	0.2	0.85	0.0266941	0.00553279	0.0287931	0.00524718	1.07863	0.00762526
0.04	0.3	0	0.620433	0.00158609	0.638084	0.00157289	1.02845	0.00223376
0.04	0.3	0.2	2.37819	0.00117597	2.48911	0.00115759	1.04664	0.00165013
0.04	0.3	0.25	2.33109	0.00118654	2.45999	0.00116368	1.0553	0.00166193
0.04	0.3	0.3	1.72708	0.00135972	1.82513	0.00133194	1.05677	0.00190339
0.04	0.3	0.35	1.28663	0.00155931	1.3743	0.00151915	1.06814	0.00217699
0.04	0.3	0.4	0.978595	0.00177497	1.04929	0.00172544	1.07224	0.00247541
0.04	0.3	0.45	0.749734	0.00201678	0.805135	0.00195841	1.07389	0.00281119
0.04	0.3	0.5	0.54262	0.00235877	0.571797	0.00231096	1.05377	0.00330217
0.04	0.3	0.55	0.356282	0.00289773	0.379621	0.00282306	1.06551	0.00404555
0.04	0.3	0.6	0.214594	0.00372074	0.242506	0.00352033	1.13007	0.00512217
0.04	0.3	0.65	0.132165	0.00473144	0.141534	0.00459662	1.07089	0.00659662
0.04	0.3	0.7	0.0680943	0.00658117	0.0740188	0.00634565	1.08701	0.00914216
0.04	0.3	0.75	0.0161631	0.0095432	0.0179531	0.00910237	1.11075	0.0131881
0.04	0.3	0.85	0	0	0	0	0	0
0.04	0.5	0	3.87849	0.00108437	4.10506	0.00108225	1.05842	0.00153204
0.04	0.5	0.2	3.24153	0.00153496	3.45154	0.00152743	1.06479	0.00216544
0.04	0.5	0.25	2.27943	0.00179217	2.44263	0.00177791	1.0716	0.00252444
0.04	0.5	0.3	1.66512	0.00206775	1.77268	0.00205703	1.0646	0.00291667
0.04	0.5	0.35	1.07152	0.00254206	1.15364	0.00251507	1.07664	0.00357598
0.04	0.5	0.4	0.479912	0.00374474	0.532949	0.00364827	1.11051	0.0052281
0.04	0.5	0.45	0.119804	0.00742875	0.132763	0.00724148	1.10817	0.0103743
0.04	0.5	0.5	0	0	0	0	0	0
0.04	0.5	0.55	0	0	0	0	0	0
0.04	0.5	0.6	0	0	0	0	0	0
0.04	0.5	0.65	0	0	0	0	0	0
0.04	0.5	0.7	0	0	0	0	0	0
0.04	0.5	0.75	0	0	0	0	0	0
0.04	0.5	0.85	0	0	0	0	0	0
0.04	0.7	0	6.42626	0.00116635	7.12881	0.00118621	1.10932	0.00166357
0.04	0.7	0.2	3.09896	0.00199171	3.44663	0.00203749	1.11219	0.00284925
0.04	0.7	0.25	1.98688	0.00242679	2.28315	0.0024486	1.14911	0.00344746
0.04	0.7	0.3	0.641906	0.00413691	0.739953	0.00417012	1.15274	0.00587401
0.04	0.7	0.35	0	0	0	0	0	0
0.04	0.7	0.4	0	0	0	0	0	0
0.04	0.7	0.45	0	0	0	0	0	0
0.04	0.7	0.5	0	0	0	0	0	0
0.04	0.7	0.55	0	0	0	0	0	0
0.04	0.7	0.6	0	0	0	0	0	0
0.04	0.7	0.65	0	0	0	0	0	0
0.04	0.7	0.7	0	0	0	0	0	0
0.04	0.7	0.75	0	0	0	0	0	0
0.04	0.7	0.85	0	0	0	0	0	0
0.06	0.1	0	0.000565333	0.0361798	0.000520394	0.0364915	0.920509	0.0513868
0.06	0.1	0.2	0	0	0	0	0	0
0.06	0.1	0.25	0	0	0	0	0	0
0.06	0.1	0.3	0	0	0	0	0	0
0.06	0.1	0.35	0	0	0	0	0	0
0.06	0.1	0.4	0	0	0	0	0	0
0.06	0.1	0.45	0	0	0	0	0	0
0.06	0.1	0.5	0.0703662	0.00459411	0.073993	0.00433633	1.05154	0.0063174
0.06	0.1	0.55	0.184078	0.00284845	0.189116	0.00272069	1.02737	0.00393901
0.06	0.1	0.6	0.259415	0.00240393	0.271514	0.00227557	1.04664	0.00331015
0.06	0.1	0.65	0.3089	0.00220567	0.318599	0.0021033	1.0314	0.00304776
0.06	0.1	0.7	0.329258	0.00213746	0.338124	0.00204272	1.02693	0.00295659
0.06	0.1	0.75	0.240646	0.00177452	0.25636	0.00166642	1.0653	0.00243431
0.06	0.1	0.85	0.0742658	0.00259162	0.0807796	0.00240681	1.08771	0.00353684
0.06	0.15	0	0.00240468	0.0245692	0.00284215	0.0220842	1.18193	0.0330357
0.06	0.15	0.2	0	0	0	0	0	0
0.06	0.15	0.25	0	0	0	0	0	0
0.06	0.15	0.3	0	0	0	0	0	0
0.06	0.15	0.35	0.0714756	0.00638378	0.0660748	0.00648766	0.924438	0.00910177
0.06	0.15	0.4	0.444611	0.00258325	0.455431	0.0024961	1.02434	0.00359217
0.06	0.15	0.45	0.710194	0.00205717	0.736279	0.00197719	1.03673	0.00285329
0.06	0.15	0.5	0.704023	0.00206586	0.727812	0.00198824	1.03379	0.0028672
0.06	0.15	0.55	0.547096	0.00233459	0.575278	0.00222772	1.05151	0.00322693
0.06	0.15	0.6	0.43611	0.00260776	0.462878	0.00247641	1.06138	0.00359625
0.06	0.15	0.65	0.344599	0.00292708	0.373318	0.00275119	1.08334	0.00401707
0.06	0.15	0.7	0.264273	0.00333584	0.280174	0.00316814	1.06017	0.00460054
0.06	0.15	0.75	0.157253	0.00306165	0.16842	0.00289361	1.07101	0.00421268
0.06	0.15	0.85	0.0390505	0.00499202	0.0451631	0.00453877	1.15653	0.00674691
0.06	0.2	0	0.0159598	0.00944023	0.0162726	0.00922752	1.0196	0.0132009
0.06	0.2	0.2	3.69211e-05	0.27735	0.000213021	0.113961	5.76964	0.299851
0.06	0.2	0.25	0.456091	0.00252369	0.464679	0.00246892	1.01883	0.00353052
0.06	0.2	0.3	1.08247	0.00166304	1.11962	0.00161646	1.03432	0.00231919
0.06	0.2	0.35	1.3414	0.00150308	1.38911	0.00146068	1.03557	0.00209591
0.06	0.2	0.4	1.07537	0.00166824	1.1249	0.00161287	1.04606	0.00232042
0.06	0.2	0.45	0.838196	0.00187892	0.863137	0.00182953	1.02976	0.0026225
0.06	0.2	0.5	0.652284	0.00212039	0.673232	0.00206187	1.03212	0.00295759
0.06	0.2	0.55	0.499158	0.0024149	0.52469	0.00232694	1.05115	0.00335356
0.06	0.2	0.6	0.389662	0.00272591	0.410082	0.00262454	1.0524	0.00378402
0.06	0.2	0.65	0.304709	0.00307614	0.321712	0.00295658	1.0558	0.00426661
0.06	0.2	0.7	0.227201	0.0035556	0.243378	0.00339251	1.0712	0.00491441
0.06	0.2	0.75	0.133551	0.00328253	0.145601	0.0031052	1.09023	0.00451855
0.06	0.2	0.85	0.0273396	0.00589654	0.0288436	0.00566686	1.05501	0.00817818
0.06	0.3	0	0.617816	0.00171872	0.636513	0.00170144	1.03026	0.00241845
0.06	0.3	0.2	2.44702	0.00125568	2.54786	0.00123791	1.04121	0.00176328
0.06	0.3	0.25	2.38333	0.00127054	2.50069	0.00124823	1.04924	0.00178111
0.06	0.3	0.3	1.77594	0.00145175	1.84554	0.00143184	1.03919	0.00203906
0.06	0.3	0.35	1.34173	0.00165349	1.4108	0.00162141	1.05148	0.00231581
0.06	0.3	0.4	1.01379	0.00188754	1.06447	0.00185159	1.04999	0.00264409
0.06	0.3	0.45	0.769427	0.00215401	0.823445	0.00209322	1.07021	0.00300355
0.06	0.3	0.5	0.560608	0.00251077	0.588981	0.00246118	1.05061	0.00351587
0.06	0.3	0.55	0.365873	0.00309317	0.390302	0.00300888	1.06677	0.00431522
0.06	0.3	0.6	0.230057	0.00388776	0.242097	0.00380662	1.05233	0.00544105
0.06	0.3	0.65	0.137002	0.00502634	0.149172	0.00483837	1.08883	0.00697667
0.06	0.3	0.7	0.0744363	0.00680844	0.0781477	0.00667305	1.04986	0.00953333
0.06	0.3	0.75	0.0160214	0.0103661	0.0179874	0.00982495	1.12272	0.0142824
0.06	0.3	0.85	0	0	0	0	0	0
0.06	0.5	0	3.94125	0.00116761	4.14498	0.00116664	1.05169	0.00165056
0.06	0.5	0.2	3.27277	0.0016555	3.47857	0.00164635	1.06288	0.00233477
0.06	0.5	0.25	2.33286	0.00192084	2.44576	0.00192154	1.0484	0.00271697
0.06	0.5	0.3	1.66658	0.00223843	1.81877	0.00219825	1.09132	0.00313734
0.06	0.5	0.35	1.10616	0.0027118	1.18785	0.00268222	1.07384	0.0038142
0.06	0.5	0.4	0.514233	0.00392112	0.53702	0.00393015	1.04431	0.0055517
0.06	0.5	0.45	0.130308	0.00771618	0.141263	0.00759207	1.08407	0.0108249
0.06	0.5	0.5	0	0	0	0	0	0
0.06	0.5	0.55	0	0	0	0	0	0
0.06	0.5	0.6	0	0	0	0	0	0
0.06	0.5	0.65	0	0	0	0	0	0
0.06	0.5	0.7	0	0	0	0	0	0
0.06	0.5	0.75	0	0	0	0	0	0
0.06	0.5	0.85	0	0	0	0	0	0
0.06	0.7	0	6.53315	0.00125852	7.1504	0.00128296	1.09448	0.00179718
0.06	0.7	0.2	3.12721	0.00215142	3.49199	0.0021917	1.11665	0.00307118
0.06	0.7	0.25	2.0901	0.00257192	2.32266	0.00262807	1.11127	0.00367717
0.06	0.7	0.3	0.64391	0.00447947	0.719164	0.00457286	1.11687	0.0064013
0.06	0.7	0.35	0	0	0	0	0	0
0.06	0.7	0.4	0	0	0	0	0	0
0.06	0.7	0.45	0	0	0	0	0	0
0.06	0.7	0.5	0	0	0	0	0	0
0.06	0.7	0.55	0	0	0	0	0	0
0.06	0.7	0.6	0	0	0	0	0	0
0.06	0.7	0.65	0	0	0	0	0	0
0.06	0.7	0.7	0	0	0	0	0	0
0.06	0.7	0.75	0	0	0	0	0	0
0.06	0.7	0.85	0	0	0	0	0	0
0.1	0.1	0	0.000635778	0.0508345	0.000513608	0.0547191	0.807842	0.0746882
0.1	0.1	0.2	0	0	0	0	0	0
0.1	0.1	0.25	0	0	0	0	0	0
0.1	0.1	0.3	0	0	0	0	0	0
0.1	0.1	0.35	0	0	0	0	0	0
0.1	0.1	0.4	0	0	0	0	0	0
0.1	0.1	0.45	0	0	0	0	0	0
0.1	0.1	0.5	0.0755508	0.00660711	0.0805135	0.00619377	1.06569	0.00905631
0.1	0.1	0.55	0.194877	0.00412608	0.197413	0.00396778	1.01302	0.00572432
0.1	0.1	0.6	0.278625	0.00345785	0.292901	0.00326564	1.05124	0.00475617
0.1	0.1	0.65	0.33556	0.0031553	0.344148	0.00301676	1.0256	0.0043654
0.1	0.1	0.7	0.347914	0.00309971	0.37236	0.00290237	1.07027	0.00424641
0.1	0.1	0.75	0.267883	0.00250937	0.274208	0.00240255	1.02361	0.00347408
0.1	0.1	0.85	0.0820039	0.00367696	0.0861868	0.00347261	1.05101	0.00505757
0.1	0.15	0	0.00247043	0.0360654	0.00307032	0.0317072	1.24283	0.0480214
0.1	0.15	0.2	0	0	0	0	0	0
0.1	0.15	0.25	0	0	0	0	0	0
0.1	0.15	0.3	0	0	0	0	0	0
0.1	0.15	0.35	0.0702449	0.00958058	0.0634492	0.00987867	0.903256	0.0137614
0.1	0.15	0.4	0.454141	0.0038038	0.47191	0.00366046	1.03913	0.005279
0.1	0.15	0.45	0.745067	0.00299077	0.74619	0.0029312	1.00151	0.00418768
0.1	0.15	0.5	0.739862	0.00300089	0.765864	0.00289473	1.03514	0.00416951
0.1	0.15	0.55	0.601396	0.00331735	0.608997	0.00323344	1.01264	0.00463248
0.1	0.15	0.6	0.479372	0.00370463	0.502255	0.00355089	1.04774	0.00513158
0.1	0.15	0.65	0.373976	0.00418349	0.404758	0.00394571	1.08231	0.00575067
0.1	0.15	0.7	0.293052	0.00471654	0.300959	0.0045637	1.02698	0.00656301
0.1	0.15	0.75	0.176223	0.0043071	0.181482	0.00416225	1.02985	0.00598961
0.1	0.15	0.85	0.0430221	0.00707829	0.0461484	0.00670063	1.07267	0.00974683
0.1	0.2	0	0.0148614	0.0145695	0.0146695	0.0144824	0.987088	0.0205428
0.1	0.2	0.2	0.000176396	0.188983	0.000104453	0.242536	0.592149	0.307471
0.1	0.2	0.25	0.47593	0.0036813	0.477406	0.00363114	1.0031	0.0051708
0.1	0.2	0.3	1.11887	0.00243835	1.14589	0.00238265	1.02415	0.00340919
0.1	0.2	0.35	1.37545	0.00221251	1.4122	0.00216006	1.02672	0.0030921
0.1	0.2	0.4	1.13018	0.00242677	1.17472	0.00235487	1.03941	0.00338151
0.1	0.2	0.45	0.868028	0.00275185	0.895599	0.00267872	1.03176	0.00384034
0.1	0.2	0.5	0.678616	0.00309813	0.711583	0.0029916	1.04858	0.00430675
0.1	0.2	0.55	0.508217	0.00356525	0.54479	0.00340489	1.07196	0.00492994
0.1	0.2	0.6	0.411892	0.00395094	0.431895	0.00381331	1.04856	0.00549102
0.1	0.2	0.65	0.312096	0.00452777	0.34859	0.00423569	1.11693	0.00620015
0.1	0.2	0.7	0.239515	0.00515923	0.25513	0.00493944	1.06519	0.00714253
0.1	0.2	0.75	0.146113	0.00467688	0.151362	0.00454001	1.03592	0.00651805
0.1	0.2	0.85	0.0280701	0.00866753	0.0295295	0.00834702	1.05199	0.0120332
0.1	0.3	0	0.619253	0.00255862	0.624594	0.00255177	1.00862	0.00361359
0.1	0.3	0.2	2.47008	0.00186354	2.55989	0.00183657	1.03636	0.00261645
0.1	0.3	0.25	2.4246	0.00187904	2.53146	0.0018457	1.04407	0.00263389
0.1	0.3	0.3	1.80798	0.00214587	1.88344	0.00210887	1.04174	0.00300867
0.1	0.3	0.35	1.39471	0.00241993	1.43247	0.00239316	1.02707	0.00340343
0.1	0.3	0.4	1.04321	0.002775	1.10961	0.00269863	1.06365	0.00387082
0.1	0.3	0.45	0.827142	0.0031004	0.851387	0.00306196	1.02931	0.00435753
0.1	0.3	0.5	0.576993	0.00368976	0.627374	0.00354782	1.08732	0.00511872
0.1	0.3	0.55	0.397667	0.0044251	0.406899	0.00438182	1.02321	0.00622751
0.1	0.3	0.6	0.246706	0.00559732	0.264167	0.00541923	1.07078	0.0077909
0.1	0.3	0.65	0.14128	0.00737727	0.158321	0.00698191	1.12062	0.0101573
0.1	0.3	0.7	0.0768397	0.00998728	0.0842833	0.0095516	1.09687	0.0138195
0.1	0.3	0.75	0.0181372	0.0145211	0.0195911	0.0139932	1.08016	0.0201661
0.1	0.3	0.85	0	0	0	0	0	0
0.1	0.5	0	3.94402	0.00172992	4.10408	0.00174015	1.04058	0.00245373
0.1	0.5	0.2	3.41673	0.00240858	3.60734	0.00241053	1.05579	0.00340763
0.1	0.5	0.25	2.38486	0.0028187	2.54601	0.00280714	1.06757	0.00397808
0.1	0.5	0.3	1.71878	0.00327047	1.84878	0.0032454	1.07563	0.00460745
0.1	0.5	0.35	1.1451	0.00395353	1.18853	0.00398917	1.03792	0.0056164
0.1	0.5	0.4	0.522197	0.00576763	0.563999	0.00570942	1.08005	0.00811561
0.1	0.5	0.45	0.126122	0.0116222	0.152662	0.0108696	1.21043	0.015913
0.1	0.5	0.5	0	0	0	0	0	0
0.1	0.5	0.55	0	0	0	0	0	0
0.1	0.5	0.6	0	0	0	0	0	0
0.1	0.5	0.65	0	0	0	0	0	0
0.1	0.5	0.7	0	0	0	0	0	0
0.1	0.5	0.75	0	0	0	0	0	0
0.1	0.5	0.85	0	0	0	0	0	0
0.1	0.7	0	6.42362	0.00186799	7.19977	0.00189727	1.12083	0.00266252
0.1	0.7	0.2	3.17991	0.00315412	3.51179	0.00324475	1.10437	0.00452514
0.1	0.7	0.25	2.0676	0.00381658	2.30054	0.00391831	1.11266	0.00546986
0.1	0.7	0.3	0.663742	0.0065183	0.782669	0.00651778	1.17918	0.0092179
0.1	0.7	0.35	0	0	0	0	0	0
0.1	0.7	0.4	0	0	0	0	0	0
0.1	0.7	0.45	0	0	0	0	0	0
0.1	0.7	0.5	0	0	0	0	0	0
0.1	0.7	0.55	0	0	0	0	0	0
0.1	0.7	0.6	0	0	0	0	0	0
0.1	0.7	0.65	0	0	0	0	0	0
0.1	0.7	0.7	0	0	0	0	0	0
0.1	0.7	0.75	0	0	0	0	0	0
0.1	0.7	0.85	0	0	0	0	0	0
0.14	0.1	0	0.000452943	0.0798105	0.000549664	0.0701883	1.21354	0.106283
0.14	0.1	0.2	0	0	0	0	0	0
0.14	0.1	0.25	0	0	0	0	0	0
0.14	0.1	0.3	0	0	0	0	0	0
0.14	0.1	0.35	0	0	0	0	0	0
0.14	0.1	0.4	0	0	0	0	0	0
0.14	0.1	0.45	0	0	0	0	0	0
0.14	0.1	0.5	0.0768156	0.00868349	0.0800669	0.00824164	1.04233	0.011972
0.14	0.1	0.55	0.204349	0.00534082	0.2089	0.00511977	1.02227	0.0073984
0.14	0.1	0.6	0.298117	0.00443207	0.309356	0.00421829	1.0377	0.00611859
0.14	0.1	0.65	0.355742	0.00406301	0.361289	0.00390866	1.01559	0.00563788
0.14	0.1	0.7	0.376485	0.00395151	0.396522	0.00373441	1.05322	0.00543693
0.14	0.1	0.75	0.284618	0.00322875	0.304065	0.00303208	1.06832	0.00442926
0.14	0.1	0.85	0.0901789	0.00464934	0.0964792	0.00435874	1.06986	0.00637299
0.14	0.15	0	0.00296312	0.0437753	0.00347496	0.0394127	1.17274	0.0589036
0.14	0.15	0.2	0	0	0	0	0	0
0.14	0.15	0.25	0	0	0	0	0	0
0.14	0.15	0.3	0	0	0	0	0	0
0.14	0.15	0.35	0.0761555	0.0122329	0.0744311	0.0120648	0.977357	0.0171814
0.14	0.15	0.4	0.468184	0.00498162	0.478325	0.00480929	1.02166	0.00692429
0.14	0.15	0.45	0.770013	0.00391299	0.772974	0.0038117	1.00385	0.00546265
0.14	0.15	0.5	0.75807	0.00394256	0.789561	0.00377303	1.04154	0.00545706
0.14	0.15	0.55	0.618667	0.00434952	0.636123	0.0041872	1.02822	0.00603746
0.14	0.15	0.6	0.507726	0.00478832	0.517532	0.00462818	1.01931	0.00665944
0.14	0.15	0.65	0.401542	0.00537038	0.417632	0.00513888	1.04007	0.00743297
0.14	0.15	0.7	0.319631	0.00600721	0.341086	0.00567514	1.06713	0.00826401
0.14	0.15	0.75	0.195997	0.00543412	0.197366	0.00528273	1.00698	0.00757871
0.14	0.15	0.85	0.0481743	0.00889507	0.0516532	0.00837916	1.07221	0.0122202
0.14	0.2	0	0.0104179	0.0231555	0.0127701	0.0205721	1.22578	0.030974
0.14	0.2	0.2	0.000145081	0.277351	0.00016192	0.2582	1.11607	0.378934
0.14	0.2	0.25	0.475039	0.00490417	0.473367	0.00483342	0.99648	0.0068857
0.14	0.2	0.3	1.1264	0.00323508	1.18214	0.00311278	1.04949	0.00448945
0.14	0.2	0.35	1.37193	0.00294832	1.45777	0.00282186	1.06257	0.00408111
0.14	0.2	0.4	1.16163	0.0031883	1.19513	0.00309681	1.02884	0.00444471
0.14	0.2	0.45	0.888509	0.00362194	0.918841	0.00350801	1.03414	0.00504228
0.14	0.2	0.5	0.726353	0.0039903	0.719323	0.00394521	0.990322	0.00561135
0.14	0.2	0.55	0.574241	0.00447129	0.578874	0.00438243	1.00807	0.00626084
0.14	0.2	0.6	0.437207	0.00510723	0.465649	0.00487237	1.06505	0.0070586
0.14	0.2	0.65	0.359589	0.00562082	0.349477	0.00560768	0.97188	0.00793975
0.14	0.2	0.7	0.266714	0.00651159	0.274076	0.00632009	1.0276	0.00907438
0.14	0.2	0.75	0.157156	0.00600536	0.171252	0.00566347	1.08969	0.00825465
0.14	0.2	0.85	0.0311663	0.0109507	0.0358958	0.0100398	1.15175	0.0148565
0.14	0.3	0	0.604872	0.00344463	0.626065	0.00339244	1.03504	0.00483468
0.14	0.3	0.2	2.54744	0.00244747	2.57654	0.00243737	1.01142	0.00345412
0.14	0.3	0.25	2.46302	0.0024844	2.55465	0.00244661	1.0372	0.00348685
0.14	0.3	0.3	1.85501	0.00282374	1.9472	0.00276444	1.0497	0.00395166
0.14	0.3	0.35	1.43522	0.00317926	1.47365	0.00314331	1.02678	0.0044708
0.14	0.3	0.4	1.10956	0.00358828	1.13627	0.00355149	1.02408	0.00504865
0.14	0.3	0.45	0.832471	0.00411535	0.876518	0.00401876	1.05291	0.00575209
0.14	0.3	0.5	0.60628	0.00479606	0.636888	0.00468747	1.05048	0.00670631
0.14	0.3	0.55	0.400352	0.00587245	0.429429	0.00567982	1.07263	0.00816983
0.14	0.3	0.6	0.253885	0.0073478	0.278501	0.00702684	1.09696	0.0101669
0.14	0.3	0.65	0.167406	0.00902943	0.168804	0.00900133	1.00835	0.0127497
0.14	0.3	0.7	0.0788846	0.0131249	0.0882811	0.0124222	1.11912	0.0180713
0.14	0.3	0.75	0.0200054	0.0184112	0.0217346	0.017683	1.08644	0.0255277
0.14	0.3	0.85	0	0	0	0	0	0
0.14	0.5	0	3.93535	0.0023078	4.13243	0.00230802	1.05008	0.00326388
0.14	0.5	0.2	3.42504	0.00320729	3.48767	0.00325013	1.01829	0.00456618
0.14	0.5	0.25	2.45198	0.00371107	2.51806	0.00374856	1.02695	0.00527482
0.14	0.5	0.3	1.82296	0.00424325	1.93578	0.00422209	1.06189	0.00598592
0.14	0.5	0.35	1.14635	0.00526731	1.24889	0.00517718	1.08944	0.00738565
0.14	0.5	0.4	0.553308	0.0074746	0.584964	0.00745099	1.05721	0.010554
0.14	0.5	0.45	0.136116	0.0149164	0.138295	0.0151648	1.01601	0.0212713
0.14	0.5	0.5	0	0	0	0	0	0
0.14	0.5	0.55	0	0	0	0	0	0
0.14	0.5	0.6	0	0	0	0	0	0
0.14	0.5	0.65	0	0	0	0	0	0
0.14	0.5	0.7	0	0	0	0	0	0
0.14	0.5	0.75	0	0	0	0	0	0
0.14	0.5	0.85	0	0	0	0	0	0
0.14	0.7	0	6.42	0.00249254	7.20757	0.00251651	1.12267	0.00354198
0.14	0.7	0.2	3.06029	0.00427833	3.54015	0.00428072	1.1568	0.00605217
0.14	0.7	0.25	2.10794	0.00504742	2.35855	0.00512719	1.11889	0.00719475
0.14	0.7	0.3	0.685933	0.00855895	0.777066	0.00865134	1.13286	0.0121697
0.14	0.7	0.35	0	0	0	0	0	0
0.14	0.7	0.4	0	0	0	0	0	0
0.14	0.7	0.45	0	0	0	0	0	0
0.14	0.7	0.5	0	0	0	0	0	0
0.14	0.7	0.55	0	0	0	0	0	0
0.14	0.7	0.6	0	0	0	0	0	0
0.14	0.7	0.65	0	0	0	0	0	0
0.14	0.7	0.7	0	0	0	0	0	0
0.14	0.7	0.75	0	0	0	0	0	0
0.14	0.7	0.85	0	0	0	0	0	0
0.18	0.1	0	0.000262529	0.0887368	0.000474719	0.0635017	1.80826	0.109118
0.18	0.1	0.2	0	0	0	0	0	0
0.18	0.1	0.25	0	0	0	0	0	0
0.18	0.1	0.3	0	0	0	0	0	0
0.18	0.1	0.35	0	0	0	0	0	0
0.18	0.1	0.4	0	0	0	0	0	0
0.18	0.1	0.45	0	0	0	0	0	0
0.18	0.1	0.5	0.108629	0.00618593	0.108986	0.00594423	1.00329	0.00857902
0.18	0.1	0.55	0.289394	0.00380695	0.296906	0.00361952	1.02596	0.00525298
0.18	0.1	0.6	0.413386	0.00319497	0.415674	0.00306868	1.00554	0.00442996
0.18	0.1	0.65	0.46817	0.00300625	0.487104	0.0028401	1.04044	0.00413566
0.18	0.1	0.7	0.4574	0.00304063	0.460673	0.00291841	1.00716	0.00421457
0.18	0.1	0.75	0.317643	0.00259124	0.335983	0.00242982	1.05774	0.00355225
0.18	0.1	0.85	0.100965	0.00372236	0.109587	0.00344261	1.0854	0.00507026
0.18	0.15	0	0.00283794	0.0332642	0.00211576	0.037272	0.745527	0.0499571
0.18	0.15	0.2	0	0	0	0	0	0
0.18	0.15	0.25	0	0	0	0	0	0
0.18	0.15	0.3	0	0	0	0	0	0
0.18	0.15	0.35	0.0707037	0.00944013	0.0713835	0.00909096	1.00961	0.0131058
0.18	0.15	0.4	0.496144	0.00360122	0.488254	0.00351439	0.984096	0.00503187
0.18	0.15	0.45	0.805731	0.00284717	0.81216	0.00274779	1.00798	0.00395686
0.18	0.15	0.5	0.834801	0.00279912	0.834163	0.00271283	0.999236	0.00389801
0.18	0.15	0.55	0.682814	0.00308369	0.713583	0.00292404	1.04506	0.00424961
0.18	0.15	0.6	0.582626	0.00333022	0.596598	0.00318826	1.02398	0.00461035
0.18	0.15	0.65	0.485772	0.00363854	0.483717	0.00353042	0.995769	0.0050698
0.18	0.15	0.7	0.386124	0.00407119	0.392222	0.00391128	1.01579	0.0056456
0.18	0.15	0.75	0.237326	0.00367992	0.257283	0.0034257	1.08409	0.00502765
0.18	0.15	0.85	0.0617902	0.00584677	0.0671442	0.00543052	1.08665	0.00797968
0.18	0.2	0	0.00920685	0.0183826	0.00966804	0.0174511	1.05009	0.0253468
0.18	0.2	0.2	0	0	0.000117652	0.223607	0	0
0.18	0.2	0.25	0.467908	0.00368739	0.484602	0.00352843	1.03568	0.0051036
0.18	0.2	0.3	1.1622	0.00237905	1.14392	0.00233523	0.984272	0.00333364
0.18	0.2	0.35	1.46028	0.00213728	1.45438	0.002087	0.995955	0.00298723
0.18	0.2	0.4	1.21493	0.00232975	1.22874	0.00225795	1.01137	0.00324439
0.18	0.2	0.45	0.966123	0.0025972	0.972992	0.00252125	1.00711	0.00361969
0.18	0.2	0.5	0.769813	0.00289592	0.784614	0.00279433	1.01923	0.00402425
0.18	0.2	0.55	0.626197	0.00319976	0.642455	0.00307689	1.02596	0.00443911
0.18	0.2	0.6	0.483618	0.0036284	0.511627	0.00343637	1.05792	0.00499739
0.18	0.2	0.65	0.396168	0.00400035	0.41464	0.00380763	1.04663	0.00552275
0.18	0.2	0.7	0.317925	0.00445697	0.324625	0.00429325	1.02107	0.00618843
0.18	0.2	0.75	0.193969	0.00404175	0.204461	0.00383359	1.05409	0.00557065
0.18	0.2	0.85	0.0389328	0.00731685	0.0430998	0.00676807	1.10703	0.0099671
0.18	0.3	0	0.613181	0.00255853	0.608109	0.00253148	0.991729	0.00359924
0.18	0.3	0.2	2.54134	0.00183156	2.55615	0.00180205	1.00583	0.00256943
0.18	0.3	0.25	2.54248	0.0018312	2.56513	0.00179926	1.00891	0.00256722
0.18	0.3	0.3	1.87528	0.00210042	1.94989	0.00203456	1.03979	0.00292425
0.18	0.3	0.35	1.47293	0.00234811	1.51342	0.00228566	1.02749	0.00327686
0.18	0.3	0.4	1.15524	0.00263169	1.19606	0.00255148	1.03533	0.00366549
0.18	0.3	0.45	0.911984	0.00294487	0.930081	0.00287464	1.01984	0.00411532
0.18	0.3	0.5	0.658777	0.00344386	0.691835	0.00331347	1.05018	0.00477904
0.18	0.3	0.55	0.445554	0.00416593	0.472576	0.00398716	1.06065	0.00576649
0.18	0.3	0.6	0.279016	0.0052429	0.299134	0.00498957	1.0721	0.00723767
0.18	0.3	0.65	0.182506	0.00646713	0.186153	0.00630684	1.01998	0.00903327
0.18	0.3	0.7	0.100723	0.00868768	0.107033	0.00830057	1.06265	0.0120156
0.18	0.3	0.75	0.0230628	0.0128205	0.0253465	0.0120438	1.09902	0.0175904
0.18	0.3	0.85	0	0	0	0	0	0
0.18	0.5	0	3.92256	0.00172275	4.00917	0.00172896	1.02208	0.00244073
0.18	0.5	0.2	3.44704	0.00238489	3.55749	0.0023852	1.03204	0.00337296
0.18	0.5	0.25	2.46451	0.00276077	2.60891	0.00273014	1.05859	0.00388272
0.18	0.5	0.3	1.86919	0.00312778	1.931	0.0031268	1.03307	0.00442266
0.18	0.5	0.35	1.23231	0.00379564	1.28995	0.00377094	1.04677	0.00535041
0.18	0.5	0.4	0.557558	0.00555249	0.640392	0.00527214	1.14857	0.00765674
0.18	0.5	0.45	0.158671	0.0103069	0.161613	0.010376	1.01854	0.0146251
0.18	0.5	0.5	0	0	0	0	0	0
0.18	0.5	0.55	0	0	0	0	0	0
0.18	0.5	0.6	0	0	0	0	0	0
0.18	0.5	0.65	0	0	0	0	0	0
0.18	0.5	0.7	0	0	0	0	0	0
0.18	0.5	0.75	0	0	0	0	0	0
0.18	0.5	0.85	0	0	0	0	0	0
0.18	0.7	0	6.19853	0.00201376	7.09132	0.00201666	1.14403	0.00284994
0.18	0.7	0.2	3.13805	0.00338257	3.54299	0.0034088	1.12904	0.00480226
0.18	0.7	0.25	2.15069	0.00399777	2.48772	0.00398632	1.15671	0.00564561
0.18	0.7	0.3	0.765892	0.00648642	0.901237	0.00641344	1.17672	0.00912173
0.18	0.7	0.35	0	0	0	0	0	0
0.18	0.7	0.4	0	0	0	0	0	0
0.18	0.7	0.45	0	0	0	0	0	0
0.18	0.7	0.5	0	0	0	0	0	0
0.18	0.7	0.55	0	0	0	0	0	0
0.18	0.7	0.6	0	0	0	0	0	0
0.18	0.7	0.65	0	0	0	0	0	0
0.18	0.7	0.7	0	0	0	0	0	0
0.18	0.7	0.75	0	0	0	0	0	0
0.18	0.7	0.85	0	0	0	0	0	0
