0 1 0.977275 0.00394065 0.0584487 0.00014735 0.651697 0.0203769 0.0225511 0.343724 0.920886 0.977321 0.0166339 0.0912207 0.000195228 0.641046 0.00477794 0.0224274 0.34232 0.902733
1 1 0.977775 5.40576e-05 0.0300695 6.80361e-05 0.900974 0.0183925 0.0221045 0.0975572 0.951373 0.978782 0.00823043 0.0235121 0.000172698 0.912219 0.0203392 0.0209776 0.0794733 0.955825
2 1 0.978399 6.02331e-06 0.0282818 0.000703808 0.961629 0.0171543 0.0208 0.0374506 0.954118 0.977524 2.15933e-05 0.022676 0.000424479 0.959272 0.0121568 0.0220066 0.0388872 0.965167
3 1 0.979404 0.000306166 0.0312924 0.00119181 0.969341 0.0219361 0.0193297 0.029486 0.946186 0.980375 1.8576e-08 0.00604893 0.000595522 0.969104 0.0191351 0.0189267 0.0302762 0.974197
4 1 0.978434 0.00871954 0.0385683 0.00243326 0.960345 0.0273011 0.0188791 0.0309356 0.932347 0.978068 0.0217151 0.0280238 0.00208573 0.948412 0.0282186 0.0196365 0.0298733 0.941977
5 1 0.983192 0.00660745 0.0342093 0.000609987 0.965213 0.0211399 0.016088 0.0275801 0.943833 0.982462 1.59511e-05 0.00999473 0.000267692 0.967165 0.0286082 0.017014 0.0323929 0.960375
6 1 0.98245 0.00662535 0.00641504 0.00132122 0.964142 0.0136388 0.0157056 0.0292322 0.978934 0.982086 8.8381e-08 9.64165e-12 0.000701656 0.971926 0.0305912 0.0170004 0.0269761 0.96688
7 1 0.988508 0.00140646 6.34332e-05 0.00111985 0.979863 0.00183231 0.00479235 0.0154111 0.985838 0.988031 0.00301975 0.000210398 0.000897298 0.995448 0.0129983 0.00517291 1.52121e-05 0.97392
8 1 0.983923 0.000828361 0.0184776 0.0013675 0.982444 0.0174037 3.7687e-09 5.17578e-06 0.952982 0.981455 0.0234663 0.0329177 0.00106329 0.966476 0.00513248 0.00392626 0.00780935 0.939136
9 1 0.960103 0.00204682 1.02966e-08 0.015966 0.970678 0.00525285 0.0035158 0.0119945 0.982666 0.959123 0.00314808 0.0876566 0.00899846 0.953489 0.0140901 0.0117825 0.0196768 0.870651
10 1 0.881124 0.00670615 0.0269642 0.0374731 0.886927 0.000862659 0.0177091 0.0473943 0.964118 0.889567 0.00212116 4.82622e-08 0.032082 0.973241 0.0353716 0.0100812 0.00168299 0.957635
11 1 0.742292 0.0401739 8.91397e-07 0.0974086 0.829417 0.0142797 0.00671765 0.0409719 0.974814 0.790468 0.0747903 4.09335e-08 0.0607653 0.867006 0.00811132 0.0149526 1.9848e-09 0.988371
12 1 0.540964 0.0725157 0.124425 0.162643 0.927484 0.0575112 7.64665e-13 1.80744e-15 0.773576 0.656142 2.31627e-13 0.0128917 0.0861857 0.79437 0.144847 0.00487726 0.20563 0.842261
13 1 0.459496 0 0.0762274 0.0676168 0.999999 0.00294849 2.44041e-08 0 0.913643 0.265504 9.42574e-13 0.146257 0.325543 0.147659 0.0586966 4.78457e-07 1.64492e-05 0.684699
