0 0 0.00074613 0.013341 0.0127514 -4.72752e-08 -4.92022e-07 -1.29734e-09 0.00021933 0.0120453 0.00324104 -6.81666e-05 -7.6922e-05 -0.000109817 0.000696552 0.0136652 0.0138871 -7.973e-06 -0.000168475 -3.14379e-06 0.000740883 0.00580548 0.0215102 -3.67885e-08 -4.86994e-07 -1.17153e-09 0.000193848 0.0118773 0.00526325 -2.74146e-05 -0.000129122 -6.289e-06 0.000692877 0.0116366 0.0233608 -1.8778e-05 -0.000481529 -1.0006e-05
0 1 0.000701199 0.0183126 0.00940616 -6.15643e-08 -4.18894e-07 -2.36882e-09 0.000251457 0.0150345 0.00384901 -0.000182381 -1.29332e-05 -0.000152708 0.000643476 0.0128697 0.0101877 -1.15155e-05 -8.73536e-05 -3.90057e-06 0.00064693 0.00632673 0.0174143 -5.30671e-08 -3.54083e-07 -1.7316e-09 0.0002328 0.00991068 0.00540393 -4.91456e-05 -4.90723e-05 9.11741e-06 0.000591034 0.00632111 0.0186276 -1.9938e-05 -0.000303018 -1.01899e-05
1 0 0.000794722 0.0136216 0.00921391 -1.05448e-07 -4.73578e-07 -2.63427e-09 0.000327568 0.0134316 0.0028567 -0.000133449 -4.84003e-05 -5.20762e-05 0.000685494 0.0100249 0.00971562 -6.66913e-06 -8.51021e-05 -1.64549e-06 0.000729404 0.0109687 0.016335 -8.61124e-08 -4.33846e-07 -2.35805e-09 0.000296057 0.0120755 0.00489773 -8.28853e-05 -6.22854e-05 -3.72634e-05 0.000655349 0.00999049 0.0170504 -1.90228e-05 -0.000265728 -5.18932e-06
1 1 0.000828139 0.00233029 0.00758307 -7.56202e-12 -6.66948e-07 -1.20455e-11 2.55306e-07 0.00512659 0.00341885 -4.18809e-06 -2.15807e-05 -1.21584e-06 0.000810109 0.00477785 0.00836082 -9.45496e-06 -5.62551e-05 -2.65509e-06 0.0007619 0.011173 0.0135542 -1.43239e-07 -4.20936e-07 -4.08886e-09 0.000381887 0.0115889 0.00564411 -0.000112555 -3.11468e-05 -1.22177e-05 0.00064629 0.00658798 0.0143028 -2.36648e-05 -0.000176981 -8.60143e-06
2 0 0.000781955 0.0320411 0.00768584 -1.57068e-07 -4.3661e-07 -4.10418e-09 0.000399881 0.0261747 0.00273785 -0.000898824 5.89107e-05 -0.000127256 0.000659909 0.00826566 0.00825283 -6.18947e-06 -5.91493e-05 -1.44768e-06 0.000750863 0.0135138 0.0134864 -1.61075e-07 -3.93057e-07 -3.64976e-09 0.000404316 0.0131043 0.00437329 -0.000151629 -2.60736e-05 -3.06928e-05 0.000625823 0.00753636 0.0140935 -1.414e-05 -0.00017931 -5.23867e-06
2 1 0.00114874 0.00516321 0.00664905 -4.35455e-07 -8.51064e-07 -1.42962e-08 0.000667307 0.00743866 0.00311127 -2.57638e-05 -4.04707e-05 -8.8289e-07 0.000923212 0.00643366 0.00718476 -7.76043e-06 -4.2731e-05 -2.09274e-06 0.000764219 0.00253787 0.0121271 -7.23288e-11 -5.65765e-07 -3.5814e-11 1.4456e-06 0.00567326 0.00489374 -6.34027e-06 -2.88502e-05 -9.73861e-08 0.000745133 0.0053853 0.0127042 -1.74171e-05 -0.00014178 -6.81863e-06
3 0 0.00065174 0.00466733 0.00478207 -1.28241e-07 -2.87963e-07 -3.20246e-09 0.00036101 0.00515663 0.00191712 -2.04308e-05 -1.08828e-05 -1.32953e-06 0.000536711 0.0034967 0.00516219 -3.01089e-06 -2.26675e-05 -7.67382e-07 0.000619365 1.43115e-06 0.00783773 -1.12914e-07 -2.62894e-07 -2.63929e-09 0.000338273 0.00349705 0.00278548 3.7705e-10 -1.20491e-05 -3.79397e-10 0.000512029 0.00347387 0.00831133 -5.56745e-06 -6.0787e-05 -2.37538e-06
3 1 0.00107403 0.0114642 0.00458205 -4.38429e-07 -6.92299e-07 -1.46957e-08 0.000670039 0.00784069 0.00237741 -0.000130695 -1.88033e-05 -7.20063e-07 0.000835238 0.00442065 0.00510232 -4.80587e-06 -2.04054e-05 -9.76766e-07 0.000962749 0.00311837 0.00920593 -3.46162e-07 -5.5589e-07 -9.58782e-09 0.000593795 0.00436082 0.00375758 -9.43908e-06 -1.27837e-05 -2.80713e-07 0.000746563 0.00361585 0.00943201 -8.61784e-06 -7.95177e-05 -5.63326e-06
4 0 0.000796791 0.00341826 0.00433692 -2.75338e-07 -3.48591e-07 -6.42429e-09 0.00052912 0.00406162 0.00211105 -1.10295e-05 -5.88566e-06 -6.45999e-07 0.000593237 0.00255668 0.00485026 -3.71009e-06 -1.85684e-05 -9.13273e-07 0.000741171 2.02414e-05 0.00762296 -2.47899e-07 -2.92614e-07 -4.87065e-09 0.000501247 0.000411776 0.00320995 -4.14938e-10 -1.68881e-07 4.58165e-12 0.000543002 0.00041094 0.00817005 -7.71487e-06 -5.65641e-05 -2.87106e-06
4 1 0.00156314 0.0076415 0.00454624 -1.0183e-06 -1.36698e-06 -3.60261e-08 0.00102178 0.00870132 0.00239874 -5.55159e-05 -2.01971e-05 -2.8765e-06 0.00117678 0.0048035 0.0051731 -4.96429e-06 -2.03003e-05 -1.02717e-06 0.00136301 0.00795292 0.00841194 -7.78654e-07 -1.03057e-06 -2.26434e-08 0.00089032 0.00860356 0.00392067 -6.04127e-05 -1.35901e-05 -2.83469e-06 0.00101823 0.0040528 0.00903238 -1.1469e-05 -6.76456e-05 -4.28005e-06
5 0 0.000895697 0.00171106 0.00479867 -3.78296e-07 -4.13328e-07 -7.87803e-09 0.00061999 0.00266456 0.00215453 -2.83374e-06 -4.75801e-06 -9.0931e-08 0.000647172 0.0022037 0.00598559 -5.6275e-06 -2.65128e-05 7.47097e-07 0.000845313 0.000724086 0.00782413 -3.48258e-07 -3.53876e-07 -6.47802e-09 0.000593991 0.00235499 0.00325626 -5.08573e-07 -4.91609e-06 -1.42816e-08 0.000597948 0.00222381 0.00827201 -7.08869e-06 -5.86724e-05 -3.82501e-06
5 1 0.00221685 0.0107089 0.00562169 -2.06917e-06 -2.76505e-06 -7.62436e-08 0.00145897 0.0111213 0.00292267 -0.000109215 -2.551e-05 -5.37723e-06 0.00167757 0.00555952 0.0066496 -7.93884e-06 -3.24017e-05 -1.13594e-06 0.00145592 0.0095993 0.00928164 -9.89011e-11 -2.05284e-06 -1.73683e-10 2.05834e-06 0.0083594 0.00468235 -9.02485e-05 -2.25149e-05 -1.87747e-06 0.00142455 0.00494025 0.0100606 -1.72146e-05 -8.19942e-05 -5.0959e-06
6 0 0.000913307 0.000380293 0.00464387 -4.13923e-07 -4.09581e-07 -8.32801e-09 0.000648557 0.00183301 0.00200297 -1.40825e-07 -3.11408e-06 -3.57312e-09 0.000644954 0.00176721 0.00556409 -5.01044e-06 -2.39268e-05 8.59089e-07 0.000815194 0.000339479 0.00810955 -3.51903e-07 -3.03562e-07 -5.66839e-09 0.00059683 0.00169802 0.00318932 -1.12036e-07 -2.69348e-06 -3.08459e-09 0.000554775 0.0016431 0.00836021 -6.42374e-06 -6.23168e-05 -3.86663e-06
6 1 0.00277558 0.00694891 0.00690756 -3.35689e-06 -4.18238e-06 -1.21636e-07 0.00185795 0.00915512 0.0032436 -4.59421e-05 -3.87671e-05 -2.34519e-06 0.00206464 0.00641188 0.00741808 -8.52132e-06 -4.58605e-05 -2.08933e-06 0.00245575 0.00206898 7.11141e-07 -2.72213e-06 -3.18344e-06 -8.11594e-08 0.00166841 0.00525668 0.00542124 -4.26841e-06 -2.57906e-05 -1.19121e-08 0.00179689 0.00508233 0.0056264 -2.98772e-05 2.28556e-10 -1.61286e-10
7 0 0.000890372 0.00165444 0.00529036 1.04241e-10 -6.59389e-07 -1.59299e-10 1.89827e-06 0.00292437 0.00222348 -2.81473e-06 -5.36344e-06 6.30977e-08 0.000813648 0.00231151 0.00578704 -3.98701e-06 -2.67883e-05 -9.38852e-07 0.00101783 0.000397206 0.00886763 -5.77702e-07 -3.49786e-07 -6.58667e-09 0.000764467 0.00194336 0.0033097 -1.55486e-07 -2.7543e-06 -1.6509e-09 0.000596988 0.00166684 0.0093164 -7.64199e-06 -7.45457e-05 -3.28777e-06
7 1 0.00508483 0.0169707 0.0111008 -1.19532e-05 -1.17324e-05 -3.8928e-07 0.00351685 0.0183367 0.0046775 -0.000280129 -4.98348e-05 -6.79199e-06 0.00348725 0.00753853 0.011973 -1.78607e-05 -0.000117811 -3.78359e-06 0.00422946 6.97606e-05 0.0156216 -9.2945e-06 -6.6304e-06 -1.77774e-07 0.00308242 0.00050458 0.00721198 -5.15381e-09 -1.51421e-07 8.60307e-11 0.00261006 0.000388918 0.01696 -4.27971e-05 -0.000233216 -9.14225e-06
8 0 0.00186859 0.000680119 0.00885611 -1.44314e-06 -1.43153e-06 -3.24704e-08 0.00121834 0.00265223 0.00323028 -4.56865e-07 -3.99961e-06 -3.122e-09 0.00121626 0.00201272 0.00935285 -7.19538e-06 -7.43622e-05 -3.25546e-06 0.00158071 0.00066373 0.0118731 -1.253e-06 -7.19453e-07 -1.40351e-08 0.00112838 0.00249487 0.00465325 -4.35834e-07 -3.10434e-06 -2.1199e-09 0.00085943 0.00177307 0.0126324 -1.58557e-05 -0.000134631 -5.78191e-06
8 1 0.00618498 5.32072e-05 0.0182877 -2.79852e-05 6.53959e-11 -4.69932e-11 0.00531508 0.00964004 0.00804019 4.02353e-09 -2.16249e-09 7.50583e-10 4.76185e-06 2.71696e-05 0.0182148 -2.77351e-05 -0.000284489 -3.78573e-05 0.00671134 0.026247 0.0267252 -2.38803e-05 -1.17939e-05 -3.55052e-07 0.00493808 0.0274411 0.0126429 -0.00067942 -7.43303e-05 -8.76502e-06 0.00349438 0.0091174 0.0293684 -0.000123543 -0.000671825 -3.44182e-05
9 0 0.00192565 0.000233964 0.00817908 -1.47852e-06 -1.16259e-06 -2.92668e-08 0.00123395 0.00294987 0.00283385 -9.55853e-09 -3.25787e-06 -1.58497e-08 0.00110008 0.00182855 0.00855694 -5.82803e-06 -6.38964e-05 -2.14999e-06 0.00170251 0.000325346 0.0123669 -1.30536e-06 -6.72374e-07 -1.60203e-08 0.00115342 0.00227488 0.0043856 -1.04533e-07 -2.17452e-06 -4.91925e-10 0.00083448 0.00148636 0.012742 -1.17534e-05 -0.000143852 -7.46719e-06
9 1 0.0101542 0.000131259 2.1089e-05 -4.98954e-05 -3.00588e-05 -1.51256e-06 0.00718336 0.0141671 0.00992729 -1.67184e-07 -0.000133409 -4.27875e-08 0.00563989 0.011524 0.0112972 -9.69487e-05 2.39159e-09 -1.70034e-09 0.00889604 0.000196474 0.0278542 -3.78637e-05 -1.99099e-05 -8.28515e-07 0.00622106 0.0189987 0.0133566 1.11336e-07 -0.000176041 -9.05604e-08 0.00453367 0.0134686 0.0311631 -0.000125295 -0.000727443 -5.47806e-05
10 0 0.0026265 0.000632129 5.01523e-05 -1.84796e-06 -1.02447e-06 -4.07341e-08 0.00139167 0.00328011 0.00290859 -3.9044e-07 -2.9793e-06 -2.0806e-09 0.00105442 0.00176623 0.00381952 -8.25651e-06 1.54045e-08 -7.9832e-09 0.00233665 0.000582383 0.012376 -1.50896e-06 -6.04749e-07 -2.09184e-08 0.00125032 0.00287396 0.00420179 -3.32787e-07 -2.41426e-06 -1.73184e-09 0.000808106 0.00157628 0.0127432 -1.13217e-05 -0.000142711 -6.0037e-06
10 1 0.0150618 0.0313385 0.0263457 -8.85387e-05 -4.57212e-05 -3.73011e-06 0.00964653 0.0455723 0.0132134 -0.00102539 -0.000379519 3.90607e-05 0.00705364 0.0176446 0.0286494 -0.000127387 -0.000637279 -4.47894e-05 0.0157647 0.000174942 7.74581e-05 -8.71934e-05 -3.55457e-05 -2.41053e-06 0.00955383 0.0156158 0.028173 -3.2422e-07 -0.000330601 2.81993e-07 0.00620914 0.0180325 0.0310052 -0.000786669 1.18162e-07 -9.58068e-08
11 0 0.00568467 0.00160344 0.000138042 -5.19119e-06 -2.25964e-06 4.82613e-08 0.00233545 0.00567637 0.00423928 -2.51039e-06 -3.39892e-06 -5.27867e-09 0.00122561 0.0019151 0.00665883 -1.77701e-05 2.73748e-07 -9.61236e-08 0.00510252 0.00189077 2.74243e-06 -4.35363e-06 -1.07981e-06 -6.92856e-08 0.00214493 0.00506781 0.00569938 -3.51221e-06 -3.64136e-06 4.44318e-09 0.00112664 0.00186738 0.00851575 -3.03351e-05 5.8657e-09 -3.13327e-09
11 1 0.0447656 0.0433007 0.000499479 -0.000582023 -0.000175652 -2.95498e-05 0.0252956 0.0944564 0.0310245 -0.00159172 -0.00505206 -0.000175835 0.0151171 0.0753358 0.0392566 -0.000896612 1.83347e-07 -2.36816e-07 0.0384619 0.0757954 0.000115551 -0.000442874 -7.34402e-05 -9.40156e-06 0.0219591 0.0857 0.0408729 -0.00540404 -0.000260755 -6.97349e-07 0.00918208 0.0161797 0.0667408 -0.00141891 1.05992e-07 -3.87832e-08
12 0 0.00936278 0.00697311 0.00951647 -9.12792e-06 -2.92749e-06 -2.82001e-07 0.00336103 0.0130629 0.00518078 -5.44787e-05 -6.79094e-06 -9.81939e-08 0.00203081 0.0024867 0.0122744 -2.11267e-05 -7.90433e-05 -3.71105e-06 0.00908312 0.00323225 0.0142796 -8.94837e-06 8.25145e-09 -6.65165e-10 0.00323926 0.0122907 0.00676243 -1.04475e-05 -3.35497e-06 1.97746e-11 6.37206e-06 0.00178417 0.0174405 -3.35237e-05 -0.000172132 -8.39336e-06
12 1 0.0655486 0.0964992 0.0621757 -0.00100165 5.33767e-12 -1.09488e-12 0.0332779 0.0898952 0.0448604 -0.00931291 -0.00139391 4.12414e-07 1.23495e-07 0.0373236 0.0902388 -0.00145187 -0.00329151 -0.000488985 0.0666891 0.128324 0.00816618 -0.000919574 -0.000122241 -1.73534e-05 0.0323773 0.235873 0.0139279 -0.0164767 -0.0449913 4.23738e-06 0.0127906 0.212092 0.0277706 -0.000383736 -0.000221287 0.000107098
13 0 0.0136145 0.00212282 0.0117933 -1.41943e-05 -3.72537e-06 -4.79624e-07 0.00444039 0.0206436 0.00750234 -3.97171e-06 -2.7384e-05 -3.04792e-08 0.0025953 0.00615311 0.0169854 -4.33417e-05 -0.000114324 -6.70319e-06 0.01351 0.0109014 0.0158672 -1.30176e-05 -2.96793e-06 -3.4811e-07 0.00422406 0.0203035 0.00840236 -9.01702e-05 -1.87132e-05 -1.51645e-06 0.0023094 0.00509399 0.0211131 -4.86667e-05 -0.000197231 -1.18105e-05
13 1 0.124438 0 0.153177 -0.0020732 2.40237e-08 2.91621e-09 0.0611368 0 0.157209 0 0 0 4.29372e-05 0 0.229665 -0.0202959 -0.0162247 -0.00360187 0.182533 0.541788 0.15318 -0.00658943 1.63554e-08 -4.157e-08 0.0901716 0.277111 0.198061 -0.293535 -6.09817e-10 5.55607e-16 0.000293015 2.20125e-05 0.344183 -0.0339914 -0.0390123 -0.000965084
