0 0.1561 1.327e-08 0.313 0.5309 0.1008 0.01043 0.4192 0.4696 0.04448 0.02063 0.4969 0.4379
1 0.1651 0.008202 0.262 0.5647 0.08657 0.02173 0.4047 0.487 0.04095 0.02862 0.5133 0.4172
2 0.1528 0.02149 0.2577 0.568 0.1024 0.02019 0.4224 0.4551 0.04447 0.04025 0.5469 0.3683
3 0.1786 0.03411 0.2749 0.5124 0.09835 0.03109 0.4251 0.4454 0.05855 0.03416 0.5517 0.3556
4 0.1526 0.05443 0.2603 0.5327 0.1084 0.04589 0.4081 0.4377 0.04741 0.04049 0.5462 0.3659
5 0.1799 0.04665 0.2742 0.4992 0.1012 0.05035 0.4058 0.4426 0.04922 0.04535 0.5352 0.3702
6 0.1521 0.0253 0.5298 0.2929 0.08536 0.03776 0.6923 0.1846 0.03745 0.02629 0.8083 0.128
7 0.1515 0.01987 0.7252 0.1035 0.05475 0.02458 0.8757 0.04501 0.02183 0.01031 0.9397 0.02813
8 0.05729 0.01102 0.8807 0.05096 0.0433 0.01645 0.9138 0.02649 0.001141 0.01108 0.9647 0.02308
9 0.07049 0.005664 0.8872 0.03661 0.02881 0.01072 0.9383 0.02213 0.04823 0.008642 0.9324 0.01074
10 0.05986 0.00485 0.9169 0.01835 0.00922 0.008047 0.9653 0.01738 0.0003235 0.0005064 0.9757 0.02347
11 0.01721 0.01492 0.9132 0.05464 0.00664 0.008657 0.9601 0.02462 3.036e-11 8.871e-12 0.9637 0.03635
12 0.04273 0.0162 0.8393 0.1018 0.00795 0.009846 0.9498 0.03238 0.08031 0.0129 0.9068 4.433e-07
