0 0.1279 7.925e-10 0.2873 0.5848 0.09055 0.0135 0.4054 0.4905 0.04783 0.02467 0.477 0.4505
1 0.1319 0.01042 0.2796 0.5781 0.1017 0.01701 0.4073 0.474 0.05266 0.03446 0.4936 0.4192
2 0.162 0.01334 0.3189 0.5058 0.08849 0.02669 0.4302 0.4546 0.04807 0.03859 0.5246 0.3888
3 0.1444 0.02921 0.2806 0.5459 0.106 0.03043 0.4315 0.432 0.05255 0.03761 0.5426 0.3672
4 0.1159 0.03834 0.3037 0.5421 0.104 0.05342 0.4019 0.4407 0.05422 0.04561 0.5348 0.3653
5 0.16 0.05136 0.2709 0.5176 0.1012 0.05023 0.4161 0.4324 0.05721 0.04025 0.5298 0.3727
6 0.1209 0.04112 0.5389 0.2991 0.08254 0.03723 0.7049 0.1753 0.04189 0.02617 0.8065 0.1254
7 0.1068 0.02065 0.8034 0.06914 0.05146 0.02266 0.8837 0.04221 0.02187 0.009711 0.9459 0.02252
8 0.1087 0.01711 0.8331 0.04113 0.03606 0.01449 0.9266 0.02288 0.02047 0.00356 0.9585 0.01749
9 0.05383 0.0128 0.8907 0.04263 0.02472 0.0107 0.9428 0.02183 0.01478 0.00475 0.9633 0.01719
10 0.03701 0.0136 0.921 0.02841 0.01318 0.00814 0.9597 0.01898 0.01694 0.001957 0.9612 0.01988
11 0.02415 0.01826 0.9037 0.05387 0.002908 0.007828 0.9678 0.02143 0.002689 2.938e-08 0.9863 0.01101
12 0.02183 0.02278 0.8425 0.1129 0.003108 0.00912 0.9583 0.02944 0.02332 0.001342 0.9714 0.003921
