0 0.9377 0.0004351 0.002136 0.05974 0.9741 0.0002493 0.003875 0.02179 0.9649 0.0007742 0.007531 0.0268
1 0.9364 0.0003691 0.00347 0.0598 0.9779 0.0002352 0.003428 0.01845 0.9671 0.0012 0.007 0.02468
2 0.9419 0.0009276 0.002926 0.05425 0.9792 0.0006467 0.00378 0.01634 0.9674 0.002055 0.007715 0.02282
3 0.9379 0.0005726 0.004178 0.0574 0.983 0.0007554 0.003365 0.01284 0.97 0.002738 0.007582 0.0197
4 0.9432 0.001638 0.004939 0.05024 0.9841 0.001172 0.003615 0.01116 0.9687 0.003244 0.008952 0.01909
5 0.9461 0.002054 0.006619 0.04524 0.9855 0.00124 0.003 0.0103 0.971 0.003334 0.008251 0.01745
6 0.955 0.002079 0.008733 0.03422 0.9877 0.000812 0.003952 0.007525 0.9717 0.002454 0.01303 0.01281
7 0.9561 0.002815 0.006823 0.03428 0.9869 0.0008455 0.003738 0.008473 0.9739 0.002758 0.01026 0.01305
8 0.9624 0.002625 0.00656 0.02846 0.9836 0.002301 0.003363 0.01078 0.9761 0.002099 0.009879 0.01196
9 0.9466 0.004713 0.008341 0.04032 0.9665 0.005898 0.002784 0.02484 0.9561 0.006704 0.01314 0.02406
10 0.9133 0.007697 0.005444 0.07352 0.9031 0.01436 0.00248 0.08004 0.9046 0.01721 0.008475 0.06973
11 0.8412 0.0121 0.007347 0.1393 0.765 0.03096 0.002277 0.2017 0.751 0.04188 0.007763 0.1994
12 0.7439 0.01191 0.005691 0.2385 0.5729 0.04345 0.003557 0.3801 0.6273 0.1093 0.01031 0.2531
