0 0 0.97986 0.0688911 0.10607 0.000249177 0.408665 0.0102205 0.0198329 0.522444 0.883286 0.978118 0.000252148 0.144628 0.000143463 0.475443 0.00580723 0.0216174 0.524305 0.849564
1 0 0.981606 0.0129897 0.0478553 2.00069e-05 0.765769 0.00370076 0.0183225 0.221239 0.948444 0.980662 0.00872952 0.0353214 0.000119833 0.744522 0.000619439 0.0192124 0.246746 0.964059
2 0 0.98333 0.0030634 0.0449338 0.00030172 0.881394 0.0061234 0.0162862 0.115049 0.948943 0.983767 0.01149 0.038903 0.00024002 0.854265 0.00688421 0.0159651 0.132573 0.952968
3 0 0.98543 7.92836e-07 0.0462459 0.000913059 0.939038 0.0151441 0.0135279 0.0594869 0.938381 0.983852 0.00011586 0.061773 0.000850594 0.942447 0.00936687 0.0152405 0.0560521 0.928374
4 0 0.986228 0.00260985 0.0540215 0.000358685 0.966415 0.0226262 0.0133602 0.0306643 0.922555 0.986883 0.000954577 0.0480852 0.000299212 0.968345 0.0222183 0.0126608 0.0297582 0.928262
5 0 0.989941 1.44406e-07 0.0447393 9.95504e-05 0.973305 0.019983 0.00977585 0.0258384 0.933659 0.987939 4.38834e-07 0.0447688 0.000180581 0.972906 0.0280666 0.0116144 0.0229778 0.924053
6 0 0.991179 8.42474e-09 0.017991 0.000105385 0.983856 0.0200447 0.00855524 0.0145446 0.95966 0.991535 7.59748e-07 0.016434 0.000280363 0.982054 0.0209155 0.00795477 0.0170836 0.959743
7 0 0.994073 0.00241194 0.0139147 0.000380739 0.991275 0.0118218 0.00107456 0.0012735 0.954014 0.991873 6.58576e-06 0.0224092 0.000291325 0.978194 0.0071214 0.00401777 0.0148915 0.946231
8 0 0.989807 7.45486e-10 0.0283748 0.000478196 0.984057 0.0105825 0.000774457 0.00732172 0.935848 0.990362 4.07419e-09 0.0353164 0.000569612 0.987718 0.0079954 0.00114422 0.00326604 0.938951
9 0 0.977403 1.35386e-07 0.0186371 0.00309876 0.974099 0.00190636 0.00138547 0.00655474 0.965485 0.976551 4.26484e-11 0.0320469 0.00501781 0.982644 0.00955213 0.00135552 0.00487356 0.940186
10 0 0.90609 3.20041e-09 7.76983e-08 0.0166688 0.968704 0.00486689 0.00391786 0.000644193 0.982346 0.916208 4.54073e-11 4.29966e-05 0.0139382 0.972005 0.00147758 0.00204383 0.00616582 0.990882
11 0 0.745655 1.26164e-11 5.84428e-07 0.0367081 0.945481 0.00748636 0.000425511 0.00218004 0.973397 0.755438 2.51222e-06 0.000137037 0.0378026 0.956673 0.0103024 0.0026127 0.00364153 0.968841
12 0 0.598677 0.0103078 0.0134907 0.0511847 0.880009 0.0110667 0.00475624 0.00242033 0.95169 0.61571 8.61947e-07 0.036308 0.0515539 0.595388 0.000648284 6.7354e-08 0.00199641 0.936585
13 0 0.469449 4.74147e-05 0.0349273 0.0605889 0.738981 0.000441154 0.00187552 0.0120741 0.93423 0.483634 0.024218 0.0261404 0.0545178 0.762423 0.0111049 0.00327445 0.0100444 0.935402
