0 0.186 0.149 0.04887 0.6161 0.08971 0.321 0.02214 0.5671 0.03783 0.5025 0.03048 0.4292
1 0.1141 0.4506 0.01053 0.4248 0.05617 0.7128 0.005853 0.2252 0.001532 0.8823 0.0101 0.1061
2 0.09646 0.6397 0.008355 0.2555 0.0709 0.824 0.01086 0.09429 0.02648 0.931 0.004733 0.03782
3 0.04783 0.8176 1.889e-08 0.1346 0.02296 0.936 0.005104 0.0359 0.0243 0.9386 0.007795 0.02926
4 0.04892 0.8742 0.0003105 0.07655 1.957e-05 0.967 0.005084 0.0279 0.00678 0.9678 0.009335 0.0161
5 0.006934 0.9364 1.825e-11 0.05662 0.01809 0.954 0.007562 0.02035 4.985e-08 0.9683 0.007961 0.02371
6 0.03282 0.9193 0.004212 0.04366 0.003455 0.9738 0.009329 0.01344 0.02264 0.9423 0.01672 0.01833
7 0.03698 0.905 0.007737 0.05026 0.003787 0.9736 0.006912 0.0157 3.255e-09 0.9809 0.007933 0.01118
8 0.003434 0.9211 0.008272 0.06716 5.308e-10 0.9703 0.00987 0.01982 0.01027 0.9777 0.002026 0.01003
9 0.06538 0.849 6.539e-11 0.08564 0.006883 0.9586 0.006997 0.02748 0.01946 0.9567 0.01149 0.01234
10 0.1148 0.6693 7.281e-09 0.2159 0.003611 0.9332 0.006653 0.05654 1.413e-11 0.9638 0.001245 0.03496
11 0.1509 0.4801 1.363e-08 0.369 0.01464 0.8687 0.001354 0.1153 0.05866 0.8408 1.198e-07 0.1006
12 0.2459 0.2134 0.004456 0.5362 0.03945 0.6692 0.006257 0.2851 0.04504 0.6482 0.03094 0.2758
