0 0.09957 0.1241 0.04353 0.7328 0.07936 0.3286 0.03012 0.562 0.02529 0.5347 0.02764 0.4123
1 0.1241 0.4571 0.00326 0.4156 0.08115 0.6766 0.01081 0.2314 0.02712 0.8621 0.01563 0.09514
2 0.1224 0.5975 0.005503 0.2746 0.02119 0.8754 0.01251 0.09093 0.02583 0.9204 0.00648 0.04727
3 0.0791 0.7483 0.006488 0.1661 0.02642 0.9264 0.007775 0.03938 1.254e-08 0.9662 0.01157 0.02224
4 0.07711 0.7756 0.01343 0.1338 0.02367 0.9436 0.005096 0.02763 5.062e-09 0.9659 0.01024 0.02382
5 0.03585 0.8347 0.01343 0.116 0.02164 0.9508 0.007261 0.02033 9.755e-06 0.9561 0.01653 0.02736
6 0.04035 0.8621 0.02217 0.0754 0.004863 0.9702 0.01031 0.0146 4.647e-07 0.9737 0.013 0.01331
7 0.008864 0.88 0.022 0.08916 7.878e-07 0.9776 0.007814 0.01461 1.937e-11 0.9731 0.01154 0.0154
8 0.05245 0.8346 0.003389 0.1095 0.01761 0.9563 0.009798 0.01627 5.19e-10 0.9477 0.02916 0.02319
9 0.08798 0.7664 0.006186 0.1394 6.809e-08 0.9687 0.007098 0.02424 0.03063 0.929 0.006748 0.03365
10 0.1435 0.6275 0.007077 0.2219 0.002295 0.9407 0.006397 0.05065 0.01094 0.9245 0.01754 0.04703
11 0.206 0.4607 0.00434 0.3289 0.01951 0.8665 0.007918 0.106 0.004959 0.9422 0.007485 0.0454
12 0.3167 0.2319 0.005101 0.4464 0.02764 0.6979 0.007757 0.2667 0.2572 0.5511 0.1281 0.06362
