0 0.9605 1.143e-09 0.001129 0.03839 0.9758 0.0002114 0.004175 0.01982 0.9694 0.000637 0.006489 0.02349
1 0.9616 8.701e-06 0.00221 0.03622 0.9787 0.0001977 0.003828 0.01731 0.9692 0.001565 0.006395 0.02279
2 0.9637 0.0005038 0.001853 0.03394 0.9815 7.557e-13 0.003476 0.01506 0.9712 0.001854 0.006522 0.02042
3 0.9667 0.001325 0.002127 0.02982 0.983 0.0008922 0.003275 0.01283 0.9724 0.002712 0.006552 0.01837
4 0.9716 0.001069 0.002078 0.02522 0.9845 0.001104 0.003068 0.01129 0.9735 0.002034 0.006703 0.01781
5 0.9775 0.001562 0.001763 0.01914 0.9858 0.001053 0.002826 0.01033 0.9736 0.003542 0.007122 0.01572
6 0.9798 0.001701 0.003261 0.0152 0.9877 0.0004496 0.003895 0.007914 0.9759 0.00245 0.00973 0.01197
7 0.9757 0.001887 0.003777 0.01866 0.9866 0.0009486 0.004107 0.008384 0.9766 0.003715 0.01012 0.009544
8 0.9795 0.001914 0.005322 0.01323 0.9818 0.00258 0.003239 0.01235 0.9722 0.003354 0.00834 0.01615
9 0.9737 0.001776 0.001194 0.02335 0.9636 0.005636 0.003964 0.02682 0.9422 0.00833 0.008764 0.04068
10 0.9446 0.004153 0.000691 0.05052 0.8931 0.0152 0.002618 0.08909 0.857 0.03336 0.01604 0.09355
11 0.867 0.009948 0.001943 0.1211 0.7513 0.03388 0.001259 0.2136 0.7351 0.05233 0.000924 0.2116
12 0.7431 0.009608 0.006056 0.2413 0.5628 0.04576 0.00339 0.388 0.5434 0.07913 0.01428 0.3632
